data/china_ndvi_max_2004.asc
ncols         710
nrows         510
xllcorner     70
yllcorner     10
cellsize      0.1
NODATA_value  -9999
[rows 238 to 271 of 510, columns 231 to 307 of 710]
0.167 0.162 0.136 0.131 0.09 0.085 0.08 0.073 0.066 0.064 0.066 0.065 0.056 0.051 0.054 0.059 0.054 0.058 0.055 0.052 0.054 0.055 0.063 0.062 0.051 0.052 0.048 0.059 0.058 0.07 0.069 0.084 0.078 0.069 0.063 0.058 0.062 0.064 0.045 0.054 0.067 0.061 0.063 0.079 0.048 0.091 0.107 0.104 0.095 0.112 0.109 0.123 0.149 0.106 0.175 0.191 0.181 0.228 0.25 0.316 0.361 0.353 0.342 0.358 0.299 0.308 0.297 -0.3 -0.3 -0.3 -9999 -0.3 -0.3 0.248 0.241 0.249 0.404
0.199 0.205 0.129 0.106 0.085 0.071 0.061 0.053 0.058 0.065 0.062 0.052 -0.163 0.011 0.043 0.038 0.053 0.057 0.049 -0.108 -0.013 -0.066 0.056 0.063 0.055 0.057 0.054 0.054 0.052 0.057 0.061 0.07 0.066 0.065 0.071 0.063 0.058 0.06 0.06 0.061 0.058 0.057 0.065 0.069 0.086 0.093 0.102 0.093 0.089 0.106 0.1 0.093 0.101 0.096 0.177 0.158 0.186 0.212 0.217 0.25 0.227 0.321 0.349 0.35 0.314 0.276 0.3 0.309 -0.3 -9999 -0.3 -0.3 -0.3 -0.3 0.123 0.21 0.335
0.069 0.125 0.048 0.051 0.133 0.083 0.077 0.06 0.063 0.057 0.06 0.056 0.059 0.06 0.059 0.056 0.053 0.055 0.057 0.046 -0.101 -0.058 -0.01 0.037 0.054 0.056 0.054 0.048 -0.081 0.062 0.072 0.06 0.062 0.059 0.049 0.058 0.062 0.053 0.047 0.054 0.055 0.057 0.07 0.079 0.092 0.094 0.089 0.097 0.127 0.123 0.128 0.097 0.085 0.076 0.084 0.109 0.171 0.155 0.132 0.14 0.142 0.209 0.201 0.335 0.385 0.401 -0.3 -0.3 -9999 -0.3 -9999 -9999 -9999 -0.3 -0.3 0.073 0.131
0.052 0.057 0.054 0.05 0.062 0.071 0.12 0.069 0.059 0.06 0.058 0.052 0.052 0.055 0.061 0.052 0.073 0.055 0.066 0.054 0.058 -0.086 -0.218 -0.005 0.061 0.061 0.054 -0.038 0.023 0.067 0.072 0.062 0.053 0.061 0.059 0.05 0.05 0.049 0.046 0.049 0.05 0.057 0.063 0.07 0.083 0.088 0.085 0.092 0.106 0.116 0.098 0.103 0.079 0.067 0.099 0.089 0.111 0.136 0.106 0.11 0.113 0.136 0.177 0.196 0.333 0.359 0.38 0.343 -0.3 -0.3 -0.3 -0.3 -0.3 -9999 -0.3 -0.3 -0.3
0.059 0.058 0.054 0.05 0.055 0.044 0.06 0.091 0.082 0.081 0.062 0.058 0.053 0.052 0.062 0.062 0.103 0.098 0.12 0.087 0.051 0.057 -0.082 -0.046 -0.086 -0.019 -0.015 -0.127 -0.027 0.069 0.065 0.067 0.066 0.063 0.056 0.058 0.057 0.053 0.047 0.045 0.048 0.056 0.059 0.069 0.082 0.075 0.082 0.082 0.098 0.101 0.103 0.104 0.141 0.16 0.141 0.127 0.135 0.129 0.113 -0.004 -0.046 0.043 0.114 0.114 0.245 0.291 0.365 0.392 0.434 -0.3 -0.3 -0.3 -0.3 -0.3 -0.3 -0.3 -0.3
0.057 0.056 0.051 0.05 0.057 0.052 0.053 0.045 0.057 0.121 0.09 0.076 0.065 0.06 0.076 0.077 0.093 0.122 0.093 0.084 0.064 0.057 0.06 0.061 0.068 0.068 0.062 0.064 0.061 0.057 0.061 0.07 0.066 0.075 0.063 0.055 0.049 0.044 0.045 0.047 0.057 0.075 0.071 0.06 0.084 0.084 0.08 0.085 0.083 0.097 0.123 0.091 0.099 0.108 0.096 0.1 0.086 0.104 0.144 0.084 0.09 0.088 0.092 0.107 0.148 0.189 0.267 0.34 0.436 0.398 0.339 0.314 0.339 0.318 -0.3 -0.3 0.158
0.061 0.061 0.056 0.055 0.051 0.049 0.046 0.044 0.043 0.069 0.075 0.083 0.097 0.089 0.091 0.112 0.133 0.159 0.145 0.109 0.094 0.085 0.08 0.081 0.063 0.063 0.071 0.07 0.069 0.055 0.054 0.147 0.075 0.089 0.07 0.063 0.061 0.064 0.066 0.057 0.07 0.082 0.114 0.13 0.075 0.088 0.108 0.081 0.088 0.103 0.133 0.102 0.082 0.156 0.081 0.073 0.09 0.091 0.167 0.143 0.113 0.103 0.102 0.113 0.099 0.111 0.146 0.227 0.314 0.409 0.425 0.382 0.38 0.394 0.355 0.373 0.265
0.085 0.081 0.084 0.078 0.063 0.058 0.059 0.057 0.055 0.057 0.057 0.056 0.053 0.052 0.087 0.081 0.045 0.038 0.047 0.059 0.046 0.045 0.041 0.041 0.048 0.043 0.043 0.037 0.037 0.05 0.068 0.069 0.039 0.032 0.043 0.08 0.122 0.092 0.087 0.127 0.117 0.117 0.125 0.167 0.133 0.095 0.073 0.079 0.084 0.15 0.097 0.143 0.193 0.154 0.114 0.12 0.096 0.093 0.09 0.202 0.244 0.178 0.129 0.134 0.126 0.135 0.114 0.107 0.115 0.126 0.153 0.179 0.241 0.205 0.251 0.239 0.25
0.095 0.085 0.105 0.1 0.077 0.076 0.074 0.068 0.065 0.067 0.059 0.057 0.069 0.065 0.056 0.051 0.044 0.04 0.04 0.054 0.052 0.052 0.05 0.053 0.064 0.049 0.049 0.046 0.046 0.049 0.048 0.048 0.046 0.039 0.039 0.045 0.043 0.08 0.078 0.127 0.125 0.158 0.136 0.137 0.207 0.108 0.075 0.08 0.095 0.112 0.161 0.127 0.226 0.214 0.12 0.119 0.13 0.138 0.114 0.141 0.178 0.211 0.196 0.179 0.169 0.151 0.157 0.126 0.102 0.119 0.108 0.114 0.141 0.157 0.168 0.2 0.173
0.086 0.086 0.083 0.092 0.082 0.092 0.091 0.091 0.086 0.084 0.074 0.078 0.085 0.102 0.067 0.059 0.053 0.047 0.07 0.065 0.069 0.069 0.059 0.07 0.072 0.06 0.061 0.067 0.067 0.078 0.072 0.074 0.067 0.054 0.064 0.057 0.056 0.054 0.051 0.039 0.044 0.054 0.157 0.161 0.175 0.074 0.066 0.084 0.094 0.172 0.118 0.122 0.143 0.21 0.141 0.111 0.13 0.108 0.11 0.16 0.164 0.166 0.22 0.253 0.294 0.286 0.207 0.181 0.152 0.12 0.111 0.086 0.095 0.101 0.108 0.136 0.144
0.076 0.084 0.076 0.09 0.076 0.076 0.064 0.089 0.094 0.081 0.082 0.101 0.094 0.094 0.074 0.067 0.066 0.059 0.075 0.074 0.071 0.071 0.07 0.072 0.07 0.07 0.071 0.074 0.077 0.078 0.077 0.079 0.083 0.083 0.099 0.099 0.09 0.078 0.07 0.058 0.058 0.051 0.043 0.05 0.063 0.064 0.066 0.093 0.11 0.164 0.127 0.135 0.145 0.137 0.174 0.189 0.126 0.097 0.104 0.158 0.137 0.131 0.167 0.144 0.28 0.336 0.331 0.291 0.202 0.128 0.108 0.095 0.11 0.084 0.137 0.137 0.13
0.082 0.057 0.079 0.088 0.09 0.09 0.082 0.081 0.085 0.086 0.081 0.085 0.089 0.093 0.087 0.089 0.09 0.067 0.07 0.078 0.08 0.076 0.081 0.079 0.074 0.077 0.077 0.077 0.076 0.088 0.108 0.096 0.091 0.099 0.091 0.092 0.1 0.093 0.093 0.099 0.076 0.082 0.061 0.067 0.073 0.08 0.084 0.195 0.15 0.155 0.194 0.201 0.141 0.091 0.144 0.113 0.116 0.113 0.112 0.115 0.144 0.146 0.155 0.16 0.218 0.306 0.342 0.324 0.281 0.187 0.161 0.147 0.147 0.142 0.149 0.152 0.045
0.038 0.086 0.104 0.138 0.133 0.131 0.149 0.121 0.108 0.092 0.089 0.072 0.079 0.068 0.088 0.086 0.072 0.073 0.063 0.081 0.092 0.082 0.081 0.081 0.076 0.08 0.095 0.103 0.099 0.096 0.092 0.095 0.106 0.106 0.091 0.098 0.107 0.114 0.103 0.136 0.145 0.158 0.163 0.136 0.16 0.229 0.205 0.165 0.139 0.144 0.124 0.102 0.145 0.118 0.109 0.112 0.131 0.129 0.151 0.107 0.151 0.161 0.137 0.226 0.244 0.344 0.325 0.342 0.393 0.326 0.29 0.237 0.168 0.1 0.079 0.15 0.247
0.059 0.075 0.078 0.074 0.099 0.094 0.085 0.137 0.158 0.18 0.168 0.14 0.129 0.108 0.132 0.114 0.083 0.077 0.08 0.079 0.086 0.096 0.082 0.08 0.08 0.077 0.084 0.081 0.075 0.111 0.132 0.133 0.12 0.121 0.139 0.13 0.137 0.11 0.115 0.116 0.12 0.148 0.163 0.176 0.178 0.172 0.164 0.17 0.179 0.166 0.113 0.113 0.109 0.097 0.159 0.13 0.165 0.11 0.123 0.131 0.162 0.159 0.144 0.175 0.238 0.323 0.315 0.325 0.297 0.356 0.339 0.274 0.18 0.12 0.248 0.278 0.274
0.067 0.068 0.065 0.053 0.05 0.057 0.051 0.07 0.106 0.132 0.079 0.054 0.052 0.12 0.084 0.075 0.093 0.107 0.114 0.122 0.115 0.104 0.107 0.083 0.141 0.164 0.146 0.109 0.097 0.112 0.116 0.106 0.13 0.15 0.165 0.167 0.151 0.136 0.121 0.124 0.128 0.117 0.116 0.131 0.118 0.114 0.091 0.116 0.116 0.103 0.094 0.118 0.132 0.111 0.16 0.174 0.179 0.164 0.145 0.169 0.208 0.144 0.113 0.135 0.29 0.294 0.366 0.335 0.358 0.25 0.314 0.244 0.209 0.28 0.247 0.206 0.128
0.087 0.086 0.089 0.082 0.058 0.048 0.055 0.073 0.086 0.086 0.077 0.069 -0.005 -0.013 -0.009 0.013 0.017 0.031 0.079 0.113 0.128 0.106 0.103 0.124 0.171 0.138 0.125 0.128 0.137 0.124 0.132 0.12 0.109 0.105 0.09 0.092 0.106 0.145 0.122 0.129 0.133 0.128 0.119 0.091 0.153 0.129 0.127 0.092 0.112 0.115 0.131 0.141 0.171 0.194 0.162 0.212 0.185 0.181 0.141 0.179 0.239 0.188 0.118 0.141 0.299 0.255 0.331 0.343 0.303 0.225 0.251 0.231 0.329 0.378 0.28 0.307 0.27
0.101 0.06 0.104 0.056 0.069 0.072 0.079 0.082 0.08 0.096 0.104 0.099 0.092 0.095 0.071 0.074 0.061 0.06 0.057 0.117 0.14 0.118 0.121 0.121 0.13 0.12 0.122 0.145 0.145 0.134 0.126 0.129 0.121 0.122 0.116 0.111 0.111 0.17 0.171 0.165 0.128 0.147 0.139 0.13 0.111 0.145 0.13 0.123 0.112 0.128 0.164 0.156 0.186 0.185 0.188 0.209 0.199 0.153 0.141 0.138 0.152 0.143 0.132 0.178 0.309 0.303 0.312 0.41 0.324 0.208 0.152 0.203 0.37 0.421 0.406 0.402 0.373
0.158 0.141 0.131 0.135 0.12 0.118 0.109 0.12 0.126 0.07 0.073 0.089 0.106 0.154 0.14 0.108 0.126 0.126 0.144 0.129 0.119 0.102 0.132 0.134 0.193 0.144 0.135 0.163 0.134 0.147 0.15 0.156 0.155 0.144 0.176 0.155 0.24 0.191 0.123 0.119 0.163 0.192 0.183 0.157 0.13 0.114 0.118 0.108 0.189 0.179 0.199 0.176 0.156 0.143 0.15 0.14 0.118 0.142 0.144 0.159 0.132 0.159 0.189 0.271 0.264 0.278 0.35 0.339 0.366 0.271 0.236 0.204 0.238 0.322 0.377 0.405 0.316
0.135 0.126 0.117 0.106 0.093 0.095 0.093 0.097 0.109 0.122 0.151 0.123 0.113 0.144 0.099 0.123 0.154 0.173 0.116 0.128 0.123 0.118 0.128 0.154 0.161 0.159 0.165 0.145 0.12 0.139 0.137 0.136 0.138 0.14 0.144 0.18 0.209 0.165 0.147 0.128 0.14 0.145 0.161 0.16 0.147 0.141 0.137 0.125 0.123 0.134 0.147 0.17 0.19 0.191 -0.3 0.14 0.153 0.188 0.183 0.169 0.183 0.156 0.21 0.274 0.303 0.307 0.339 0.35 0.281 0.303 0.274 0.24 0.231 0.229 0.325 0.335 0.292
0.184 0.17 0.177 0.166 0.166 0.163 0.153 0.15 0.141 0.119 0.103 0.104 0.123 0.115 0.116 0.121 0.137 0.132 0.116 0.178 0.124 0.138 0.129 0.119 0.2 0.201 0.211 0.23 0.206 0.16 0.156 0.15 0.149 0.143 0.144 0.216 0.163 0.183 0.229 0.141 0.149 0.137 0.146 0.16 0.145 0.144 0.156 0.163 0.148 0.143 0.139 0.174 0.219 0.239 0.238 0.258 0.212 0.209 0.174 0.261 0.237 0.264 0.257 0.299 0.325 0.322 0.332 0.353 0.397 0.398 0.367 0.339 0.349 0.356 0.366 0.38 0.362
0.238 0.256 0.276 0.246 0.251 0.254 0.269 0.262 0.236 0.167 0.169 0.147 0.114 0.099 0.113 0.181 0.154 0.135 0.128 0.193 0.273 0.199 0.225 0.202 0.231 0.232 0.2 0.264 0.267 0.178 0.16 0.192 0.196 0.169 0.146 0.146 0.149 0.136 0.155 0.19 0.163 0.154 0.156 0.17 0.17 0.17 0.187 0.162 0.147 0.154 0.155 0.155 0.216 0.22 0.232 0.303 0.311 0.294 0.259 0.258 0.255 0.29 0.291 0.354 0.386 0.407 0.422 0.421 0.412 0.41 0.419 0.4 0.307 0.371 0.447 0.419 0.421
0.135 0.149 0.188 0.185 0.207 0.233 0.214 0.244 0.265 0.267 0.221 0.224 0.198 0.171 0.132 0.148 0.14 0.141 0.13 0.155 0.26 0.262 0.249 0.235 0.192 0.201 0.196 0.215 0.211 0.242 0.225 0.209 0.23 0.239 0.19 0.172 0.162 0.141 0.137 0.183 0.17 0.153 0.167 0.156 0.181 0.19 -0.3 0.185 0.149 0.144 0.166 0.173 0.174 0.222 0.184 0.188 0.215 0.255 0.259 0.221 0.224 0.301 0.293 0.291 0.367 0.394 0.426 0.435 0.405 0.448 0.433 0.372 0.36 0.449 0.455 0.466 0.468
0.109 0.128 0.13 0.112 0.119 0.113 0.106 0.107 0.141 0.239 0.192 0.184 0.151 0.155 0.229 0.248 0.262 0.296 0.296 0.189 0.149 0.196 0.177 0.25 0.206 0.231 0.253 0.199 0.204 0.253 0.258 0.253 0.194 0.176 0.218 0.216 0.21 0.188 0.197 0.273 0.269 0.074 -0.043 0.198 0.183 -0.3 -0.3 -0.3 0.19 0.171 0.174 0.166 0.169 0.221 0.197 0.18 0.209 0.19 0.132 0.176 0.124 0.201 0.292 0.202 0.276 0.273 0.223 0.324 0.416 0.41 0.39 0.413 0.402 0.454 0.424 0.419 0.422
0.232 0.178 0.134 0.138 0.124 0.102 0.105 0.098 0.101 0.175 0.232 0.258 0.263 0.238 0.143 0.194 0.258 0.28 0.264 0.258 0.208 0.211 0.174 0.165 0.284 0.244 0.235 0.194 0.179 0.227 0.261 0.259 0.249 0.239 0.242 0.233 0.243 0.249 0.251 0.25 0.252 0.252 0.21 0.174 0.231 0.134 0.142 0.191 0.207 0.185 0.225 0.203 0.18 0.189 0.213 0.204 0.187 0.202 0.204 0.226 0.224 0.259 0.261 0.281 0.151 0.339 0.384 0.373 0.409 0.433 0.435 0.412 0.445 0.432 0.421 0.439 0.403
0.262 0.273 0.208 0.197 0.17 0.142 0.119 0.099 0.092 0.091 0.122 0.128 0.199 0.22 0.214 0.208 0.213 0.212 0.205 0.252 0.232 0.219 0.244 0.225 0.291 0.27 0.274 0.267 0.221 0.197 0.261 0.272 0.229 0.199 0.274 0.287 0.282 0.275 0.253 0.264 0.281 0.23 0.215 0.195 0.242 0.245 0.229 0.23 0.228 0.214 0.199 0.19 0.176 0.162 0.214 0.214 0.207 0.222 0.191 0.22 0.254 0.234 0.257 0.214 0.119 0.238 0.347 0.393 0.421 0.419 0.397 0.407 0.424 0.432 0.438 0.372 0.391
0.218 0.242 0.272 0.295 0.186 0.209 0.196 0.156 0.122 0.12 0.109 0.153 0.177 0.219 0.3 0.268 0.313 0.322 0.304 0.259 0.274 0.244 0.259 0.279 0.291 0.283 0.256 0.261 0.246 0.182 0.231 0.256 0.258 0.285 0.263 0.255 0.321 0.315 0.297 0.248 0.235 0.204 0.243 0.23 0.231 0.254 0.244 0.249 0.239 0.201 0.172 0.241 0.223 0.152 0.229 0.237 0.226 0.205 0.237 0.246 0.255 0.243 0.211 0.187 0.203 0.365 0.322 0.427 0.441 0.426 0.406 0.431 0.438 0.333 0.437 0.484 0.482
0.195 0.203 0.256 0.268 0.302 0.284 0.251 0.222 0.227 0.154 0.17 0.201 0.226 0.282 0.269 0.276 0.248 0.308 0.335 0.253 0.228 0.261 0.278 0.257 0.296 0.298 0.273 0.283 0.286 0.223 0.189 0.196 0.204 0.228 0.284 0.284 0.29 0.294 0.287 0.258 0.216 0.22 0.262 0.247 0.288 0.295 0.299 0.303 0.3 0.26 0.255 0.236 0.2 0.216 0.226 0.276 0.253 0.252 0.193 0.26 0.326 0.27 0.237 0.243 0.275 0.32 0.313 0.351 0.41 0.431 0.436 0.437 0.406 0.425 0.468 0.45 0.47
0.12 0.131 0.132 0.13 0.188 0.247 0.251 0.262 0.243 0.202 0.194 0.235 0.25 0.285 0.314 0.294 0.197 0.243 0.309 0.294 0.316 0.326 0.283 0.346 0.281 0.289 0.263 0.285 0.31 0.287 0.303 0.225 0.229 0.252 0.3 0.303 0.293 0.291 0.27 0.313 0.267 0.242 0.263 0.284 0.372 0.379 0.356 0.294 0.222 0.205 0.269 0.239 0.245 0.265 0.278 0.193 0.128 0.138 0.17 0.27 0.229 0.288 0.287 0.273 0.307 0.225 0.276 0.257 0.249 0.389 0.4 0.411 0.442 0.422 0.38 0.347 0.428
0.213 0.207 0.17 0.169 0.159 0.145 0.195 0.203 0.196 0.273 0.229 0.229 0.279 0.289 0.322 0.307 0.307 0.261 0.309 0.282 0.235 0.281 0.312 0.33 0.254 0.322 0.282 0.291 0.34 0.283 0.329 0.345 0.301 0.308 0.279 0.316 0.273 0.233 0.267 0.272 0.242 0.24 0.303 0.356 0.341 0.266 0.311 0.345 0.296 0.237 0.245 0.259 0.235 0.259 0.326 0.304 0.253 0.236 0.254 0.251 0.246 0.322 0.342 0.323 0.315 0.218 0.222 0.265 0.316 0.354 0.396 0.436 0.437 0.421 0.424 0.412 0.406
0.143 0.17 0.166 0.164 0.156 0.148 0.129 0.157 0.199 0.27 0.279 0.269 0.261 0.258 0.32 0.339 0.322 0.31 0.295 0.301 0.237 0.212 0.232 0.311 0.299 0.265 0.273 0.302 0.304 0.244 0.262 0.305 0.33 0.311 0.299 0.304 0.277 0.253 0.256 0.281 0.312 0.301 0.318 0.355 0.31 0.281 0.329 0.339 0.341 0.27 0.264 0.283 0.295 0.281 0.319 0.32 0.299 0.322 0.299 0.299 0.334 0.371 0.359 0.35 0.352 0.347 0.314 0.301 0.371 0.379 0.391 0.427 0.439 0.463 0.446 0.437 0.414
0.158 0.174 0.184 0.184 0.232 0.252 0.239 0.26 0.27 0.28 0.317 0.268 0.285 0.306 0.272 0.333 0.366 0.285 0.297 0.324 0.315 0.26 0.194 0.209 0.358 0.384 0.309 0.302 0.328 0.295 0.345 0.313 0.269 0.201 0.352 0.313 0.342 0.299 0.3 0.328 0.329 0.313 0.311 0.319 0.3 0.295 0.288 0.33 0.336 0.313 0.326 0.297 0.319 0.296 0.335 0.335 0.318 0.331 0.313 0.282 0.307 0.362 0.384 0.359 0.388 0.363 0.361 0.36 0.405 0.387 0.444 0.426 0.455 0.458 0.425 0.448 0.425
0.14 0.15 0.148 0.157 0.175 0.172 0.195 0.218 0.264 0.249 0.245 0.278 0.245 0.218 0.272 0.28 0.292 0.335 0.312 0.303 0.338 0.331 0.269 0.186 0.283 0.336 0.37 0.299 0.337 0.287 0.277 0.313 0.338 0.303 0.333 0.329 0.326 0.376 0.332 0.256 0.294 0.303 0.324 0.347 0.302 0.289 0.286 0.307 0.342 0.349 0.343 0.325 0.342 0.306 0.306 0.286 0.318 0.335 0.281 0.313 0.313 0.357 0.373 0.389 0.382 0.408 0.398 0.394 0.413 0.396 0.408 0.417 0.455 0.43 0.472 0.445 0.479
0.249 0.239 0.226 0.26 0.262 0.303 0.288 0.273 0.3 0.187 0.207 0.187 0.138 0.176 0.193 0.284 0.246 0.205 0.232 0.206 0.243 0.296 0.301 0.308 0.357 0.277 0.279 0.304 0.358 0.317 0.334 0.233 0.303 0.28 0.313 0.268 0.317 0.371 0.379 0.357 0.328 0.319 0.359 0.288 0.253 0.231 0.208 0.307 0.324 0.35 0.383 0.373 0.349 0.284 0.357 0.357 0.304 0.328 0.367 0.344 0.377 0.374 0.384 0.407 0.439 0.437 0.425 0.448 0.446 0.451 0.448 0.454 0.356 0.335 0.478 0.462 0.449
0.223 0.254 0.257 0.252 0.265 0.268 0.199 0.218 0.284 0.325 0.314 0.268 0.291 0.286 0.202 0.234 0.191 0.217 0.168 0.211 0.298 0.258 0.27 0.316 0.343 0.355 0.354 0.339 0.341 0.321 0.316 0.329 0.266 0.306 0.267 0.286 0.378 0.395 0.369 0.375 0.367 0.355 0.315 0.282 0.285 0.256 0.224 0.28 0.305 0.323 0.314 0.315 0.312 0.288 0.38 0.359 0.298 0.317 0.344 0.323 0.368 0.379 0.411 0.395 0.417 0.441 0.414 0.432 0.438 0.433 0.471 0.456 0.45 0.423 0.45 0.462 0.438
