data/china_ndvi_max_1993.asc
ncols         710
nrows         510
xllcorner     70
yllcorner     10
cellsize      0.1
NODATA_value  -9999
[rows 238 to 271 of 510, columns 385 to 461 of 710]
0.242 0.233 0.251 0.261 0.278 0.263 0.259 0.271 0.253 0.255 0.246 0.261 0.244 0.261 0.24 0.253 0.249 0.244 0.235 0.219 0.218 0.241 0.252 0.246 0.248 0.27 0.55 0.484 0.493 0.504 0.285 0.276 0.255 0.234 0.403 0.318 0.319 0.325 0.34 0.315 0.323 0.482 0.443 0.309 0.298 0.346 0.432 0.411 0.323 0.332 0.515 0.471 0.438 0.476 0.402 0.391 0.361 0.348 0.343 0.314 0.391 0.531 0.489 0.488 0.484 0.379 0.382 0.367 0.345 0.349 0.342 0.329 0.324 0.464 0.515 0.362 0.372
0.247 0.248 0.252 0.262 0.286 0.243 0.242 0.248 0.278 0.265 0.265 0.255 0.27 0.273 0.257 0.251 0.25 0.248 0.23 0.214 0.244 0.259 0.31 0.267 0.251 0.368 0.571 0.527 0.542 0.488 0.288 0.287 0.285 0.252 0.283 0.302 0.263 0.267 0.336 0.518 0.432 0.453 0.373 0.295 0.3 0.314 0.343 0.413 0.376 0.326 0.467 0.402 0.484 0.483 0.476 0.407 0.363 0.374 0.308 0.314 0.428 0.51 0.503 0.515 0.513 0.42 0.363 0.316 0.359 0.372 0.364 0.329 0.353 0.467 0.4 0.373 0.406
0.281 0.253 0.27 0.262 0.257 0.256 0.273 0.243 0.269 0.281 0.291 0.269 0.272 0.265 0.272 0.289 0.29 0.26 0.26 0.227 0.243 0.332 0.341 0.268 0.261 0.387 0.498 0.468 0.342 0.342 0.305 0.313 0.32 0.27 0.275 0.514 0.531 0.361 0.521 0.534 0.461 0.371 0.4 0.338 0.333 0.303 0.314 0.294 0.383 0.565 0.475 0.485 0.487 0.45 0.471 0.382 0.317 0.301 0.301 0.289 0.367 0.444 0.497 0.511 0.483 0.405 0.374 0.378 0.369 0.405 0.431 0.434 0.37 0.391 0.374 0.379 0.391
0.297 0.316 0.293 0.253 0.265 0.276 0.286 0.277 0.295 0.269 0.297 0.277 0.269 0.297 0.294 0.28 0.272 0.271 0.266 0.239 0.315 0.278 0.298 0.289 0.263 0.26 0.544 0.57 0.373 0.329 0.295 0.297 0.314 0.306 0.388 0.536 0.538 0.497 0.462 0.472 0.47 0.322 0.343 0.37 0.303 0.304 0.299 0.297 0.466 0.457 0.445 0.445 0.412 0.393 0.384 0.345 0.275 0.264 0.326 0.326 0.437 0.491 0.551 0.517 0.41 0.434 0.401 0.365 0.395 0.445 0.448 0.425 0.377 0.435 0.446 0.431 0.394
0.285 0.325 0.301 0.276 0.306 0.312 0.289 0.275 0.289 0.299 0.294 0.267 0.281 0.298 0.286 0.28 0.27 0.275 0.271 0.248 0.275 0.288 0.311 0.324 0.301 0.236 0.281 0.54 0.468 0.329 0.287 0.284 0.26 0.242 0.324 0.544 0.613 0.493 0.374 0.38 0.387 0.349 0.339 0.37 0.348 0.299 0.297 0.386 0.524 0.4 0.405 0.446 0.399 0.365 0.331 0.287 0.332 0.276 0.344 0.274 0.474 0.449 0.413 0.411 0.467 0.501 0.408 0.392 0.447 0.504 0.467 0.444 0.456 0.483 0.483 0.459 0.456
0.269 0.265 0.287 0.294 0.375 0.381 0.332 0.293 0.321 0.315 0.296 0.288 0.305 0.301 0.291 0.286 0.271 0.289 0.293 0.267 0.257 0.262 0.268 0.27 0.283 0.259 0.241 0.484 0.403 0.323 0.286 0.246 0.224 0.283 0.293 0.547 0.582 0.475 0.565 0.377 0.487 0.345 0.35 0.348 0.339 0.326 0.379 0.399 0.533 0.458 0.383 0.385 0.35 0.373 0.351 0.309 0.284 0.327 0.257 0.283 0.315 0.449 0.468 0.465 0.471 0.471 0.458 0.409 0.499 0.535 0.446 0.475 0.48 0.47 0.484 0.452 0.488
0.423 0.415 0.376 0.348 0.454 0.441 0.478 0.423 0.362 0.354 0.299 0.37 0.361 0.335 0.338 0.308 0.301 0.295 0.297 0.279 0.258 0.271 0.378 0.323 0.291 0.297 0.289 0.534 0.382 0.385 0.277 0.239 0.225 0.285 0.371 0.499 0.494 0.485 0.458 0.375 0.461 0.358 0.35 0.314 0.329 0.261 0.31 0.389 0.387 0.33 0.346 0.374 0.376 0.366 0.358 0.31 0.29 0.297 0.326 0.3 0.421 0.484 0.489 0.469 0.47 0.474 0.459 0.493 0.479 0.475 0.467 0.486 0.479 0.452 0.458 0.49 0.458
0.496 0.498 0.537 0.592 0.541 0.563 0.427 0.333 0.391 0.37 0.494 0.477 0.439 0.367 0.408 0.351 0.306 0.334 0.353 0.341 0.377 0.58 0.448 0.306 0.316 0.328 0.325 0.314 0.463 0.443 0.261 0.262 0.311 0.329 0.605 0.47 0.563 0.47 0.339 0.349 0.376 0.34 0.345 0.32 0.325 0.295 0.274 0.276 0.32 0.314 0.351 0.382 0.374 0.372 0.398 0.335 0.319 0.308 0.386 0.421 0.515 0.499 0.477 0.48 0.477 0.511 0.539 0.537 0.487 0.453 0.381 0.388 0.469 0.452 0.502 0.411 0.428
0.535 0.502 0.486 0.541 0.549 0.558 0.523 0.458 0.365 0.338 0.489 0.437 0.491 0.522 0.485 0.371 0.323 0.316 0.294 0.303 0.343 0.616 0.505 0.35 0.373 0.534 0.478 0.46 0.402 0.393 0.293 0.352 0.364 0.313 0.308 0.454 0.528 0.506 0.368 0.493 0.461 0.401 0.332 0.329 0.354 0.314 0.301 0.311 0.315 0.321 0.475 0.452 0.452 0.389 0.394 0.363 0.382 0.355 0.472 0.494 0.503 0.499 0.519 0.527 0.505 0.54 0.53 0.517 0.529 0.414 0.444 0.421 0.437 0.483 0.474 0.413 0.462
0.375 0.509 0.511 0.512 0.508 0.558 0.512 0.457 0.386 0.323 0.539 0.564 0.578 0.58 0.568 0.439 0.37 0.35 0.326 0.293 0.374 0.548 0.436 0.382 0.438 0.499 0.539 0.491 0.375 0.372 0.379 0.364 0.403 0.293 0.278 0.263 0.445 0.444 0.359 0.526 0.427 0.396 0.391 0.338 0.36 0.314 0.23 0.324 0.343 0.405 0.46 0.486 0.475 0.381 0.389 0.339 0.372 0.385 0.488 0.562 0.507 0.512 0.523 0.526 0.521 0.539 0.532 0.525 0.493 0.517 0.51 0.471 0.464 0.506 0.491 0.471 0.474
0.535 0.432 0.451 0.491 0.505 0.557 0.568 0.526 0.418 0.306 0.49 0.495 0.553 0.548 0.525 0.429 0.325 0.317 0.321 0.357 0.376 0.331 0.365 0.364 0.468 0.552 0.518 0.481 0.372 0.372 0.314 0.358 0.36 0.332 0.268 0.276 0.361 0.448 0.38 0.503 0.366 0.48 0.357 0.355 0.336 0.336 0.328 0.319 0.355 0.377 0.442 0.455 0.482 0.452 0.368 0.341 0.292 0.467 0.322 0.284 0.561 0.576 0.558 0.559 0.534 0.536 0.561 0.552 0.567 0.576 0.527 0.488 0.495 0.427 0.559 0.437 0.342
0.502 0.559 0.539 0.491 0.486 0.505 0.503 0.457 0.444 0.365 0.464 0.538 0.577 0.568 0.547 0.468 0.34 0.345 0.467 0.4 0.302 0.313 0.316 0.352 0.496 0.515 0.384 0.346 0.372 0.37 0.302 0.348 0.306 0.285 0.296 0.368 0.552 0.479 0.321 0.347 0.346 0.524 0.473 0.377 0.367 0.348 0.343 0.358 0.386 0.386 0.406 0.43 0.47 0.398 0.397 0.346 0.332 0.382 0.36 0.397 0.56 0.554 0.535 0.525 0.522 0.53 0.569 0.538 0.572 0.629 0.522 0.512 0.543 0.503 0.578 0.456 0.432
0.58 0.551 0.509 0.516 0.556 0.491 0.451 0.387 0.376 0.347 0.398 0.488 0.582 0.583 0.569 0.535 0.549 0.558 0.556 0.574 0.295 0.32 0.326 0.376 0.47 0.537 0.516 0.424 0.339 0.366 0.339 0.413 0.366 0.37 0.311 0.495 0.388 0.398 0.342 0.345 0.446 0.492 0.514 0.371 0.353 0.343 0.339 0.347 0.37 0.431 0.518 0.445 0.453 0.37 0.387 0.415 0.375 0.358 0.451 0.519 0.493 0.469 0.44 0.474 0.432 0.534 0.546 0.569 0.534 0.463 0.468 0.521 0.488 0.503 0.39 0.506 0.516
0.591 0.567 0.575 0.585 0.59 0.545 0.477 0.434 0.376 0.362 0.36 0.365 0.522 0.583 0.563 0.576 0.573 0.583 0.512 0.502 0.324 0.31 0.317 0.352 0.537 0.57 0.463 0.357 0.347 0.304 0.293 0.319 0.327 0.31 0.327 0.508 0.506 0.484 0.379 0.334 0.45 0.346 0.436 0.39 0.338 0.333 0.336 0.334 0.344 0.352 0.535 0.523 0.44 0.395 0.437 0.434 0.36 0.368 0.474 0.547 0.56 0.518 0.519 0.413 0.4 0.43 0.528 0.53 0.507 0.428 0.513 0.473 0.425 0.507 0.51 0.442 0.496
0.562 0.54 0.571 0.586 0.589 0.525 0.433 0.398 0.401 0.365 0.364 0.382 0.433 0.53 0.563 0.595 0.593 0.584 0.575 0.525 0.316 0.281 0.303 0.379 0.443 0.337 0.348 0.37 0.345 0.333 0.346 0.328 0.34 0.348 0.36 0.484 0.434 0.438 0.448 0.367 0.309 0.386 0.387 0.359 0.353 0.346 0.324 0.354 0.383 0.456 0.542 0.52 0.438 0.431 0.478 0.455 0.354 0.475 0.497 0.519 0.524 0.511 0.462 0.492 0.48 0.483 0.502 0.517 0.497 0.454 0.457 0.492 0.503 0.498 0.5 0.471 0.482
0.569 0.587 0.551 0.531 0.578 0.528 0.444 0.415 0.442 0.334 0.377 0.385 0.355 0.491 0.588 0.61 0.58 0.575 0.565 0.526 0.288 0.144 0.296 0.314 0.325 0.347 0.349 0.343 0.345 0.282 0.331 0.337 0.373 0.38 0.568 0.499 0.465 0.434 0.359 0.327 0.294 0.291 0.342 0.36 0.335 0.34 0.287 0.422 0.546 0.584 0.544 0.517 0.438 0.391 0.447 0.371 0.338 0.446 0.519 0.535 0.536 0.552 0.538 0.535 0.516 0.523 0.488 0.523 0.472 0.435 0.561 0.538 0.522 0.5 0.478 0.475 0.503
0.556 0.583 0.601 0.616 0.628 0.543 0.522 0.403 0.36 0.361 0.355 0.319 0.356 0.491 0.558 0.593 0.547 0.503 0.444 0.447 0.228 0.252 0.309 0.327 0.384 0.332 0.362 0.364 0.34 0.33 0.346 0.351 0.367 0.57 0.629 0.49 0.38 0.348 0.336 0.312 0.27 0.356 0.358 0.36 0.309 0.367 0.456 0.523 0.558 0.572 0.495 0.395 0.386 0.394 0.334 0.404 0.465 0.529 0.545 0.603 0.468 0.558 0.54 0.54 0.543 0.483 0.491 0.494 0.486 0.467 0.509 0.521 0.522 0.498 0.493 0.491 0.492
0.585 0.646 0.555 0.591 0.615 0.511 0.481 0.457 0.475 0.443 0.36 0.327 0.344 0.34 0.336 0.328 0.393 0.404 0.406 0.364 0.304 0.332 0.368 0.341 0.337 0.37 0.324 0.312 0.331 0.364 0.448 0.495 0.555 0.577 0.589 0.549 0.565 0.543 0.48 0.441 0.366 0.463 0.356 0.367 0.452 0.513 0.524 0.536 0.44 0.347 0.51 0.505 0.53 0.501 0.404 0.543 0.514 0.49 0.478 0.511 0.557 0.558 0.562 0.567 0.548 0.386 0.417 0.485 0.525 0.553 0.519 0.503 0.477 0.477 0.476 0.377 0.387
0.548 0.548 0.542 0.58 0.571 0.499 0.494 0.496 0.514 0.529 0.34 0.338 0.337 0.375 0.311 0.324 0.342 0.338 0.344 0.291 0.378 0.379 0.394 0.322 0.31 0.316 0.359 0.381 0.343 0.329 0.52 0.453 0.404 0.491 0.431 0.594 0.568 0.579 0.585 0.569 0.513 0.495 0.407 0.481 0.455 0.414 0.455 0.374 0.324 0.451 0.582 0.504 0.488 0.458 0.328 0.452 0.444 0.449 0.485 0.524 0.57 0.616 0.558 0.535 0.496 0.402 0.435 0.502 0.54 0.514 0.468 0.484 0.472 0.44 0.468 0.484 0.466
0.554 0.615 0.58 0.537 0.466 0.467 0.485 0.436 0.423 0.357 0.344 0.342 0.332 0.264 0.262 0.303 0.317 0.326 0.366 0.26 0.372 0.374 0.399 0.348 0.386 0.406 0.376 0.425 0.352 0.388 0.512 0.46 0.389 0.339 0.372 0.502 0.456 0.491 0.563 0.553 0.493 0.431 0.456 0.456 0.436 0.374 0.363 0.38 0.431 0.49 0.518 0.512 0.512 0.448 0.496 0.492 0.473 0.515 0.534 0.539 0.581 0.553 0.462 0.467 0.471 0.499 0.503 0.533 0.542 0.52 0.411 0.518 0.523 0.521 0.492 0.424 0.448
0.569 0.6 0.561 0.492 0.541 0.429 0.362 0.381 0.383 0.377 0.369 0.343 0.329 0.306 0.259 0.311 0.327 0.324 0.325 0.261 0.489 0.358 0.395 0.373 0.398 0.318 0.378 0.391 0.322 0.52 0.543 0.53 0.539 0.345 0.276 0.347 0.352 0.341 0.448 0.494 0.405 0.425 0.452 0.484 0.487 0.485 0.508 0.539 0.478 0.491 0.524 0.537 0.517 0.501 0.512 0.563 0.52 0.486 0.566 0.568 0.547 0.559 0.466 0.467 0.454 0.512 0.483 0.509 0.528 0.536 0.512 0.526 0.509 0.514 0.502 0.479 0.492
0.548 0.545 0.498 0.468 0.417 0.337 0.34 0.454 0.468 0.344 0.306 0.296 0.301 0.329 0.319 0.353 0.384 0.338 0.295 0.338 0.444 0.4 0.377 0.39 0.382 0.263 0.325 0.441 0.429 0.557 0.578 0.56 0.495 0.372 0.311 0.348 0.351 0.33 0.342 0.351 0.376 0.442 0.469 0.535 0.525 0.457 0.503 0.494 0.47 0.484 0.499 0.502 0.526 0.522 0.518 0.537 0.554 0.541 0.542 0.545 0.52 0.521 0.477 0.465 0.471 0.501 0.502 0.475 0.536 0.539 0.475 0.5 0.476 0.499 0.514 0.507 0.51
0.41 0.43 0.466 0.41 0.406 0.308 0.296 0.409 0.515 0.479 0.474 0.454 0.427 0.356 0.387 0.446 0.366 0.338 0.331 0.327 0.361 0.402 0.42 0.378 0.403 0.444 0.41 0.37 0.364 0.406 0.384 0.388 0.398 0.489 0.547 0.519 0.492 0.338 0.418 0.451 0.338 0.304 0.409 0.379 0.374 0.359 0.298 0.322 0.467 0.483 0.434 0.389 0.38 0.367 0.405 0.407 0.422 0.414 0.368 0.447 0.412 0.471 0.41 0.458 0.511 0.517 0.597 0.512 0.56 0.488 0.507 0.538 0.544 0.527 0.523 0.5 0.591
0.402 0.405 0.427 0.409 0.397 0.462 0.505 0.479 0.499 0.491 0.443 0.465 0.458 0.384 0.382 0.343 0.334 0.341 0.306 0.521 0.524 0.469 0.444 0.434 0.442 0.368 0.311 0.309 0.326 0.333 0.432 0.377 0.368 0.351 0.368 0.387 0.41 0.41 0.454 0.446 0.434 0.367 0.348 0.368 0.363 0.338 0.377 0.408 0.385 0.396 0.356 0.311 0.277 0.408 0.451 0.439 0.398 0.359 0.317 0.29 0.532 0.529 0.517 0.423 0.461 0.497 0.523 0.531 0.569 0.528 0.419 0.571 0.518 0.484 0.505 0.461 0.449
0.477 0.446 0.435 0.383 0.385 0.475 0.464 0.393 0.485 0.539 0.496 0.494 0.436 0.385 0.385 0.386 0.363 0.384 0.318 0.367 0.386 0.379 0.401 0.377 0.374 0.347 0.373 0.413 0.376 0.365 0.421 0.398 0.366 0.366 0.374 0.381 0.382 0.405 0.394 0.316 0.382 0.475 0.458 0.387 0.406 0.389 0.415 0.417 0.451 0.448 0.382 0.339 0.3 0.366 0.387 0.406 0.449 0.426 0.409 0.38 0.565 0.577 0.547 0.484 0.467 0.499 0.492 0.504 0.556 0.572 0.488 0.503 0.506 0.44 0.486 0.487 0.503
0.353 0.412 0.395 0.424 0.455 0.556 0.539 0.501 0.506 0.521 0.526 0.487 0.459 0.422 0.377 0.402 0.389 0.346 0.28 0.363 0.354 0.345 0.298 0.325 0.351 0.427 0.43 0.417 0.452 0.529 0.386 0.367 0.375 0.364 0.379 0.408 0.406 0.381 0.363 0.323 0.448 0.485 0.535 0.495 0.495 0.369 0.447 0.494 0.462 0.44 0.418 0.386 0.39 0.409 0.41 0.384 0.429 0.467 0.429 0.413 0.542 0.538 0.556 0.53 0.492 0.542 0.475 0.478 0.524 0.518 0.546 0.496 0.454 0.521 0.538 0.476 0.487
0.468 0.477 0.473 0.506 0.525 0.533 0.537 0.559 0.544 0.538 0.421 0.419 0.408 0.402 0.391 0.416 0.45 0.403 0.371 0.355 0.32 0.398 0.388 0.424 0.362 0.486 0.529 0.534 0.549 0.58 0.395 0.379 0.352 0.42 0.373 0.4 0.41 0.357 0.383 0.455 0.368 0.431 0.45 0.46 0.432 0.486 0.438 0.423 0.428 0.352 0.428 0.447 0.464 0.404 0.431 0.392 0.431 0.488 0.521 0.526 0.558 0.539 0.511 0.504 0.514 0.571 0.546 0.538 0.515 0.525 0.481 0.476 0.507 0.531 0.535 0.529 0.499
0.503 0.473 0.457 0.426 0.377 0.417 0.463 0.408 0.418 0.412 0.48 0.485 0.518 0.627 0.641 0.557 0.56 0.569 0.578 0.549 0.555 0.553 0.497 0.412 0.425 0.474 0.536 0.498 0.467 0.446 0.421 0.396 0.424 0.388 0.45 0.43 0.398 0.413 0.393 0.45 0.394 0.375 0.361 0.39 0.396 0.429 0.429 0.37 0.407 0.454 0.501 0.525 0.518 0.44 0.459 0.441 0.557 0.501 0.495 0.521 0.544 0.559 0.569 0.559 0.52 0.533 0.548 0.56 0.532 0.532 0.503 0.376 0.491 0.506 0.462 0.553 0.561
0.516 0.466 0.362 0.381 0.377 0.279 0.331 0.431 0.477 0.442 0.515 0.601 0.582 0.588 0.584 0.603 0.588 0.564 0.581 0.589 0.551 0.451 0.386 0.432 0.461 0.402 0.431 0.409 0.435 0.377 0.46 0.473 0.482 0.567 0.572 0.418 0.36 0.399 0.422 0.449 0.453 0.395 0.377 0.374 0.356 0.478 0.452 0.447 0.522 0.416 0.382 0.481 0.507 0.516 0.5 0.503 0.536 0.513 0.505 0.514 0.531 0.551 0.598 0.583 0.542 0.538 0.536 0.561 0.535 0.531 0.557 0.534 0.527 0.522 0.54 0.547 0.541
0.485 0.458 0.552 0.449 0.324 0.371 0.449 0.425 0.454 0.5 0.489 0.571 0.573 0.539 0.563 0.571 0.487 0.458 0.476 0.529 0.557 0.571 0.502 0.523 0.523 0.541 0.526 0.459 0.412 0.485 0.58 0.582 0.58 0.572 0.539 0.444 0.429 0.396 0.395 0.407 0.401 0.486 0.504 0.447 0.438 0.379 0.43 0.41 0.488 0.481 0.427 0.499 0.516 0.49 0.529 0.539 0.542 0.566 0.496 0.532 0.536 0.537 0.555 0.558 0.559 0.551 0.546 0.502 0.529 0.552 0.539 0.517 0.507 0.522 0.547 0.546 0.506
0.543 0.477 0.547 0.477 0.432 0.453 0.454 0.458 0.449 0.492 0.59 0.615 0.575 0.592 0.592 0.507 0.471 0.437 0.446 0.415 0.521 0.499 0.499 0.52 0.525 0.469 0.404 0.372 0.57 0.605 0.645 0.637 0.608 0.592 0.477 0.405 0.391 0.397 0.425 0.375 0.387 0.404 0.444 0.41 0.452 0.428 0.359 0.333 0.427 0.456 0.456 0.491 0.531 0.528 0.528 0.554 0.543 0.512 0.53 0.506 0.539 0.527 0.549 0.562 0.57 0.572 0.562 0.562 0.519 0.573 0.55 0.555 0.541 0.498 0.513 0.544 0.581
0.489 0.473 0.49 0.491 0.482 0.474 0.477 0.475 0.477 0.526 0.579 0.574 0.581 0.535 0.507 0.458 0.466 0.49 0.47 0.467 0.457 0.455 0.542 0.514 0.438 0.37 0.391 0.428 0.511 0.549 0.529 0.538 0.522 0.45 0.421 0.5 0.551 0.522 0.477 0.472 0.451 0.422 0.4 0.387 0.397 0.51 0.398 0.355 0.503 0.477 0.445 0.528 0.51 0.359 0.45 0.522 0.548 0.58 0.547 0.49 0.518 0.534 0.581 0.531 0.508 0.571 0.578 0.575 0.523 0.54 0.511 0.543 0.495 0.48 0.496 0.544 0.522
0.609 0.591 0.61 0.61 0.609 0.592 0.607 0.608 0.629 0.609 0.58 0.587 0.576 0.532 0.447 0.514 0.542 0.561 0.593 0.618 0.622 0.599 0.56 0.563 0.56 0.577 0.586 0.568 0.552 0.604 0.625 0.622 0.582 0.59 0.568 0.616 0.586 0.534 0.568 0.632 0.534 0.464 0.376 0.365 0.354 0.395 0.478 0.501 0.492 0.435 0.487 0.524 0.556 0.552 0.541 0.546 0.563 0.552 0.523 0.512 0.526 0.537 0.53 0.554 0.576 0.57 0.568 0.587 0.629 0.553 0.551 0.517 0.476 0.359 0.443 0.54 0.594
0.63 0.584 0.596 0.61 0.616 0.595 0.617 0.631 0.594 0.576 0.618 0.621 0.544 0.551 0.581 0.473 0.471 0.535 0.557 0.592 0.583 0.622 0.61 0.604 0.6 0.546 0.547 0.595 0.619 0.616 0.526 0.505 0.535 0.597 0.579 0.543 0.493 0.588 0.584 0.566 0.537 0.511 0.44 0.362 0.395 0.473 0.437 0.374 0.394 0.367 0.51 0.56 0.572 0.547 0.506 0.531 0.568 0.585 0.55 0.522 0.493 0.544 0.532 0.541 0.509 0.561 0.571 0.578 0.575 0.579 0.583 0.536 0.504 0.466 0.444 0.522 0.568
