data/china_ndvi_max_2007.asc
ncols         710
nrows         510
xllcorner     70
yllcorner     10
cellsize      0.1
NODATA_value  -9999
[rows 280 to 314 of 510, columns 154 to 230 of 710]
0.128 0.119 0.118 0.127 0.111 0.109 0.129 0.119 0.116 0.124 0.144 0.124 0.039 -0.3 0.11 0.125 0.122 -0.041 0.059 0.093 0.104 0.116 0.12 0.121 0.118 0.137 0.125 0.095 -0.109 0.096 0.148 0.149 0.152 0.127 0.101 0.09 0.15 0.151 0.146 0.152 0.119 0.104 0.134 0.138 0.135 0.122 0.179 0.162 0.118 0.153 0.119 0.173 0.118 0.105 0.122 0.141 0.158 0.159 0.161 0.174 0.161 0.118 0.143 0.124 0.102 0.139 0.151 0.164 0.154 0.27 0.277 0.17 0.138 0.186 0.209 0.259 0.201
0.122 0.145 0.143 0.122 0.115 0.107 0.124 0.131 0.126 0.133 0.143 0.13 0.106 0.112 0.125 0.124 0.109 0.085 0.105 0.114 0.111 0.12 0.118 0.094 0.044 0.085 0.109 0.107 0.1 0.128 0.131 0.15 0.154 0.16 0.145 0.127 0.154 0.152 0.153 0.151 0.126 0.155 0.16 0.152 0.144 0.146 0.15 0.149 0.15 0.16 0.149 0.159 0.16 0.16 0.159 0.17 0.173 0.161 0.176 0.144 0.147 0.113 0.127 0.132 0.147 0.138 0.163 0.234 0.113 0.185 0.092 0.14 0.172 0.095 0.158 0.18 0.229
0.123 0.124 0.14 0.136 0.131 0.135 0.134 0.135 0.123 0.134 0.135 0.103 0.112 0.082 0.114 0.115 0.1 0.111 0.121 0.138 0.149 0.121 0.088 0.099 0.109 0.126 0.141 0.12 0.141 0.137 0.145 0.12 0.141 0.151 0.136 0.116 0.133 0.137 0.142 0.15 0.153 0.108 0.077 0.137 0.149 0.144 0.152 0.154 0.139 0.154 0.157 0.137 0.149 0.168 0.154 0.17 0.185 0.147 0.128 0.189 0.196 0.121 0.136 0.163 0.141 0.132 0.212 0.211 0.143 0.122 0.142 0.112 0.1 0.098 0.188 0.263 0.251
0.135 0.129 0.15 0.152 0.156 0.164 0.138 0.134 0.13 0.101 0.093 0.073 0.1 0.117 0.119 0.137 0.142 0.143 0.127 0.121 0.121 0.123 0.114 0.134 0.144 0.153 0.126 0.155 0.164 0.157 0.162 0.149 0.135 0.149 0.14 0.123 0.129 0.139 0.137 0.134 0.132 0.115 0.128 0.128 0.148 0.16 0.113 0.117 0.145 0.168 0.153 0.151 0.14 0.166 0.16 0.158 0.11 0.091 0.117 0.112 0.107 0.17 0.235 0.193 0.142 0.137 0.207 0.18 0.108 0.147 0.166 0.175 0.205 0.22 0.228 0.314 0.211
0.127 0.155 0.15 0.151 0.148 0.143 0.123 0.115 0.113 0.093 0.112 0.123 0.119 0.12 0.136 0.142 0.122 0.116 0.13 0.111 0.095 0.145 0.131 0.143 0.144 0.119 0.125 0.122 0.131 0.164 0.163 0.118 0.115 0.128 0.136 0.12 0.151 0.146 0.136 0.121 0.149 0.136 0.125 0.13 0.137 0.122 0.105 0.116 0.14 0.15 0.165 0.153 0.156 0.156 0.154 0.173 0.109 0.139 0.15 0.137 0.148 0.117 0.097 0.12 0.187 0.247 0.239 0.202 0.15 0.158 0.223 0.18 0.161 0.184 0.244 0.285 0.136
0.1 0.122 0.116 0.088 0.128 0.128 0.123 0.128 0.092 0.124 0.12 0.128 0.111 0.109 0.116 0.098 0.109 0.122 0.137 0.098 0.09 0.086 0.156 0.101 0.107 0.121 0.005 0.083 0.106 0.111 0.138 0.169 0.15 0.109 0.125 0.172 0.17 0.141 0.069 0.134 0.137 0.095 0.108 0.116 0.125 0.13 0.138 0.152 0.167 0.173 0.169 0.16 0.162 0.144 0.119 0.14 0.172 0.166 0.205 0.194 0.152 0.205 0.221 0.222 0.209 0.265 0.304 0.243 0.294 0.266 0.303 0.279 0.195 0.178 0.196 0.238 0.298
0.135 0.102 0.109 0.095 0.113 0.116 0.114 0.095 0.086 0.096 0.095 0.06 0.114 0.106 0.109 0.12 0.13 0.118 0.163 0.143 0.067 0.113 0.154 0.144 0.154 0.126 0.116 0.13 0.129 0.142 0.147 0.144 0.126 0.015 0.155 0.162 0.135 0.134 0.151 0.148 0.136 0.131 0.124 0.125 0.119 0.129 0.145 0.131 0.126 0.138 0.133 0.122 0.124 0.11 0.116 0.139 0.145 0.166 0.188 0.198 0.196 0.233 0.247 0.27 0.256 0.254 0.257 0.254 0.294 0.281 0.295 0.297 0.274 0.313 0.264 0.218 0.245
0.128 0.106 0.099 0.099 0.089 0.078 0.089 0.082 0.044 0.07 0.069 0.095 0.045 0.084 0.099 0.095 0.128 0.124 0.124 0.057 0.113 0.142 0.128 0.119 0.083 0.121 0.117 0.14 0.131 0.129 0.143 0.152 0.133 0.132 0.159 0.153 0.114 0.115 0.124 0.115 0.099 0.13 0.12 0.125 0.125 0.126 0.086 0.093 0.088 0.095 0.099 0.112 0.123 0.145 0.143 0.129 0.176 0.203 0.212 0.237 0.234 0.242 0.256 0.278 0.301 0.32 0.314 0.294 0.306 0.298 0.281 0.317 0.317 0.315 0.307 0.286 0.266
0.129 0.109 0.109 0.109 0.12 0.125 0.115 0.116 0.105 0.104 0.099 0.065 0.099 0.099 0.102 0.105 0.115 0.122 0.12 0.126 0.129 0.134 0.127 0.112 0.12 0.137 0.146 0.136 0.12 0.122 0.17 0.144 0.121 0.113 0.116 0.124 0.043 0.101 0.103 0.102 0.115 0.138 0.147 0.12 0.105 0.1 0.119 0.119 0.126 0.119 0.127 0.152 0.165 0.158 0.148 -0.3 0.157 0.2 0.217 0.218 0.217 0.137 0.181 0.238 0.332 0.354 0.346 0.352 0.335 0.305 0.275 0.349 0.341 0.349 0.331 0.274 0.257
0.115 0.128 0.144 0.139 0.141 0.142 0.111 0.114 0.113 0.108 0.109 0.099 0.074 0.096 0.111 0.11 0.114 0.116 0.125 0.124 0.125 0.13 0.119 0.119 0.123 0.117 0.12 0.132 0.043 0.082 0.101 0.114 0.112 0.04 0.08 0.07 -0.069 0.091 0.099 0.1 0.089 0.091 0.089 0.111 0.127 0.137 0.142 0.141 0.136 0.123 0.143 0.169 0.161 0.129 0.11 0.049 0.169 0.215 0.233 0.231 0.252 0.234 0.26 0.299 0.331 0.332 0.35 0.335 0.342 0.339 0.344 0.362 0.376 0.377 0.375 0.338 0.237
0.133 0.141 0.145 0.136 0.125 0.125 0.121 0.114 0.126 0.115 0.118 0.113 0.124 0.118 0.137 0.105 0.107 0.118 0.091 0.082 0.056 -0.3 0.001 0.074 0.103 0.113 0.129 0.124 0.121 0.111 0.137 0.129 0.046 -0.007 0.104 -0.165 -9999 -0.3 -0.087 0.049 0.077 0.115 0.108 0.102 0.083 0.095 0.121 0.132 0.135 0.131 0.137 0.162 0.184 0.191 0.194 0.211 0.216 0.203 0.235 0.233 0.272 0.264 0.295 0.291 0.323 0.31 0.272 0.313 0.306 0.337 0.265 0.282 0.339 0.286 0.274 0.253 0.387
0.158 0.168 0.156 0.141 0.133 0.135 0.138 0.129 0.125 0.125 0.116 0.121 0.124 0.125 0.133 0.12 0.124 0.128 0.114 0.108 0.109 0.104 0.127 0.145 0.134 0.121 0.146 0.134 0.127 0.13 0.142 0.13 0.044 -0.3 0.075 -0.3 -0.3 -0.3 -0.3 -0.094 0.053 0.077 -0.007 0.084 0.082 0.102 0.141 0.142 0.135 0.143 0.041 0.152 0.189 0.207 0.167 0.166 0.212 0.183 0.191 0.21 0.247 0.283 0.261 0.266 0.3 0.32 0.292 0.319 0.329 0.357 0.37 0.242 0.296 0.288 0.306 0.311 0.258
0.152 0.14 0.141 0.14 0.138 0.135 0.124 0.126 0.125 0.122 0.124 0.142 0.147 0.146 0.147 0.137 0.121 0.118 0.143 0.146 0.141 0.158 0.169 0.163 0.159 -0.3 0.067 0.049 0.152 0.179 0.18 0.14 0.13 0.142 0.139 0.147 -0.3 -0.3 -0.3 0.081 0.134 0.002 0.086 0.108 0.129 0.142 0.143 0.169 0.157 0.155 0.154 0.172 0.209 0.148 0.158 0.221 0.195 0.154 0.131 0.225 0.215 0.285 0.29 0.284 0.313 0.316 0.315 0.326 0.36 0.364 0.367 0.279 0.287 0.329 0.317 0.32 0.239
0.132 0.146 0.148 0.141 0.133 0.135 0.125 0.12 0.131 0.142 0.143 0.152 0.137 0.121 0.128 0.135 0.117 0.113 0.115 0.116 0.131 0.138 0.149 0.164 0.139 0.16 0.137 0.154 0.165 0.164 0.171 0.129 0.153 0.137 -0.3 0.154 0.061 -0.3 -0.039 0.115 0.127 0.151 0.137 0.138 0.149 0.148 0.177 0.17 0.183 0.206 0.213 0.199 0.208 0.151 0.153 0.242 0.187 0.104 0.165 0.191 0.197 0.264 0.277 0.253 0.301 0.301 0.314 0.349 0.375 0.36 0.365 0.335 0.266 0.202 0.258 0.269 0.299
0.137 0.156 0.156 0.141 0.141 0.135 0.137 0.132 0.135 0.156 0.168 0.131 0.118 0.023 0.021 0.109 0.132 0.124 0.115 0.099 0.083 0.155 0.148 0.151 0.142 0.126 0.161 0.169 0.167 0.199 0.198 0.161 0.18 0.15 0.141 0.137 0.005 0.056 0.083 0.126 0.141 0.159 0.172 0.161 0.149 0.16 0.153 0.154 0.168 0.187 0.185 0.182 0.184 0.188 0.151 0.157 0.112 0.142 0.2 0.22 0.248 0.171 0.231 0.273 0.306 0.325 0.32 0.326 0.319 0.304 0.274 0.278 0.248 0.282 0.304 0.305 0.306
0.152 0.128 0.124 0.117 0.123 0.126 0.131 0.151 0.147 0.166 0.169 0.126 0.143 0.132 0.081 0.149 0.137 0.144 0.138 0.184 0.189 0.18 0.188 0.158 0.16 -0.021 0.148 0.137 0.102 0.13 0.148 0.184 0.158 0.184 0.155 0.133 0.169 0.151 0.138 0.172 0.172 0.171 0.184 0.173 0.181 0.249 0.215 0.232 0.192 0.164 0.17 0.1 0.083 0.106 0.138 0.141 0.229 0.232 0.228 0.238 0.248 0.236 0.256 0.253 0.274 0.282 0.288 0.324 0.327 0.304 0.35 0.337 0.291 0.286 0.335 0.373 0.292
0.138 0.112 0.122 0.114 0.092 0.097 0.137 0.146 0.142 0.146 0.17 0.138 0.139 -0.3 0.119 0.117 0.142 0.13 0.089 0.125 0.158 0.15 0.178 0.16 0.154 0.153 0.126 0.154 0.142 0.15 0.145 0.192 0.185 0.16 0.158 0.158 0.173 0.18 0.143 0.212 0.187 0.166 0.202 0.209 0.197 0.231 0.245 0.247 0.257 0.185 0.169 0.005 -0.109 0.106 0.151 0.176 0.243 0.243 0.22 0.241 0.202 0.166 0.24 0.255 0.273 0.291 0.306 0.3 0.294 0.327 0.372 0.243 0.307 0.327 0.279 0.252 0.226
0.133 0.119 0.093 0.097 0.103 0.105 0.143 0.143 0.147 0.173 0.155 0.146 0.127 -0.3 0.102 0.148 0.146 0.134 0.137 0.139 0.148 0.14 0.139 0.14 0.143 0.161 0.187 0.144 -0.3 0.153 0.138 0.15 0.147 0.145 0.125 0.129 0.143 0.147 -0.3 0.146 0.171 0.134 0.159 0.186 0.223 0.222 0.224 0.218 0.237 0.192 0.188 -0.3 0.171 0.205 0.203 0.252 0.232 0.192 -0.3 0.25 0.269 0.26 0.29 0.277 0.285 0.324 0.318 0.327 0.335 0.354 0.332 0.24 0.357 0.252 0.223 0.307 0.332
0.162 0.114 0.126 0.126 0.15 0.151 0.15 0.164 0.18 0.165 0.14 0.129 -0.3 0.121 0.184 0.149 0.154 0.142 0.017 0.124 0.128 0.128 0.168 0.151 0.172 0.176 0.147 0.1 0.18 0.135 -0.3 0.158 0.138 0.118 0.131 0.139 0.129 0.126 0.122 0.177 0.176 0.091 0.147 0.17 0.178 0.186 0.202 0.178 0.195 0.195 0.216 0.186 0.206 0.24 0.195 0.214 0.239 0.201 0.214 0.225 0.296 0.323 0.285 0.307 0.324 0.333 0.33 0.328 0.294 0.345 0.264 0.361 0.307 0.232 0.325 0.366 0.372
0.121 0.091 0.108 0.145 0.142 0.151 0.145 0.15 0.141 0.16 0.169 -0.3 0.131 0.17 0.15 0.168 0.19 -0.3 -0.3 0.062 0.085 0.14 0.148 0.175 0.194 0.191 0.164 0.133 0.183 0.141 0.119 -0.3 0.134 0.143 0.145 0.145 -0.3 0.178 0.15 0.143 0.166 0.159 0.162 0.163 0.162 0.161 0.199 0.193 0.205 0.185 0.197 0.181 0.251 0.248 0.222 0.225 0.231 0.26 0.212 0.246 0.288 0.208 0.29 0.272 0.319 0.325 0.311 0.314 0.334 0.354 0.307 0.259 0.25 0.25 0.259 0.341 0.324
0.163 -0.3 0.133 0.057 -0.3 0.108 0.136 0.13 0.159 0.164 0.173 0.123 0.151 0.171 0.177 0.17 0.137 0.083 0.118 0.153 0.166 0.173 0.166 0.175 0.179 0.181 0.184 0.166 0.14 0.172 0.193 0.189 0.114 0.132 0.145 0.159 0.18 0.173 0.171 0.132 0.12 0.173 0.153 0.162 0.136 0.136 0.171 0.205 0.199 0.138 0.113 0.15 0.178 -0.3 0.144 -0.3 0.12 0.192 0.233 0.248 0.254 0.1 0.254 0.263 0.23 0.26 0.135 0.156 0.211 0.215 0.223 0.332 0.268 0.264 0.266 0.215 0.168
0.166 0.16 0.152 0.139 0.072 0.104 0.166 0.195 0.176 0.175 0.159 0.069 0.113 0.157 0.17 0.171 0.146 0.155 0.166 0.21 0.206 0.186 0.177 0.152 0.143 0.172 0.176 0.175 0.157 0.168 0.161 0.123 0.01 0.094 0.139 0.158 0.179 0.168 0.169 0.178 0.163 0.231 0.238 0.231 0.246 0.217 0.245 0.199 0.208 0.197 -9999 0.15 -0.3 -0.3 -0.3 0.106 0.164 0.245 0.251 0.226 0.128 0.208 0.295 0.278 0.171 0.201 0.219 0.239 0.228 0.197 0.229 0.302 0.297 0.268 0.259 0.238 0.244
0.136 0.158 0.158 0.154 0.122 0.125 0.146 0.141 0.118 0.155 0.16 0.163 0.123 0.138 0.19 0.203 0.166 0.151 0.188 0.172 0.175 0.188 0.173 0.186 0.199 0.181 0.203 0.206 0.186 0.207 0.213 0.044 0.081 0.147 0.139 0.168 0.223 0.232 0.22 0.203 0.206 0.207 0.194 0.219 0.229 0.231 0.228 0.238 0.209 0.19 -9999 -0.3 -0.3 -0.3 -0.3 0.196 0.195 0.212 0.195 0.156 0.202 0.271 0.33 0.258 0.224 0.172 0.168 0.235 0.238 0.263 0.299 0.28 0.284 0.29 0.273 0.241 0.243
0.106 0.117 0.131 0.141 0.122 0.125 0.133 0.131 0.111 -0.3 0.158 0.149 0.124 0.145 0.173 0.172 0.165 0.185 0.222 0.207 0.209 0.201 0.191 0.2 0.199 0.178 0.116 0.119 0.207 0.165 0.229 0.149 0.167 0.155 0.145 0.151 0.225 0.196 0.205 0.166 0.191 0.242 0.24 0.236 0.242 0.225 0.222 0.221 0.212 0.157 -0.3 -0.3 -0.3 0.096 0.23 0.235 0.118 0.152 0.245 0.277 0.242 0.314 0.347 0.297 0.281 0.294 0.244 0.248 0.335 0.333 0.296 0.268 0.353 0.347 0.263 0.244 0.209
0.132 0.137 0.134 0.136 0.122 0.12 0.15 0.124 0.117 0.133 0.171 0.152 0.123 0.124 0.144 0.155 0.175 0.185 0.163 0.163 0.195 0.195 0.182 0.2 0.188 0.149 0.109 0.139 0.181 0.183 0.214 0.169 0.156 0.178 0.178 0.173 0.267 0.259 0.228 0.207 0.192 0.211 0.231 0.236 0.256 0.275 0.268 0.249 0.209 0.167 -0.3 0.228 0.201 0.172 0.105 0.091 0.214 0.309 0.368 0.357 0.364 0.338 0.333 0.367 0.359 0.277 0.16 0.18 0.184 0.241 0.208 0.271 0.219 0.227 0.27 0.205 0.14
0.125 0.182 0.165 0.175 0.166 0.131 0.166 0.163 0.169 0.121 0.183 0.105 0.123 0.133 0.14 0.158 0.168 0.183 0.18 0.154 0.115 0.13 0.083 0.082 0.176 0.171 0.107 0.127 0.135 0.147 0.19 0.207 0.179 0.167 0.207 0.246 0.247 0.237 0.254 0.258 0.262 0.214 0.222 0.227 0.264 0.235 0.254 0.282 0.272 0.186 0.074 -0.037 -0.038 0.131 0.242 0.307 0.343 0.366 0.296 0.246 0.262 0.268 0.238 0.395 0.278 0.337 0.23 0.221 0.146 0.211 0.276 0.232 0.196 0.232 0.181 0.206 0.227
0.118 0.171 0.152 0.162 0.15 0.147 0.138 0.129 0.127 0.049 -0.3 0.116 0.09 0.117 0.122 0.129 0.128 0.122 0.131 0.137 0.142 0.135 0.114 0.108 0.105 0.128 0.204 0.235 0.233 0.125 0.037 0.225 0.174 0.122 0.156 0.187 0.191 0.174 0.138 0.226 0.242 0.158 0.155 0.197 0.188 0.212 0.274 0.267 0.179 0.07 0 0.05 0.176 0.226 0.268 0.322 0.338 0.357 0.342 0.347 0.356 0.328 0.312 0.274 0.251 0.224 0.265 0.31 0.169 0.18 0.162 0.215 0.227 0.212 0.252 0.194 0.393
0.112 0.109 0.101 0.116 0.168 0.149 0.129 0.111 0.08 0.055 -0.3 0.116 0.078 0.106 0.118 0.099 0.131 0.125 0.124 0.159 0.127 0.177 0.187 0.159 0.184 0.184 0.162 0.22 0.152 0.129 0.091 0.213 0.199 0.141 0.141 0.14 0.205 0.206 0.175 0.196 0.164 0.195 0.17 0.171 0.143 0.197 0.234 0.169 0.047 -0.013 0.055 0.244 0.251 0.297 0.267 0.232 0.259 0.286 0.357 0.333 0.298 0.203 0.21 0.219 0.329 0.34 0.192 0.233 0.199 0.264 0.239 0.255 0.185 0.211 0.281 0.384 0.364
0.129 0.14 0.14 0.16 0.127 0.087 0.157 0.092 0.026 0.063 0.149 0.128 0.094 0.113 0.108 0.076 0.146 0.13 0.118 0.09 0.133 0.171 0.198 0.178 0.165 0.163 0.162 0.165 0.149 0.16 0.203 0.145 0.163 0.166 0.19 0.155 0.239 0.222 0.27 0.262 0.192 0.194 0.103 0.093 0.116 0.168 0.222 0.125 -0.012 0.038 -0.001 0.246 0.302 0.213 0.161 0.226 0.251 0.281 0.293 0.238 0.314 0.351 0.226 0.258 0.38 0.285 0.295 0.284 0.347 0.301 0.287 0.249 0.293 0.212 0.355 0.418 0.301
0.142 0.126 0.134 0.126 0.089 0.114 0.159 0.09 0.073 0.11 0.127 0.128 0.081 0.107 0.086 0.093 0.15 0.122 0.09 0.165 0.184 0.167 0.182 0.138 0.11 0.104 0.172 0.189 0.152 0.208 0.192 0.166 0.144 0.199 0.23 0.221 0.198 0.241 0.169 0.155 0.086 0.192 0.128 0.149 0.212 0.283 0.111 -0.026 0.059 0.229 0.256 0.255 0.27 0.281 0.302 0.318 0.283 0.321 0.306 0.325 0.286 0.35 0.376 0.38 0.37 0.375 0.389 0.393 0.35 0.347 0.281 0.241 0.267 0.252 0.331 0.483 0.473
0.083 0.1 0.163 0.12 0.134 0.178 0.142 0.081 0.075 0.115 0.118 0.135 0.117 0.093 0.144 0.119 0.082 0.074 0.131 0.107 0.159 0.148 0.192 0.193 0.198 0.224 0.213 0.168 0.17 0.139 0.061 0.181 0.22 0.25 0.179 0.23 0.252 0.253 0.243 0.222 0.26 0.163 0.15 0.158 0.166 0.183 0.235 0.255 0.09 0.272 0.219 0.245 0.265 0.314 0.283 0.315 0.312 0.289 0.272 0.298 0.281 0.339 0.347 0.303 0.321 0.365 0.41 0.35 0.225 0.251 0.387 0.412 0.428 0.429 0.364 0.417 0.096
0.103 0.103 0.133 -0.3 0.16 0.131 0.135 0.12 0.138 0.155 0.15 0.102 0.094 0.13 0.154 0.098 0.13 0.088 0.103 0.161 0.197 0.125 0.221 0.189 0.164 0.132 0.188 0.165 0.212 0.061 0.192 0.216 0.191 0.176 0.208 0.227 0.228 0.234 0.244 0.252 0.263 0.186 0.221 0.228 0.221 0.215 0.281 0.167 0.14 0.252 0.255 0.175 0.242 0.299 0.294 0.29 0.322 0.333 0.319 0.349 0.277 0.279 0.298 0.328 0.361 0.345 0.365 0.291 0.295 0.216 0.294 0.245 0.333 0.298 0.198 0.231 0.109
0.116 0.149 0.123 0.123 0.159 0.12 0.133 0.192 0.181 0.161 0.105 0.088 0.112 0.174 0.108 0.061 0.163 0.085 0.078 0.138 0.114 0.173 0.209 0.193 0.196 0.195 0.226 0.219 0.137 0.182 0.238 0.223 0.208 0.24 0.181 0.172 0.224 0.253 0.268 0.289 0.261 0.262 0.271 0.284 0.317 0.294 0.233 0.303 0.266 0.247 0.302 0.271 0.278 0.315 0.271 0.288 0.291 0.268 0.235 0.264 0.279 0.327 0.411 0.383 0.385 0.419 0.361 0.401 0.392 0.365 0.338 0.204 0.184 0.138 0.1 0.18 0.172
0.137 0.194 0.191 0.155 0.15 0.095 0.106 0.116 0.164 0.168 0.098 0.12 0.122 0.124 0.107 0.068 0.184 0.09 0.091 0.116 0.121 0.207 0.225 0.191 0.154 0.147 0.128 0.173 0.191 0.239 0.226 0.221 0.255 0.209 0.151 0.208 0.231 0.278 0.225 0.288 0.212 0.274 0.237 0.29 0.314 0.219 0.267 0.297 0.325 0.288 0.322 0.161 0.194 0.255 0.307 0.353 0.168 0.202 0.273 0.325 0.333 0.255 0.267 0.35 0.381 0.293 0.22 0.242 0.288 0.353 0.354 0.252 0.302 0.098 0.206 0.23 0.224
0.137 0.158 0.18 0.175 0.178 0.149 0.161 0.146 0.171 0.182 0.129 0.172 0.176 0.176 0.12 0.137 0.163 0.121 0.102 0.091 0.102 0.155 0.222 0.188 0.153 0.151 0.134 0.243 0.216 0.234 0.204 0.217 0.254 0.191 0.171 0.149 0.24 0.265 0.204 0.198 0.2 0.257 0.28 0.263 0.212 0.156 0.252 0.258 0.294 0.262 0.301 0.23 0.244 0.307 0.334 0.321 0.255 0.346 0.31 0.336 0.351 0.313 0.255 0.328 0.313 0.363 0.218 0.21 0.244 0.337 0.354 0.149 0.166 0.187 0.228 0.301 0.192
