data/china_ndvi_max_1992.asc
ncols         710
nrows         510
xllcorner     70
yllcorner     10
cellsize      0.1
NODATA_value  -9999
[rows 238 to 271 of 510, columns 231 to 307 of 710]
0.164 0.163 0.135 0.148 0.099 0.086 0.077 0.071 0.068 0.064 0.065 0.062 0.057 0.049 0.054 0.06 0.055 0.058 0.055 0.052 0.054 0.055 0.063 0.062 0.051 0.051 0.047 0.059 0.058 0.069 0.066 0.083 0.079 0.069 0.064 0.057 0.061 0.065 0.037 0.046 0.067 0.061 0.054 0.063 0.036 0.083 0.101 0.092 0.088 0.109 0.105 0.121 0.177 0.11 0.202 0.203 0.186 0.247 0.282 0.323 0.387 0.38 0.362 0.365 0.313 0.331 0.29 -0.3 -0.3 -0.3 -9999 -0.3 -0.3 0.27 0.207 0.22 0.357
0.204 0.202 0.119 0.122 0.089 0.071 0.062 0.053 0.058 0.06 0.058 0.053 -0.163 0.005 0.04 0.034 0.053 0.057 0.046 -0.108 -0.023 -0.066 0.056 0.063 0.055 0.056 0.054 0.055 0.053 0.057 0.061 0.07 0.067 0.064 0.073 0.063 0.058 0.061 0.061 0.056 0.053 0.056 0.064 0.067 0.082 0.089 0.096 0.089 0.079 0.103 0.105 0.095 0.102 0.099 0.183 0.169 0.193 0.219 0.2 0.224 0.212 0.354 0.36 0.369 0.341 0.278 0.319 0.356 -0.3 -9999 -0.3 -0.3 -0.3 -0.3 0.132 0.194 0.302
0.06 0.121 0.046 0.048 0.133 0.077 0.082 0.06 0.059 0.056 0.059 0.056 0.059 0.057 0.058 0.055 0.053 0.055 0.056 0.047 -0.101 -0.058 -0.014 0.036 0.055 0.058 0.056 0.05 -0.081 0.061 0.074 0.066 0.065 0.063 0.048 0.058 0.062 0.053 0.047 0.054 0.055 0.056 0.07 0.079 0.091 0.093 0.083 0.098 0.147 0.165 0.155 0.114 0.097 0.068 0.102 0.114 0.195 0.183 0.134 0.137 0.156 0.227 0.172 0.338 0.396 0.414 -0.3 -0.3 -9999 -0.3 -9999 -9999 -9999 -0.3 -0.3 0.074 0.14
0.05 0.056 0.051 0.045 0.05 0.059 0.121 0.079 0.06 0.059 0.057 0.052 0.052 0.056 0.059 0.051 0.078 0.056 0.072 0.05 0.064 -0.086 -0.218 -0.01 0.062 0.064 0.055 -0.041 0.024 0.066 0.075 0.067 0.054 0.063 0.06 0.051 0.05 0.049 0.046 0.049 0.05 0.057 0.061 0.068 0.088 0.098 0.092 0.084 0.09 0.105 0.114 0.093 0.086 0.07 0.092 0.089 0.119 0.15 0.116 0.111 0.108 0.144 0.189 0.195 0.359 0.359 0.398 0.359 -0.3 -0.3 -0.3 -0.3 -0.3 -9999 -0.3 -0.3 -0.3
0.059 0.058 0.054 0.05 0.052 0.042 0.057 0.088 0.079 0.082 0.062 0.056 0.052 0.052 0.061 0.056 0.091 0.114 0.121 0.084 0.058 0.058 -0.082 -0.046 -0.086 -0.017 -0.009 -0.127 -0.025 0.069 0.064 0.069 0.068 0.065 0.058 0.06 0.058 0.054 0.048 0.044 0.045 0.054 0.054 0.053 0.084 0.073 0.078 0.078 0.099 0.097 0.099 0.123 0.169 0.198 0.177 0.138 0.153 0.14 0.118 -0.003 -0.073 0.039 0.123 0.095 0.239 0.281 0.391 0.402 0.456 -0.3 -0.3 -0.3 -0.3 -0.3 -0.3 -0.3 -0.3
0.056 0.055 0.052 0.05 0.056 0.051 0.051 0.043 0.054 0.122 0.088 0.077 0.067 0.061 0.074 0.076 0.095 0.119 0.097 0.087 0.071 0.057 0.059 0.061 0.068 0.068 0.061 0.06 0.061 0.058 0.061 0.067 0.07 0.07 0.068 0.056 0.051 0.045 0.044 0.043 0.057 0.072 0.068 0.063 0.079 0.09 0.081 0.08 0.076 0.113 0.138 0.113 0.114 0.117 0.11 0.098 0.091 0.119 0.171 0.092 0.099 0.101 0.087 0.095 0.145 0.194 0.273 0.341 0.431 0.399 0.39 0.322 0.333 0.312 -0.3 -0.3 0.123
0.06 0.061 0.056 0.056 0.052 0.05 0.046 0.043 0.042 0.065 0.072 0.077 0.106 0.095 0.089 0.113 0.13 0.157 0.137 0.103 0.09 0.09 0.082 0.081 0.062 0.062 0.076 0.075 0.07 0.053 0.053 0.111 0.083 0.088 0.07 0.066 0.06 0.061 0.064 0.06 0.064 0.086 0.123 0.122 0.074 0.112 0.126 0.08 0.089 0.103 0.142 0.116 0.088 0.16 0.083 0.084 0.094 0.097 0.198 0.158 0.119 0.112 0.107 0.117 0.088 0.095 0.155 0.203 0.313 0.377 0.395 0.378 0.355 0.366 0.332 0.398 0.243
0.086 0.079 0.082 0.083 0.063 0.058 0.059 0.057 0.055 0.057 0.058 0.056 0.051 0.051 0.058 0.075 0.047 0.04 0.05 0.051 0.043 0.043 0.038 0.039 0.045 0.04 0.041 0.037 0.034 0.05 0.059 0.07 0.037 0.029 0.045 0.083 0.127 0.098 0.086 0.133 0.128 0.115 0.138 0.179 0.143 0.113 0.074 0.081 0.087 0.167 0.097 0.164 0.227 0.195 0.119 0.143 0.109 0.099 0.089 0.209 0.257 0.195 0.135 0.141 0.124 0.152 0.127 0.102 0.112 0.116 0.145 0.168 0.214 0.191 0.241 0.226 0.256
0.093 0.082 0.111 0.117 0.076 0.076 0.077 0.07 0.064 0.068 0.059 0.058 0.068 0.065 0.054 0.048 0.043 0.039 0.039 0.053 0.051 0.052 0.049 0.053 0.071 0.047 0.047 0.046 0.046 0.049 0.044 0.045 0.044 0.038 0.037 0.04 0.04 0.076 0.077 0.13 0.143 0.173 0.137 0.133 0.21 0.119 0.104 0.09 0.097 0.108 0.162 0.133 0.247 0.269 0.128 0.127 0.149 0.152 0.124 0.133 0.185 0.232 0.215 0.195 0.188 0.165 0.174 0.139 0.115 0.094 0.087 0.108 0.154 0.142 0.155 0.183 0.161
0.078 0.079 0.073 0.089 0.082 0.096 0.103 0.086 0.089 0.096 0.077 0.079 0.094 0.12 0.065 0.058 0.053 0.046 0.068 0.065 0.07 0.07 0.058 0.072 0.071 0.06 0.061 0.065 0.064 0.096 0.07 0.071 0.067 0.054 0.064 0.057 0.054 0.052 0.048 0.04 0.037 0.049 0.163 0.156 0.168 0.077 0.071 0.079 0.108 0.207 0.133 0.126 0.162 0.256 0.164 0.159 0.153 0.126 0.111 0.165 0.168 0.181 0.217 0.272 0.308 0.31 0.22 0.197 0.188 0.134 0.104 0.089 0.093 0.113 0.1 0.144 0.173
0.069 0.058 0.068 0.071 0.072 0.072 0.068 0.073 0.087 0.093 0.087 0.116 0.107 0.108 0.074 0.068 0.067 0.059 0.07 0.07 0.079 0.067 0.068 0.076 0.066 0.066 0.069 0.073 0.076 0.08 0.075 0.084 0.082 0.083 0.098 0.102 0.095 0.078 0.071 0.059 0.053 0.047 0.041 0.031 0.078 0.065 0.067 0.096 0.106 0.208 0.154 0.163 0.166 0.156 0.21 0.23 0.166 0.101 0.089 0.163 0.141 0.12 0.162 0.146 0.277 0.336 0.336 0.317 0.223 0.139 0.102 0.09 0.115 0.085 0.14 0.138 0.131
0.071 0.052 0.07 0.085 0.084 0.083 0.076 0.075 0.071 0.077 0.085 0.091 0.086 0.085 0.082 0.102 0.095 0.064 0.067 0.078 0.087 0.071 0.08 0.075 0.072 0.078 0.081 0.081 0.08 0.091 0.126 0.113 0.105 0.109 0.087 0.098 0.108 0.099 0.098 0.102 0.078 0.077 0.059 0.076 0.073 0.081 0.087 0.209 0.172 0.183 0.237 0.263 0.219 0.1 0.185 0.134 0.149 0.125 0.12 0.122 0.153 0.156 0.164 0.19 0.236 0.285 0.355 0.337 0.304 0.199 0.173 0.152 0.152 0.139 0.161 0.162 0.034
0.032 0.082 0.096 0.133 0.127 0.132 0.146 0.128 0.119 0.096 0.094 0.076 0.078 0.065 0.089 0.09 0.075 0.07 0.064 0.064 0.052 0.082 0.079 0.079 0.068 0.067 0.11 0.12 0.1 0.095 0.088 0.089 0.103 0.101 0.095 0.093 0.105 0.137 0.114 0.158 0.162 0.188 0.185 0.144 0.182 0.258 0.235 0.193 0.152 0.169 0.132 0.116 0.172 0.145 0.107 0.124 0.143 0.138 0.169 0.113 0.162 0.166 0.143 0.238 0.263 0.351 0.349 0.352 0.399 0.35 0.311 0.244 0.173 0.122 0.08 0.152 0.246
0.044 0.052 0.05 0.052 0.094 0.055 0.021 0.124 0.153 0.179 0.177 0.15 0.144 0.131 0.151 0.141 0.097 0.08 0.08 0.081 0.083 0.096 0.078 0.077 0.078 0.081 0.091 0.08 0.074 0.12 0.144 0.134 0.129 0.126 0.148 0.139 0.135 0.112 0.114 0.125 0.138 0.15 0.165 0.187 0.223 0.178 0.184 0.204 0.213 0.191 0.117 0.128 0.1 0.104 0.167 0.147 0.191 0.124 0.132 0.128 0.175 0.183 0.155 0.189 0.234 0.33 0.319 0.326 0.284 0.36 0.399 0.292 0.195 0.116 0.245 0.303 0.303
0.062 0.063 0.06 0.051 0.034 0.051 0.039 0.05 0.091 0.129 0.124 0.086 0.07 0.128 0.095 0.08 0.099 0.106 0.124 0.122 0.125 0.112 0.122 0.08 0.153 0.162 0.138 0.115 0.098 0.113 0.099 0.088 0.113 0.162 0.191 0.174 0.154 0.137 0.127 0.125 0.125 0.122 0.131 0.127 0.117 0.11 0.094 0.114 0.125 0.108 0.091 0.127 0.15 0.126 0.177 0.194 0.2 0.178 0.158 0.185 0.205 0.145 0.106 0.132 0.31 0.306 0.369 0.339 0.355 0.237 0.319 0.225 0.208 0.279 0.244 0.205 0.123
0.086 0.085 0.089 0.08 0.054 0.046 0.049 0.068 0.079 0.094 0.069 0.067 -0.004 -0.012 -0.005 0.004 0.002 0.012 0.064 0.129 0.137 0.112 0.111 0.127 0.17 0.144 0.129 0.133 0.145 0.137 0.167 0.135 0.105 0.111 0.078 0.086 0.088 0.146 0.123 0.123 0.131 0.128 0.118 0.092 0.158 0.133 0.131 0.105 0.142 0.119 0.151 0.151 0.183 0.209 0.164 0.232 0.211 0.209 0.157 0.212 0.247 0.198 0.119 0.136 0.325 0.237 0.317 0.35 0.295 0.237 0.267 0.228 0.348 0.39 0.294 0.324 0.286
0.111 0.067 0.106 0.061 0.068 0.075 0.08 0.082 0.081 0.105 0.113 0.106 0.099 0.093 0.079 0.085 0.06 0.062 0.064 0.136 0.126 0.109 0.106 0.111 0.136 0.127 0.117 0.135 0.147 0.13 0.143 0.127 0.125 0.121 0.121 0.102 0.106 0.157 0.164 0.179 0.127 0.148 0.135 0.131 0.117 0.144 0.136 0.128 0.119 0.144 0.185 0.174 0.199 0.214 0.194 0.242 0.197 0.162 0.154 0.15 0.161 0.152 0.134 0.176 0.292 0.303 0.312 0.394 0.322 0.201 0.153 0.217 0.36 0.394 0.405 0.422 0.38
0.168 0.155 0.136 0.133 0.128 0.122 0.115 0.127 0.134 0.075 0.075 0.091 0.1 0.152 0.141 0.105 0.123 0.112 0.161 0.13 0.118 0.108 0.134 0.141 0.203 0.136 0.121 0.168 0.167 0.139 0.154 0.16 0.155 0.142 0.171 0.158 0.237 0.205 0.121 0.126 0.171 0.197 0.173 0.153 0.128 0.114 0.106 0.112 0.21 0.202 0.221 0.191 0.167 0.146 0.151 0.143 0.126 0.154 0.162 0.158 0.133 0.163 0.191 0.273 0.306 0.277 0.353 0.333 0.387 0.293 0.243 0.199 0.211 0.299 0.367 0.392 0.323
0.137 0.126 0.12 0.115 0.09 0.091 0.086 0.092 0.104 0.128 0.168 0.122 0.127 0.144 0.151 0.149 0.152 0.171 0.12 0.124 0.134 0.125 0.136 0.148 0.155 0.157 0.162 0.143 0.119 0.135 0.138 0.144 0.135 0.137 0.144 0.168 0.213 0.174 0.139 0.121 0.145 0.146 0.212 0.182 0.149 0.141 0.132 0.119 0.138 0.141 0.15 0.181 0.187 0.189 -0.3 0.158 0.156 0.194 0.186 0.188 0.204 0.153 0.227 0.285 0.316 0.303 0.335 0.329 0.294 0.31 0.293 0.241 0.232 0.221 0.296 0.325 0.289
0.174 0.172 0.175 0.159 0.168 0.172 0.16 0.157 0.145 0.114 0.102 0.1 0.136 0.131 0.115 0.133 0.138 0.131 0.117 0.178 0.122 0.135 0.124 0.102 0.184 0.197 0.206 0.232 0.209 0.16 0.152 0.152 0.152 0.133 0.143 0.233 0.174 0.185 0.259 0.146 0.14 0.13 0.144 0.164 0.153 0.146 0.159 0.171 0.153 0.15 0.141 0.184 0.23 0.26 0.27 0.277 0.262 0.197 0.172 0.259 0.237 0.264 0.265 0.287 0.329 0.329 0.324 0.361 0.394 0.374 0.371 0.335 0.342 0.36 0.363 0.384 0.389
0.243 0.257 0.276 0.253 0.258 0.271 0.266 0.265 0.25 0.172 0.166 0.153 0.109 0.101 0.12 0.199 0.17 0.146 0.128 0.195 0.297 0.217 0.231 0.204 0.221 0.223 0.181 0.263 0.273 0.181 0.162 0.205 0.197 0.177 0.138 0.131 0.14 0.16 0.163 0.199 0.164 0.154 0.16 0.17 0.171 0.187 0.198 0.167 0.153 0.162 0.153 0.164 0.235 0.251 0.238 0.312 0.322 0.305 0.295 0.257 0.276 0.308 0.324 0.382 0.407 0.414 0.428 0.424 0.409 0.408 0.388 0.384 0.296 0.344 0.437 0.412 0.414
0.109 0.132 0.172 0.188 0.214 0.237 0.217 0.257 0.259 0.266 0.228 0.232 0.203 0.184 0.126 0.147 0.142 0.143 0.136 0.177 0.274 0.264 0.255 0.24 0.198 0.219 0.194 0.218 0.212 0.245 0.231 0.241 0.265 0.255 0.196 0.178 0.154 0.135 0.141 0.185 0.17 0.178 0.17 0.161 0.187 0.192 -0.3 0.195 0.161 0.157 0.189 0.185 0.187 0.235 0.171 0.197 0.221 0.254 0.271 0.221 0.217 0.311 0.297 0.311 0.373 0.4 0.424 0.44 0.393 0.433 0.427 0.347 0.336 0.421 0.47 0.453 0.448
0.115 0.125 0.132 0.111 0.118 0.104 0.095 0.097 0.133 0.251 0.196 0.181 0.149 0.128 0.221 0.217 0.269 0.31 0.294 0.178 0.152 0.193 0.175 0.249 0.207 0.248 0.271 0.194 0.201 0.261 0.266 0.272 0.211 0.191 0.214 0.218 0.208 0.192 0.214 0.302 0.305 0.12 -0.052 0.191 0.2 -0.3 -0.3 -0.3 0.212 0.187 0.203 0.179 0.187 0.236 0.201 0.193 0.224 0.202 0.112 0.193 0.1 0.188 0.291 0.201 0.263 0.265 0.167 0.304 0.383 0.373 0.363 0.407 0.374 0.439 0.407 0.403 0.404
0.242 0.184 0.138 0.125 0.132 0.11 0.105 0.088 0.092 0.192 0.236 0.271 0.275 0.233 0.138 0.19 0.251 0.269 0.288 0.254 0.223 0.219 0.158 0.129 0.286 0.255 0.226 0.201 0.192 0.232 0.255 0.254 0.242 0.263 0.263 0.245 0.255 0.262 0.246 0.255 0.255 0.25 0.214 0.175 0.228 0.214 0.159 0.19 0.204 0.184 0.226 0.211 0.186 0.201 0.214 0.213 0.201 0.197 0.192 0.235 0.217 0.234 0.248 0.295 0.171 0.315 0.353 0.358 0.393 0.407 0.423 0.401 0.451 0.407 0.407 0.464 0.405
0.264 0.283 0.203 0.204 0.175 0.143 0.131 0.093 0.085 0.08 0.1 0.135 0.208 0.223 0.221 0.222 0.202 0.19 0.179 0.244 0.235 0.218 0.243 0.236 0.287 0.278 0.263 0.283 0.221 0.199 0.263 0.3 0.247 0.189 0.279 0.299 0.276 0.278 0.237 0.27 0.251 0.233 0.221 0.2 0.239 0.249 0.233 0.222 0.219 0.23 0.229 0.214 0.167 0.156 0.202 0.207 0.202 0.206 0.168 0.212 0.259 0.238 0.234 0.24 0.064 0.224 0.344 0.387 0.392 0.39 0.376 0.409 0.402 0.405 0.433 0.356 0.371
0.204 0.241 0.288 0.318 0.195 0.225 0.217 0.165 0.132 0.126 0.105 0.164 0.187 0.234 0.3 0.268 0.329 0.32 0.319 0.256 0.295 0.236 0.271 0.298 0.324 0.286 0.273 0.277 0.253 0.203 0.244 0.269 0.287 0.314 0.26 0.269 0.312 0.337 0.284 0.258 0.22 0.192 0.23 0.221 0.232 0.246 0.236 0.251 0.247 0.205 0.166 0.235 0.222 0.154 0.2 0.216 0.207 0.208 0.234 0.233 0.249 0.224 0.187 0.187 0.176 0.333 0.297 0.383 0.421 0.385 0.394 0.404 0.438 0.306 0.437 0.477 0.475
0.185 0.225 0.26 0.282 0.312 0.289 0.271 0.239 0.223 0.157 0.188 0.219 0.238 0.295 0.26 0.282 0.258 0.298 0.337 0.261 0.223 0.281 0.285 0.277 0.307 0.306 0.284 0.297 0.307 0.231 0.202 0.21 0.232 0.236 0.278 0.264 0.271 0.296 0.307 0.258 0.21 0.218 0.247 0.24 0.297 0.294 0.31 0.3 0.289 0.263 0.258 0.222 0.201 0.209 0.213 0.249 0.233 0.269 0.206 0.25 0.297 0.264 0.237 0.195 0.265 0.303 0.304 0.336 0.384 0.418 0.416 0.434 0.403 0.416 0.464 0.454 0.466
0.124 0.117 0.121 0.115 0.182 0.259 0.266 0.304 0.266 0.22 0.198 0.238 0.261 0.28 0.346 0.327 0.214 0.26 0.327 0.311 0.337 0.34 0.29 0.36 0.304 0.311 0.285 0.299 0.321 0.288 0.314 0.242 0.242 0.266 0.303 0.315 0.302 0.302 0.284 0.325 0.277 0.249 0.234 0.275 0.369 0.375 0.34 0.312 0.206 0.179 0.242 0.212 0.234 0.239 0.26 0.175 0.123 0.129 0.156 0.262 0.198 0.258 0.251 0.251 0.256 0.187 0.217 0.203 0.214 0.362 0.336 0.386 0.424 0.427 0.392 0.328 0.406
0.219 0.199 0.186 0.186 0.176 0.152 0.198 0.211 0.208 0.29 0.232 0.245 0.3 0.301 0.328 0.331 0.34 0.29 0.349 0.298 0.248 0.273 0.307 0.345 0.265 0.338 0.29 0.307 0.34 0.297 0.347 0.357 0.318 0.317 0.292 0.304 0.263 0.243 0.287 0.281 0.241 0.244 0.309 0.351 0.3 0.237 0.307 0.331 0.297 0.209 0.227 0.238 0.213 0.244 0.316 0.307 0.255 0.233 0.24 0.237 0.213 0.285 0.318 0.294 0.26 0.169 0.165 0.22 0.278 0.308 0.337 0.412 0.425 0.405 0.418 0.398 0.37
0.147 0.176 0.171 0.159 0.157 0.155 0.139 0.17 0.202 0.287 0.296 0.275 0.294 0.275 0.338 0.342 0.34 0.341 0.331 0.314 0.257 0.221 0.218 0.306 0.308 0.257 0.272 0.315 0.301 0.249 0.26 0.303 0.301 0.333 0.304 0.306 0.256 0.251 0.262 0.292 0.316 0.303 0.316 0.336 0.272 0.223 0.288 0.299 0.311 0.235 0.224 0.252 0.263 0.26 0.298 0.299 0.283 0.328 0.303 0.278 0.286 0.339 0.331 0.293 0.338 0.313 0.281 0.272 0.337 0.366 0.384 0.395 0.404 0.44 0.434 0.436 0.39
0.178 0.193 0.198 0.198 0.245 0.266 0.242 0.28 0.294 0.292 0.33 0.278 0.294 0.315 0.264 0.34 0.38 0.296 0.317 0.353 0.336 0.281 0.18 0.205 0.332 0.37 0.296 0.305 0.328 0.322 0.34 0.309 0.271 0.192 0.363 0.328 0.342 0.305 0.304 0.33 0.322 0.299 0.313 0.314 0.297 0.303 0.284 0.273 0.293 0.294 0.311 0.293 0.315 0.276 0.323 0.301 0.307 0.303 0.277 0.254 0.283 0.336 0.354 0.335 0.339 0.326 0.349 0.344 0.361 0.351 0.405 0.421 0.445 0.455 0.422 0.444 0.41
0.136 0.141 0.139 0.15 0.178 0.177 0.204 0.242 0.296 0.258 0.254 0.3 0.253 0.226 0.291 0.293 0.277 0.35 0.321 0.331 0.358 0.355 0.291 0.175 0.263 0.324 0.36 0.297 0.337 0.27 0.259 0.324 0.335 0.3 0.328 0.327 0.318 0.334 0.312 0.258 0.301 0.308 0.33 0.344 0.304 0.293 0.278 0.293 0.333 0.323 0.322 0.306 0.318 0.296 0.283 0.24 0.264 0.298 0.262 0.285 0.287 0.318 0.325 0.375 0.355 0.364 0.373 0.362 0.398 0.388 0.372 0.378 0.408 0.406 0.445 0.428 0.454
0.251 0.24 0.253 0.29 0.281 0.31 0.286 0.288 0.309 0.197 0.229 0.19 0.138 0.18 0.213 0.296 0.262 0.211 0.216 0.21 0.249 0.308 0.312 0.329 0.377 0.271 0.27 0.307 0.359 0.3 0.34 0.238 0.304 0.28 0.321 0.28 0.318 0.379 0.388 0.39 0.339 0.339 0.38 0.321 0.242 0.238 0.228 0.299 0.312 0.377 0.385 0.337 0.324 0.261 0.322 0.342 0.273 0.322 0.351 0.317 0.36 0.355 0.367 0.372 0.403 0.42 0.421 0.446 0.445 0.441 0.464 0.46 0.364 0.347 0.445 0.458 0.432
0.235 0.268 0.261 0.258 0.261 0.263 0.2 0.225 0.295 0.331 0.33 0.291 0.3 0.309 0.198 0.253 0.244 0.243 0.174 0.252 0.283 0.266 0.294 0.342 0.388 0.391 0.37 0.363 0.348 0.324 0.319 0.302 0.265 0.287 0.252 0.257 0.358 0.38 0.346 0.367 0.389 0.367 0.315 0.281 0.288 0.265 0.209 0.261 0.305 0.313 0.27 0.282 0.298 0.294 0.346 0.313 0.259 0.288 0.301 0.294 0.33 0.342 0.382 0.372 0.388 0.42 0.399 0.425 0.431 0.417 0.435 0.425 0.436 0.4 0.421 0.456 0.425
