data/china_ndvi_max_1984.asc
ncols         710
nrows         510
xllcorner     70
yllcorner     10
cellsize      0.1
NODATA_value  -9999
[rows 204 to 237 of 510, columns 231 to 307 of 710]
0.047 0.032 0.026 0.039 0.047 0.053 0.05 0.045 0.037 0.037 0.033 0.039 0.045 0.049 0.058 0.052 0.052 0.075 0.081 0.116 0.121 0.087 0.063 0.062 0.071 0.106 0.134 0.141 0.067 0.188 0.162 0.078 0.051 0.088 0.137 0.122 0.114 0.15 0.079 0.058 0.058 0.063 0.053 0.058 0.051 0.055 0.059 0.069 0.063 0.07 0.067 0.068 0.083 0.082 0.07 0.068 0.07 0.071 0.078 0.071 0.075 0.069 0.065 0.07 0.058 0.054 0.053 0.058 0.057 0.052 0.052 0.05 0.052 0.052 0.052 0.051 0.052
0.063 0.05 0.05 0.063 0.039 0.055 0.049 0.06 0.08 0.06 0.037 0.038 0.032 0.072 0.081 0.064 0.108 0.072 0.063 0.083 0.099 0.083 0.052 0.041 0.052 0.132 0.069 0.07 0.064 0.108 0.135 0.158 0.103 0.067 0.052 0.049 0.049 0.045 0.127 0.241 0.198 0.173 0.066 0.069 0.118 0.115 0.08 0.073 0.059 0.06 0.077 0.073 0.053 0.043 0.044 0.051 0.052 0.046 0.059 0.085 0.072 0.078 0.066 0.063 0.079 0.177 0.135 0.04 0.041 0.052 0.052 0.055 0.063 0.066 0.069 0.071 0.072
0.072 0.058 0.056 0.069 0.048 0.047 0.08 0.082 0.076 0.043 0.041 0.034 0.033 0.029 0.06 0.093 0.19 0.156 0.073 0.069 0.069 0.083 0.072 0.043 0.075 0.095 0.079 0.079 0.084 0.131 0.156 0.15 0.085 0.055 0.058 0.055 0.059 0.059 0.044 0.191 0.169 0.145 0.056 0.072 0.054 0.049 0.159 0.142 0.064 0.053 0.052 0.046 0.052 0.049 0.061 0.075 0.063 0.049 0.051 0.058 0.064 0.058 0.055 0.059 0.154 0.062 0.043 0.038 0.044 0.056 0.059 0.061 0.065 0.066 0.069 0.072 0.073
0.077 0.068 0.068 0.035 0.046 0.043 0.037 0.036 0.05 0.027 0.029 0.03 0.027 0.044 0.045 0.235 0.256 0.225 0.16 0.061 0.048 0.041 0.044 0.041 0.049 0.071 0.048 0.047 0.044 0.072 0.044 0.049 0.055 0.062 0.063 0.065 0.066 0.06 0.053 0.075 0.051 0.05 0.068 0.062 0.063 0.054 0.061 0.058 0.071 0.081 0.08 0.055 0.034 0.033 0.042 0.074 0.136 0.154 0.178 0.207 0.13 0.071 0.042 0.067 0.036 0.035 0.039 0.051 0.054 0.059 0.062 0.064 0.066 0.068 0.072 0.074 0.076
0.097 0.115 0.051 0.036 0.039 0.037 0.035 0.041 0.03 0.047 0.042 0.026 0.029 0.032 0.076 0.284 0.193 0.031 0.041 0.055 0.05 0.046 0.041 0.034 0.036 0.039 0.048 0.063 0.052 0.059 0.057 0.058 0.059 0.066 0.068 0.068 0.076 0.074 0.059 0.059 0.062 0.058 0.06 0.058 0.07 0.067 0.058 0.054 0.05 0.064 0.062 0.058 0.035 0.035 0.039 0.036 0.06 0.213 0.228 0.129 0.05 0.046 0.035 0.084 0.034 0.043 0.052 0.06 0.06 0.066 0.066 0.067 0.065 0.067 0.075 0.076 0.077
0.04 0.046 0.046 0.044 0.041 0.038 0.039 0.04 0.034 0.038 0.029 0.03 0.039 0.036 0.067 0.076 0.055 0.048 0.056 0.058 0.043 0.041 0.043 0.044 0.054 0.129 0.096 0.059 0.073 0.067 0.054 0.058 0.069 0.088 0.079 0.071 0.054 0.061 0.065 0.071 0.073 0.068 0.063 0.077 0.072 0.072 0.071 0.059 0.051 0.055 0.059 0.056 0.042 0.04 0.04 0.041 0.042 0.117 0.177 0.12 0.045 0.044 0.038 0.094 0.049 0.056 0.061 0.063 0.06 0.069 0.069 0.067 0.068 0.067 0.071 0.076 0.078
0.045 0.044 0.048 0.044 0.047 0.047 0.044 0.047 0.043 0.056 0.137 0.059 0.049 0.04 0.051 0.055 0.064 0.073 0.074 0.056 0.058 0.059 0.056 0.054 0.054 0.071 0.071 0.067 0.073 0.078 0.108 0.124 0.093 0.089 0.093 0.075 0.094 0.127 0.063 0.121 0.1 0.084 0.073 0.088 0.054 0.064 0.071 0.073 0.068 0.092 0.07 0.073 0.053 0.065 0.157 0.084 0.058 0.074 0.071 0.072 0.072 0.063 0.049 0.048 0.064 0.067 0.068 0.057 0.058 0.068 0.069 0.074 0.075 0.077 0.071 0.072 0.073
0.063 0.061 0.058 0.055 0.059 0.055 0.049 0.051 0.053 0.044 0.05 0.06 0.049 0.045 0.042 0.039 0.042 0.067 0.067 0.073 0.072 0.067 0.067 0.077 0.134 0.122 0.122 0.104 0.079 0.083 0.088 0.103 0.102 0.087 0.072 0.068 0.092 0.109 0.089 0.129 0.14 0.127 0.108 0.096 0.087 0.08 0.084 0.077 0.065 0.061 0.07 0.067 0.101 0.064 0.279 0.26 0.206 0.188 0.139 0.077 0.074 0.069 0.056 0.052 0.066 0.07 0.069 0.063 0.06 0.059 0.06 0.065 0.068 0.071 0.074 0.076 0.08
0.061 0.054 0.052 0.045 0.043 0.045 0.042 0.048 0.046 0.05 0.06 0.065 0.067 0.064 0.057 0.054 0.045 0.066 0.087 0.088 0.087 0.089 0.103 0.108 0.114 0.09 0.102 0.102 0.094 0.097 0.106 0.115 0.138 0.13 0.088 0.096 0.089 0.11 0.123 0.124 0.152 0.152 0.151 0.149 0.127 0.116 0.103 0.094 0.088 0.069 0.071 0.072 0.084 0.187 0.189 0.265 0.271 0.179 0.093 0.07 0.086 0.086 0.06 0.074 0.105 0.101 0.064 0.068 0.071 0.07 0.062 0.059 0.065 0.067 0.068 0.066 0.067
0.047 0.05 0.051 0.047 0.043 0.045 0.046 0.051 0.05 0.051 0.065 0.07 0.067 0.069 0.076 0.073 0.064 0.08 0.089 0.127 0.152 0.153 0.121 0.095 0.114 0.107 0.097 0.104 0.106 0.113 0.186 0.197 0.139 0.149 0.13 0.111 0.113 0.149 0.151 0.158 0.175 0.165 0.154 0.142 0.137 0.163 0.159 0.201 0.18 0.093 0.097 0.102 0.073 0.086 0.093 0.186 0.276 0.186 0.085 0.093 0.125 0.063 0.065 0.097 0.056 0.185 0.084 0.06 0.065 0.08 0.072 0.06 0.067 0.072 0.076 0.075 0.066
0.055 0.054 0.06 0.055 0.056 0.052 0.055 0.055 0.051 0.055 0.057 0.059 0.058 0.071 0.085 0.083 0.08 0.078 0.12 0.142 0.154 0.108 0.074 0.098 0.108 0.102 0.107 0.139 0.13 0.159 0.165 0.118 0.081 0.083 0.103 0.121 0.145 0.13 0.113 0.132 0.148 0.143 0.171 0.218 0.122 0.128 0.143 0.143 0.136 0.138 0.163 0.123 0.108 0.097 0.081 0.156 0.229 0.131 0.088 0.116 0.046 0.063 0.067 0.09 0.059 0.117 0.095 0.06 0.063 0.061 0.063 0.072 0.073 0.076 0.071 0.072 0.078
0.081 0.086 0.085 0.093 0.108 0.189 0.088 0.094 0.092 0.119 0.154 0.154 0.154 0.142 0.097 0.087 0.093 0.116 0.144 0.113 0.1 0.088 0.08 0.112 0.109 0.088 0.077 0.081 0.133 0.087 0.084 0.091 0.087 0.106 0.092 -0.01 -0.004 0.06 0.096 0.161 0.164 0.191 0.201 0.192 0.102 0.116 0.097 0.106 0.131 0.128 0.135 0.09 0.196 0.147 0.238 0.217 0.174 0.147 0.186 0.127 0.12 0.07 0.061 0.084 0.1 0.244 0.317 0.283 0.201 0.174 0.158 0.107 0.087 0.086 0.092 0.094 0.084
0.089 0.098 0.113 0.134 0.099 0.045 0.015 0.04 0.077 0.102 0.106 0.109 0.104 0.086 0.08 0.075 0.082 0.086 0.099 0.135 0.151 0.113 0.101 0.093 0.095 0.098 0.076 0.088 0.096 0.091 0.127 0.154 0.156 0.115 0.112 0.074 0.081 0.082 0.123 0.141 0.146 0.151 0.144 0.124 0.102 0.109 0.13 0.122 0.124 0.112 0.09 0.066 0.085 0.147 0.194 0.19 0.236 0.173 0.208 0.11 0.145 0.14 0.087 0.08 0.081 0.095 0.122 0.195 0.183 0.203 0.217 0.231 0.156 0.088 0.093 0.099 0.098
0.111 0.112 0.098 0.085 0.07 0.046 0.071 0.071 0.055 0.051 0.037 0.027 0.039 0.053 0.059 0.063 0.066 0.07 0.068 0.092 0.098 0.06 0.029 0.075 0.073 0.068 0.085 0.079 0.079 0.123 0.103 0.088 0.115 0.133 0.09 0.102 0.119 0.099 0.083 0.094 0.09 0.068 0.053 0.061 0.107 0.112 0.12 0.106 0.118 0.13 0.125 0.063 0.081 0.108 0.107 0.083 0.207 0.174 0.224 0.228 0.169 0.109 0.105 0.108 0.101 0.115 0.132 0.104 0.106 0.205 0.224 0.218 0.173 0.115 0.097 0.101 0.101
0.05 0.048 0.049 0.045 0.06 0.041 0.047 0.063 0.054 0.05 0.04 0.044 0.045 0.055 0.051 0.059 0.061 0.07 0.062 0.083 0.06 0.069 0.091 0.039 0.049 0.064 0.059 0.114 0.064 0.088 0.081 0.078 0.099 0.115 0.129 0.097 0.089 0.114 0.108 0.08 0.092 0.095 0.091 0.092 0.113 0.128 0.119 0.13 0.129 0.153 0.164 0.176 0.178 0.134 0.074 0.053 0.138 0.166 0.195 0.19 0.195 0.237 0.183 0.163 0.119 0.14 0.144 0.155 0.138 0.066 0.092 0.25 0.283 0.311 0.094 0.114 0.114
0.039 0.041 0.047 0.051 0.051 0.053 0.061 0.068 0.063 0.047 0.047 0.107 0.127 0.067 0.056 0.059 0.065 0.069 0.065 0.074 0.079 0.08 0.095 0.108 0.025 0.074 0.086 0.078 0.109 0.078 0.098 0.09 0.078 0.094 0.126 0.146 0.126 0.115 0.113 0.106 0.104 0.112 0.113 0.122 0.115 0.114 0.122 0.131 0.139 0.127 0.128 0.156 0.166 0.16 0.17 0.147 0.138 0.104 0.085 0.209 0.203 0.202 0.257 0.274 0.188 0.143 0.147 0.135 0.131 0.086 0.141 0.169 0.236 0.263 0.144 0.109 0.136
0.056 0.047 0.059 0.076 0.044 0.038 0.039 -0.018 -0.077 0.154 0.119 0.133 0.11 0.063 0.05 0.051 0.051 0.047 0.047 0.07 0.096 0.054 0.06 0.065 0.093 0.089 0.067 0.12 0.133 0.069 0.057 0.085 0.089 0.098 0.124 0.136 0.131 0.154 0.165 0.119 0.117 0.089 0.096 0.069 0.158 0.124 0.124 0.153 0.129 0.147 0.206 0.173 0.148 0.155 0.218 0.143 0.232 0.233 0.246 0.24 0.15 0.276 0.306 0.143 0.268 0.164 0.153 0.152 0.147 0.137 0.11 0.142 0.187 0.338 0.311 0.298 0.194
0.051 0.046 0.043 0.056 0.034 0.049 0.057 0.049 0.043 0.037 0.071 0.105 0.142 0.059 0.051 0.051 0.049 0.049 0.057 0.062 0.055 0.057 0.053 0.059 0.081 0.099 0.096 0.078 0.082 0.097 0.076 0.076 0.073 0.079 0.095 0.101 0.132 0.155 0.147 0.11 0.111 0.08 0.102 0.118 0.136 0.121 0.13 0.168 0.132 0.092 0.08 0.212 0.215 0.181 0.268 0.251 0.198 0.246 0.333 0.27 0.287 0.235 0.271 0.321 0.287 0.235 0.335 0.352 0.317 0.221 0.139 0.138 0.246 0.331 0.153 0.152 0.105
0.051 0.048 0.036 0.059 0.045 0.059 0.053 0.051 0.05 0.043 0.041 0.036 0.035 0.04 0.049 0.046 0.052 0.088 0.083 0.06 0.064 0.066 0.068 0.078 0.082 0.079 0.08 0.085 0.096 0.04 0.05 0.072 0.113 0.11 0.12 0.113 0.138 0.156 0.141 0.111 0.047 0.033 0.033 0.114 0.112 0.035 0.048 0.163 0.18 0.153 0.161 0.147 0.137 0.293 0.318 0.301 0.278 0.159 0.195 0.234 0.218 0.269 0.261 0.241 0.282 0.312 0.367 0.412 0.424 0.228 0.205 0.218 0.149 0.147 0.114 0.112 0.136
0.055 0.053 0.046 0.05 0.039 0.053 0.056 0.063 0.068 0.061 0.071 0.057 0.048 0.046 0.051 0.055 0.064 0.075 0.071 0.066 0.066 0.067 0.112 0.145 0.089 0.071 0.082 0.082 0.075 0.118 0.08 0.005 0.065 0.112 0.155 0.135 0.128 0.158 0.15 0.113 0.096 0.112 0.036 -0.021 0.097 0.113 -0.011 0.078 0.181 0.169 0.17 0.16 0.077 0.143 0.282 0.278 0.359 0.322 0.223 0.215 0.328 0.358 0.319 0.311 0.26 0.27 0.277 0.314 0.263 0.224 0.227 0.283 0.266 0.187 0.171 0.219 0.174
0.049 0.051 0.049 0.041 0.052 0.046 0.06 0.06 0.057 0.05 0.052 0.071 0.056 0.043 0.051 0.059 0.073 0.08 0.083 0.077 0.077 0.08 0.1 0.107 0.107 0.106 0.117 0.11 0.11 0.083 0.089 0.092 0.084 0.097 0.115 0.133 0.138 0.168 0.11 0.105 0.105 0.115 0.119 0.078 0.133 0.084 -0.013 0.069 0.073 0.205 0.208 0.169 0.166 0.178 0.147 0.187 0.232 0.29 0.287 0.169 0.142 0.193 0.25 0.315 0.262 0.256 0.36 0.338 0.335 0.295 0.393 0.411 0.359 0.269 0.249 0.242 0.208
0.046 0.05 0.049 0.049 0.041 0.035 0.049 0.048 0.043 0.054 0.053 0.057 0.056 0.046 0.069 0.084 0.085 0.075 0.068 0.09 0.078 0.095 0.09 0.104 0.084 0.016 0.011 0.041 0.053 0.073 0.095 0.094 0.092 0.085 0.089 0.097 0.093 0.057 0.064 0.101 0.11 0.112 0.102 0.13 -0.3 -0.06 0.116 0.133 0.085 0.083 0.185 0.174 0.187 0.199 0.249 0.215 0.251 0.289 0.318 0.298 0.304 0.351 0.392 0.379 0.336 0.4 0.327 0.277 0.267 0.312 0.276 0.285 0.142 0.209 0.436 0.427 0.379
0.045 0.046 0.041 0.043 0.047 0.043 0.039 0.041 0.04 0.047 0.013 0.035 0.058 0.043 0.052 0.049 0.054 0.059 0.069 0.082 0.073 0.082 0.076 0.102 0.079 0.028 0.075 0.077 0.02 0.091 0.101 0.12 0.127 0.125 0.09 0.102 0.125 0.11 0.085 0.088 0.088 0.095 0.113 0.123 -0.3 -0.3 -0.3 0.125 0.152 0.147 0.123 0.153 0.193 0.259 0.194 0.178 0.13 0.172 0.147 0.179 0.222 0.243 0.333 0.337 0.231 0.248 0.282 0.333 0.31 0.323 0.283 0.308 0.209 0.163 0.142 0.221 0.284
0.044 0.047 0.045 0.045 0.048 0.049 0.048 0.038 0.034 0.043 0.05 0.051 0.063 0.148 0.054 0.05 0.056 0.059 0.074 0.071 0.076 0.079 0.077 0.073 0.086 0.089 0.081 0.087 0.084 0.074 0.03 0.004 -0.004 -0.01 0.075 0.087 0.09 0.09 0.132 0.117 0.104 0.122 0.103 0.113 0.118 -0.3 -0.3 0.1 0.089 0.113 0.155 0.156 0.14 0.147 0.124 0.157 0.097 0.119 0.124 0.305 0.276 0.228 0.302 0.237 0.218 0.264 0.291 0.29 0.165 0.359 0.327 0.297 0.373 0.404 0.304 0.163 0.331
0.041 0.048 0.051 0.042 0.049 0.05 0.051 0.048 0.042 0.044 0.052 0.05 0.088 0.122 0.053 0.055 0.07 0.064 0.066 0.076 0.094 0.073 0.067 0.076 0.072 0.08 0.094 0.107 0.09 0.117 0.109 0.088 0.074 0.017 0.096 0.14 0.119 0.096 0.095 0.113 0.115 0.121 0.117 0.126 0.124 0.121 0.12 0.133 0.136 0.129 0.143 0.175 0.16 0.177 0.185 0.196 0.184 0.185 0.21 0.194 0.332 0.337 0.344 0.345 0.32 0.344 0.368 0.266 0.151 0.276 0.262 0.309 0.415 0.427 0.373 0.275 0.367
0.043 0.046 0.051 0.051 0.047 0.05 0.052 0.054 0.051 0.045 0.053 0.043 0.072 0.135 0.122 0.052 0.054 0.063 0.063 0.077 0.082 0.101 0.081 0.093 0.064 0.084 0.072 0.083 0.098 0.108 0.122 0.122 0.125 0.098 0.108 0.127 0.112 0.092 0.092 0.116 0.119 0.095 0.089 0.089 0.133 0.143 0.128 0.136 0.139 0.138 0.15 0.175 0.176 0.211 0.216 0.154 0.155 0.229 0.248 0.216 0.243 0.285 0.365 0.361 0.367 0.343 0.343 0.333 0.331 0.25 0.222 0.197 0.317 0.391 0.426 0.355 0.356
0.052 0.049 0.053 0.052 0.046 0.047 0.046 0.047 0.049 0.053 0.048 0.048 0.053 0.054 0.051 0.061 0.053 0.047 0.046 0.063 0.071 -0.008 0.072 0.071 0.083 0.116 0.099 0.117 0.103 0.107 0.111 0.104 0.117 0.129 0.133 0.097 0.088 0.09 0.084 0.106 0.097 0.104 0.107 0.113 0.114 0.152 0.133 0.142 0.125 0.146 0.114 0.122 0.146 0.191 0.145 0.165 0.327 0.354 0.251 0.258 0.3 0.274 0.266 0.263 0.236 0.175 0.249 0.293 0.319 0.351 0.363 0.346 0.378 0.397 0.276 0.224 0.269
0.058 0.055 0.055 0.054 0.05 0.045 0.046 0.046 0.048 0.051 0.052 0.051 0.05 0.051 0.045 0.049 0.054 0.055 0.049 0.056 0.054 0.027 0.073 0.095 0.095 0.078 0.101 0.103 0.089 0.076 0.076 0.086 0.1 0.107 0.133 0.127 0.124 0.112 0.099 0.12 0.11 0.114 0.111 0.121 0.125 0.158 0.129 0.135 0.118 0.124 0.126 0.125 0.157 0.179 0.263 0.254 0.25 0.329 0.268 0.26 0.305 0.316 0.303 0.296 0.198 0.199 0.156 0.196 0.234 0.311 0.298 0.317 0.356 0.298 0.405 0.374 0.339
0.06 0.06 0.056 -0.3 0.037 0.051 0.049 0.049 0.049 0.054 0.053 0.052 0.053 0.053 0.045 0.045 0.052 0.055 0.058 0.059 0.057 0.065 0.069 0.062 0.073 0.065 0.081 0.08 0.073 0.081 0.097 0.099 0.085 0.075 0.1 0.113 0.113 0.115 0.108 0.093 0.107 0.107 0.125 0.132 0.14 0.188 0.176 0.132 0.121 0.094 0.109 0.139 0.164 0.182 0.27 0.297 0.294 0.307 0.263 0.261 0.308 0.308 0.357 0.345 0.355 0.265 0.267 0.292 0.31 0.344 0.343 0.329 0.374 0.296 0.391 0.442 0.444
0.06 0.06 0.059 0.065 0.054 0.047 0.033 0.04 0.047 0.055 0.054 0.052 0.051 0.054 0.049 0.046 0.051 0.058 0.058 0.068 0.057 0.06 0.052 0.072 0.057 0.075 0.079 0.085 0.093 0.081 0.089 0.085 0.076 0.097 0.109 0.109 0.121 0.118 0.101 0.112 0.103 0.086 0.08 0.085 0.159 0.187 0.188 0.163 0.206 0.105 0.17 0.132 0.147 0.129 0.243 0.274 0.324 0.283 0.238 0.312 0.313 0.348 0.344 0.371 0.3 0.26 0.286 0.325 0.3 0.384 0.324 0.262 0.3 0.342 0.341 0.369 0.401
0.06 0.055 0.06 0.062 0.066 0.071 0.06 0.01 -0.178 0.05 0.054 0.053 0.05 0.053 0.052 0.051 0.052 0.054 0.057 0.059 0.065 0.07 0.057 0.072 0.046 0.056 0.066 0.083 0.083 0.086 0.072 0.078 0.078 0.099 0.102 0.115 0.123 0.116 0.113 0.127 0.118 0.106 0.093 0.112 0.131 0.155 0.164 0.163 0.138 0.123 0.16 0.116 0.177 0.182 0.272 0.265 0.267 0.29 0.25 0.31 0.348 0.359 0.337 0.377 0.432 0.318 0.321 0.36 0.358 0.388 0.433 0.374 0.358 0.363 0.259 0.325 0.384
0.063 0.057 0.059 0.063 0.062 0.069 0.069 0.064 0.063 0.049 0.056 0.055 0.056 0.055 0.055 0.052 0.05 0.051 0.053 0.056 0.057 0.053 0.06 0.064 0.063 0.073 0.056 0.083 0.068 0.08 0.079 0.07 0.089 0.1 0.097 0.076 0.09 0.088 0.083 0.075 0.076 0.076 0.104 0.153 0.126 0.098 0.128 0.12 0.132 0.125 0.128 0.153 0.19 0.169 0.181 0.24 0.265 0.274 0.232 0.287 0.299 0.315 0.331 0.323 0.355 0.394 0.393 0.404 0.403 0.439 0.413 0.421 0.42 0.43 0.419 0.361 0.351
0.066 0.066 0.098 0.115 0.07 0.069 0.061 0.064 0.064 0.064 0.062 0.058 0.055 0.055 0.058 0.058 0.057 0.052 0.055 0.054 0.055 0.053 0.051 0.054 0.045 0.059 0.056 0.064 0.06 0.058 0.062 0.059 0.062 0.085 0.115 0.119 0.112 0.09 0.041 0.091 0.115 0.125 0.124 0.113 0.111 0.114 0.123 0.132 0.128 0.139 0.162 0.156 0.165 0.168 0.179 0.141 0.18 0.27 0.316 0.241 0.253 0.296 0.3 0.324 0.358 0.384 0.385 0.333 0.298 0.314 0.283 0.297 0.324 0.353 0.396 0.415 0.411
0.125 0.095 0.068 0.063 0.076 0.052 0.049 0.06 0.066 0.064 0.064 0.064 0.066 0.061 0.058 0.063 0.055 0.055 0.059 0.052 0.051 0.055 0.053 0.05 0.047 0.043 0.045 0.055 0.055 0.074 0.076 0.077 0.065 0.07 0.071 0.079 0.074 0.066 0.053 0.182 0.178 0.115 0.085 0.074 0.1 0.087 0.105 0.147 0.136 0.181 0.176 0.186 0.189 0.155 0.22 0.206 0.195 0.231 0.333 0.355 0.317 0.311 0.259 0.258 0.301 0.283 0.291 -0.029 0.339 0.286 0.254 0.257 0.295 0.284 0.29 0.326 0.394
