data/china_ndvi_max_2005.asc
ncols         710
nrows         510
xllcorner     70
yllcorner     10
cellsize      0.1
NODATA_value  -9999
[rows 170 to 203 of 510, columns 77 to 153 of 710]
-9999 -9999 -9999 -9999 -9999 -9999 -9999 -9999 -9999 -9999 -9999 -9999 -9999 -9999 -9999 -9999 -9999 -9999 -9999 -9999 -9999 -9999 -9999 -9999 -9999 -9999 -9999 -9999 -9999 0.167 0.229 0.3 0.332 0.379 0.386 0.396 0.32 0.277 0.336 0.349 0.352 0.324 0.192 0.241 0.259 0.278 0.281 0.254 0.297 0.302 0.313 0.369 0.425 0.472 0.464 0.496 0.513 0.472 0.213 0.275 0.146 0.098 0.136 0.072 0.08 0.211 0.213 0.188 0.216 0.209 0.26 0.214 0.259 0.14 0.179 0.157 0.322
-9999 -9999 -9999 -9999 -9999 -9999 -9999 -9999 -9999 -9999 -9999 -9999 -9999 -9999 -9999 -9999 -9999 -9999 -9999 -9999 -9999 -9999 -9999 -9999 -9999 -9999 -9999 -9999 -9999 0.241 0.256 0.326 0.308 0.26 0.283 0.3 0.33 0.354 0.328 0.38 0.362 0.372 0.344 0.312 0.269 0.269 0.276 0.269 0.316 0.29 0.298 0.298 0.369 0.415 0.437 0.455 0.46 0.469 0.45 0.398 0.369 0.346 0.366 0.258 0.131 0.132 0.075 0.078 0.037 0.075 0.159 0.142 0.152 0.2 0.16 0.214 0.263
-9999 -9999 -9999 -9999 -9999 -9999 -9999 -9999 -9999 -9999 -9999 -9999 -9999 -9999 -9999 -9999 -9999 -9999 -9999 -9999 -9999 -9999 -9999 -9999 -9999 -9999 -9999 -9999 -9999 -9999 0.175 0.154 0.14 0.159 0.188 0.213 0.227 0.214 0.249 0.304 0.362 0.376 0.367 0.224 0.197 0.204 0.22 0.283 0.346 0.354 0.35 0.358 0.429 0.461 0.459 0.468 0.478 0.475 0.482 0.471 0.461 0.476 0.454 0.383 0.385 0.392 0.25 0.192 0.113 0.014 0.12 -0.012 0.105 0.042 0.129 0.118 0.194
-9999 -9999 -9999 -9999 -9999 -9999 -9999 -9999 -9999 -9999 -9999 -9999 -9999 -9999 -9999 -9999 -9999 -9999 -9999 -9999 -9999 -9999 -9999 -9999 -9999 -9999 -9999 -9999 -9999 -9999 0.159 0.145 0.157 0.163 0.188 0.263 0.172 0.178 0.18 0.191 0.198 0.269 0.291 0.32 0.261 0.183 0.189 0.249 0.276 0.315 0.338 0.362 0.38 0.476 0.461 0.477 0.483 0.507 0.486 0.383 0.37 0.387 0.395 0.229 0.252 0.185 0.334 0.201 0.279 0.245 0.253 0.068 0.066 -0.024 -0.017 0.003 0.053
-9999 -9999 -9999 -9999 -9999 -9999 -9999 -9999 -9999 -9999 -9999 -9999 -9999 -9999 -9999 -9999 -9999 -9999 -9999 -9999 -9999 -9999 -9999 -9999 -9999 -9999 -9999 -9999 -9999 -9999 -9999 0.216 0.233 0.266 0.267 0.297 0.291 0.263 0.221 0.226 0.249 0.204 0.197 0.325 0.347 0.332 0.346 0.359 0.317 0.383 0.346 0.326 0.342 0.396 0.423 0.444 0.438 0.469 0.504 0.488 0.447 0.386 0.39 0.238 0.209 0.156 0.227 0.301 0.054 0.089 0.147 0.075 -0.011 -0.007 -0.017 -0.007 0.01
-9999 -9999 -9999 -9999 -9999 -9999 -9999 -9999 -9999 -9999 -9999 -9999 -9999 -9999 -9999 -9999 -9999 -9999 -9999 -9999 -9999 -9999 -9999 -9999 -9999 -9999 -9999 -9999 -9999 -9999 -9999 0.44 0.404 0.284 0.291 0.294 0.222 0.329 0.432 0.435 0.458 0.416 0.36 0.434 0.367 0.306 0.283 0.267 0.214 0.215 0.18 0.253 0.252 0.332 0.351 0.375 0.361 0.43 0.469 0.5 0.491 0.457 0.417 0.465 0.481 0.48 0.449 0.422 0.357 0.325 0.3 0.088 0.096 0.092 0.16 0.115 0.113
-9999 -9999 -9999 -9999 -9999 -9999 -9999 -9999 -9999 -9999 -9999 -9999 -9999 -9999 -9999 -9999 -9999 -9999 -9999 -9999 -9999 -9999 -9999 -9999 -9999 -9999 -9999 -9999 -9999 -9999 -9999 0.296 0.36 0.382 0.429 0.41 0.421 0.457 0.457 0.452 0.395 0.334 0.35 0.38 0.339 0.344 0.341 0.312 0.252 0.308 0.32 0.372 0.409 0.445 0.434 0.426 0.437 0.484 0.447 0.437 0.433 0.477 0.488 0.461 0.459 0.504 0.486 0.47 0.408 0.414 0.337 0.276 0.247 0.101 0.113 0.137 0.112
-9999 -9999 -9999 -9999 -9999 -9999 -9999 -9999 -9999 -9999 -9999 -9999 -9999 -9999 -9999 -9999 -9999 -9999 -9999 -9999 -9999 -9999 -9999 -9999 -9999 -9999 -9999 -9999 -9999 -9999 -9999 0.445 0.459 0.459 0.394 0.404 0.423 0.426 0.337 0.321 0.297 0.321 0.325 0.276 0.282 0.302 0.336 0.325 0.421 0.447 0.461 0.464 0.481 0.472 0.449 0.458 0.369 0.311 0.318 0.27 0.323 0.318 0.37 0.412 0.396 0.353 0.383 0.428 0.329 0.3 0.335 0.337 0.242 0.187 0.17 0.171 0.155
-9999 -9999 -9999 -9999 -9999 -9999 -9999 -9999 -9999 -9999 -9999 -9999 -9999 -9999 -9999 -9999 -9999 -9999 -9999 -9999 -9999 -9999 -9999 -9999 -9999 -9999 -9999 -9999 -9999 0.362 0.422 0.472 0.465 0.394 0.335 0.367 0.4 0.422 0.409 0.382 0.338 0.299 0.243 0.391 0.386 0.427 0.44 0.456 0.468 0.457 0.502 0.485 0.465 0.426 0.396 0.413 0.41 0.361 0.232 0.156 0.08 0.017 0.049 0.209 0.17 0.232 0.31 0.321 0.289 0.211 0.179 0.238 0.232 0.147 0.161 0.165 0.185
-9999 -9999 -9999 -9999 -9999 -9999 -9999 -9999 -9999 -9999 -9999 -9999 -9999 -9999 -9999 -9999 -9999 -9999 -9999 -9999 -9999 -9999 -9999 -9999 -9999 -9999 -9999 0.367 0.428 0.482 0.469 0.419 0.403 0.4 0.372 0.41 0.406 0.38 0.347 0.35 0.345 0.339 0.32 0.415 0.444 0.428 0.443 0.424 0.464 0.392 0.378 0.369 0.331 0.266 0.276 0.205 0.195 0.226 0.132 0.137 0.184 0.257 0.315 0.289 0.256 0.244 0.277 0.294 0.28 0.245 0.201 0.2 0.254 0.201 0.193 0.145 0.172
-9999 -9999 -9999 -9999 -9999 -9999 -9999 -9999 -9999 -9999 -9999 -9999 -9999 -9999 -9999 -9999 -9999 -9999 -9999 -9999 -9999 -9999 -9999 -9999 -9999 -9999 -9999 -9999 -9999 -9999 0.352 0.352 0.361 0.352 0.37 0.406 0.448 0.435 0.439 0.458 0.452 0.413 0.48 0.463 0.327 0.353 0.293 0.046 0.19 0.226 0.181 0.285 0.351 0.263 0.238 0.26 0.279 0.251 0.215 0.216 0.259 0.324 0.328 0.29 0.282 0.233 0.255 0.34 0.309 0.283 0.266 0.194 0.082 0.215 0.174 0.152 0.127
-9999 -9999 -9999 -9999 -9999 -9999 -9999 -9999 -9999 -9999 -9999 -9999 -9999 -9999 -9999 -9999 -9999 -9999 -9999 -9999 -9999 -9999 -9999 -9999 -9999 -9999 0.348 0.364 0.355 0.374 0.373 0.364 0.343 0.387 0.407 0.408 0.408 0.427 0.385 0.348 0.275 0.275 0.416 0.294 0.191 0.117 0.166 0.1 0.272 0.362 0.314 0.239 0.259 0.2 0.178 0.194 0.25 0.269 0.246 0.241 0.246 0.264 0.241 0.332 0.332 0.308 0.301 0.315 0.321 0.312 0.285 0.201 0.137 0.136 0.221 0.227 0.233
-9999 -9999 -9999 -9999 -9999 -9999 -9999 -9999 -9999 -9999 -9999 -9999 -9999 -9999 -9999 -9999 -9999 -9999 -9999 -9999 -9999 -9999 -9999 -9999 -9999 -9999 0.383 0.346 0.392 0.382 0.4 0.405 0.401 0.381 0.401 0.299 0.143 0.235 0.178 0.205 0.156 0.196 0.295 0.286 0.282 0.33 0.343 0.359 0.275 0.148 0.127 0.034 0.108 0.021 0.025 0.063 0.09 0.145 0.291 0.328 0.289 0.3 0.322 0.333 0.324 0.324 0.323 0.331 0.327 0.334 0.306 0.266 0.215 0.088 0.081 0.057 0.047
-9999 -9999 -9999 -9999 -9999 -9999 -9999 -9999 -9999 -9999 -9999 -9999 -9999 -9999 -9999 -9999 -9999 -9999 -9999 -9999 -9999 -9999 -9999 -9999 -9999 0.421 0.437 0.379 0.412 0.459 0.378 0.358 0.278 0.176 0.361 0.163 0.169 0.235 0.205 0.066 0.074 0.083 0.161 0.354 0.349 0.381 0.361 0.3 0.139 0.055 0.066 0.042 0.094 0.034 0.198 0.22 0.276 0.265 0.289 0.307 0.328 0.339 0.333 0.359 0.356 0.339 0.348 0.349 0.364 0.332 0.342 0.34 0.359 0.188 0.122 0.046 -0.004
-9999 -9999 -9999 -9999 -9999 -9999 -9999 -9999 -9999 -9999 -9999 -9999 -9999 -9999 -9999 -9999 -9999 -9999 -9999 -9999 -9999 -9999 -9999 -9999 -9999 -9999 0.308 0.366 0.216 0.324 0.344 0.252 0.169 0.306 0.302 0.339 0.286 0.395 0.155 0.154 0.244 0.172 0.305 0.364 0.31 0.219 0.224 0.056 0.099 0.131 0.152 0.167 0.082 0.113 0.06 0.141 0.135 0.032 0.216 0.183 0.126 0.091 0.11 0.223 0.288 0.308 0.31 0.305 0.317 0.332 0.326 0.292 0.282 0.189 0.139 0.038 0.141
-9999 -9999 -9999 -9999 -9999 -9999 -9999 -9999 -9999 -9999 -9999 -9999 -9999 -9999 -9999 -9999 -9999 -9999 -9999 -9999 -9999 -9999 -9999 -9999 -9999 -9999 0.148 0.237 -0.031 0.046 0.04 0.022 0.017 0.007 0.059 0.048 -0.011 0.001 -0.006 -0.017 -0.03 0.012 0.005 0.105 0.084 0.149 0.179 0.146 0.173 0.17 0.135 0.163 0.198 0.245 0.314 0.234 0.245 0.226 0.25 0.219 0.177 0.29 0.358 0.228 0.204 0.042 0.014 0.073 0.227 0.051 0.085 0.293 0.255 0.317 0.264 0.253 0.169
-9999 -9999 -9999 -9999 -9999 -9999 -9999 -9999 -9999 -9999 -9999 -9999 -9999 -9999 -9999 -9999 -9999 -9999 -9999 -9999 -9999 -9999 -9999 -9999 -9999 -9999 -0.014 -0.03 0.011 0.041 0.045 0.02 -0.002 -0.035 0.01 0.003 0.072 0.014 0.043 0.155 0.14 0.101 0.188 0.158 0.161 0.162 0.21 0.177 0.127 0.142 0.105 0.092 0.112 0.161 0.19 0.178 0.19 0.212 0.27 0.203 0.252 0.203 0.157 0.228 0.216 0.237 0.193 0.234 0.225 0.187 0.208 0.148 0.194 0.171 0.185 0.22 0.212
-9999 -9999 -9999 -9999 -9999 -9999 -9999 -9999 -9999 -9999 -9999 -9999 -9999 -9999 -9999 -9999 -9999 -9999 -9999 -9999 -9999 -9999 -9999 -9999 -9999 -0.044 -0.043 -0.014 -0.011 0.035 0.063 0.013 -0.016 0.007 0.079 0.045 0.1 0.147 0.197 0.15 0.21 0.16 0.163 0.229 0.228 0.237 0.179 0.16 0.126 0.16 0.169 0.067 0.077 0.104 0.112 0.111 0.121 0.15 0.202 0.217 0.219 0.202 0.136 0.08 0.083 0.079 0.094 0.129 0.102 0.137 0.145 0.142 0.131 0.19 0.237 0.213 0.167
-9999 -9999 -9999 -9999 -9999 -9999 -9999 -9999 -9999 -9999 -9999 -9999 -9999 -9999 -9999 -9999 -9999 -9999 -9999 -9999 -9999 -9999 -9999 -0.036 -0.037 -0.042 -0.032 -0.038 0.032 0.061 0.102 0.091 0.078 -0.014 0.003 0.172 0.188 0.25 0.216 0.204 0.161 0.214 0.241 0.175 0.134 0.136 0.116 0.099 0.098 0.195 0.097 0.081 0.085 0.102 0.116 0.107 0.114 0.125 0.095 0.101 0.106 0.093 0.093 0.05 0.057 0.055 0.057 0.074 0.062 0.053 0.052 0.066 0.077 0.115 0.132 0.124 0.169
-9999 -9999 -9999 -9999 -9999 -9999 -9999 -9999 -9999 -9999 -9999 -9999 -9999 -9999 -9999 -9999 -9999 -9999 -9999 -9999 -9999 -9999 -0.038 -0.027 -0.044 -0.043 -0.026 -0.02 -0.02 -0.018 0.062 0.11 0.12 0.021 0.019 0.095 0.212 0.214 0.137 0.138 0.131 0.145 0.149 0.113 0.107 0.104 0.107 0.096 0.078 0.085 0.071 0.067 0.074 0.095 0.086 0.096 0.103 0.098 0.097 0.095 0.095 0.113 0.107 0.066 0.063 0.06 0.052 0.052 0.043 0.061 0.077 0.063 0.073 0.143 0.063 0.066 0.087
-9999 -9999 -9999 -9999 -9999 -9999 -9999 -9999 -9999 -9999 -9999 -9999 -9999 -9999 -9999 -9999 -9999 -9999 -9999 -9999 -9999 0.011 0.032 -0.01 -0.038 -0.023 0.082 0.129 -0.005 0.164 0.178 0.175 0.269 0.299 0.255 0.255 0.261 0.186 0.098 0.114 0.114 0.084 0.082 0.182 0.112 0.061 0.068 0.07 0.053 0.058 0.055 0.066 0.061 0.065 0.061 0.052 0.056 0.059 0.051 0.066 0.055 0.085 0.067 0.117 0.279 0.304 0.086 0.055 0.149 0.18 0.178 0.08 0.102 0.098 0.076 0.071 0.06
-9999 -9999 -9999 -9999 -9999 -9999 -9999 -9999 -9999 -9999 -9999 -9999 -9999 -9999 -9999 -9999 -9999 0.084 0.123 0.151 0.166 0.163 0.081 -0.019 -0.014 -0.015 0.098 0.253 0.228 0.3 0.277 0.228 0.212 0.224 0.311 0.201 0.107 0.103 0.088 0.059 0.097 0.144 0.299 0.206 0.216 0.22 0.159 0.126 0.051 0.053 0.058 0.06 0.056 0.079 0.042 0.119 0.05 0.053 0.059 0.07 0.065 0.094 0.1 0.151 0.206 0.299 0.178 0.071 0.064 0.099 0.156 0.106 0.082 0.081 0.047 0.048 0.047
-9999 -9999 -9999 -9999 -9999 -9999 -9999 -9999 -9999 -9999 -9999 -9999 -9999 -9999 -9999 0.104 0.161 0.145 0.111 0.113 0.147 0.209 0.214 0.228 0.219 0.262 0.277 0.243 0.202 0.17 0.14 0.117 0.11 0.171 0.266 0.268 0.204 0.206 0.159 0.225 0.202 0.296 0.242 0.175 0.107 0.061 0.056 0.039 0.059 0.064 0.086 0.085 0.1 0.217 0.215 0.255 0.177 0.097 0.066 0.07 0.066 0.067 0.065 0.088 0.101 0.204 0.178 0.113 0.062 0.08 0.054 0.08 0.07 0.037 0.041 0.04 0.041
-9999 -9999 -9999 -9999 -9999 -9999 -9999 -9999 -9999 -9999 -9999 -9999 -0.022 0.079 0.131 0.151 0.113 0.144 0.097 0.097 0.095 0.111 0.122 0.181 0.144 0.136 0.125 0.114 0.109 0.111 0.117 0.095 0.1 0.144 0.192 0.226 0.301 0.28 0.142 0.127 0.125 0.075 0.059 0.062 0.063 0.052 0.054 0.06 0.183 0.231 0.306 0.292 0.277 0.222 0.18 0.149 0.091 0.079 0.067 0.065 0.069 0.067 0.066 0.085 0.109 0.141 0.085 0.066 0.135 0.103 0.093 0.08 0.05 0.045 0.044 0.045 0.041
-9999 -9999 -9999 -9999 -9999 -9999 -9999 -9999 -9999 -9999 0.021 0.013 0.065 0.18 0.148 0.098 0.084 0.105 0.093 0.073 0.123 0.152 0.163 0.079 0.082 0.086 0.09 0.091 0.073 0.082 0.087 0.084 0.083 0.079 0.07 0.068 0.074 0.066 0.073 0.061 0.06 0.059 0.058 0.055 0.054 0.067 0.119 0.253 0.296 0.326 0.322 0.328 0.333 0.258 0.225 0.156 0.113 0.102 0.094 0.083 0.081 0.072 0.065 0.104 0.115 0.093 0.17 0.159 0.162 0.094 0.099 0.052 0.039 0.037 0.048 0.045 0.043
-9999 0.055 0.046 0.113 0.086 0.068 -9999 0.052 0.09 0.1 0.081 0.128 0.157 0.077 0.052 0.051 0.22 0.173 0.083 0.05 0.059 0.156 0.07 0.183 0.295 0.09 0.078 0.065 0.05 0.096 0.089 0.304 0.161 0.069 0.071 0.059 0.047 0.045 0.066 0.058 0.058 0.055 0.074 0.046 0.039 0.094 0.247 0.209 0.236 0.3 0.292 0.224 0.212 0.268 0.146 0.114 0.172 0.216 0.094 0.078 0.126 0.173 0.195 0.069 0.063 0.083 0.128 0.089 0.037 0.042 0.055 0.097 0.067 0.116 0.083 0.06 0.057
-0.003 0.029 0.013 0.107 0.088 0.089 0.078 0.038 0.1 0.102 0.129 0.148 0.146 0.076 0.124 0.152 0.269 0.292 0.221 0.2 0.097 0.131 0.244 0.245 0.338 0.277 0.307 0.249 0.265 0.28 0.167 0.264 0.15 0.072 0.07 0.071 0.062 0.064 0.063 0.054 0.056 0.06 0.053 0.045 0.048 0.041 0.079 0.206 0.212 0.262 0.281 0.248 0.205 0.157 0.227 0.277 0.162 0.202 0.185 0.167 0.13 0.145 0.184 0.07 0.09 0.126 0.12 0.128 0.071 0.076 0.086 0.092 0.109 0.101 0.093 0.096 0.104
0.1 0.119 0.098 0.075 0.082 0.095 0.063 0.108 0.152 0.133 0.1 0.091 0.085 0.221 0.304 0.287 0.254 0.277 0.163 0.213 0.271 0.316 0.343 0.259 0.284 0.366 0.258 0.21 0.282 0.239 0.121 0.166 0.153 0.099 0.097 0.082 0.066 0.069 0.074 0.078 0.051 0.056 0.052 0.037 0.039 0.052 0.068 0.082 0.11 0.176 0.261 0.289 0.279 0.196 0.136 0.141 0.188 0.137 0.191 0.203 0.178 0.211 0.217 0.178 0.187 0.183 0.161 0.168 0.141 0.139 0.132 0.123 0.121 0.142 0.154 0.11 0.097
0.055 0.067 0.054 0.056 0.076 0.069 0.13 0.129 0.12 0.099 0.083 0.08 0.075 0.195 0.2 0.123 0.105 0.108 0.099 0.086 0.088 0.19 0.239 0.055 0.059 0.21 0.237 0.068 0.269 0.23 0.121 0.126 0.135 0.093 0.081 0.086 0.084 0.081 0.071 0.058 0.053 0.047 0.05 0.055 0.083 0.071 0.075 0.098 0.077 0.116 0.17 0.31 0.261 0.206 0.207 0.159 0.172 0.184 0.238 0.166 0.218 0.203 0.174 0.16 0.19 0.183 0.085 0.083 0.118 0.129 0.1 0.087 0.105 0.143 0.11 0.089 0.079
0.013 0.006 0.021 0.011 0.037 0.098 0.159 0.156 0.101 0.088 0.124 0.086 0.12 0.13 0.157 0.148 0.155 0.125 0.118 0.106 0.09 0.087 0.089 0.066 0.129 0.257 0.281 0.148 0.261 0.22 0.102 0.078 0.125 0.083 0.081 0.079 0.073 0.072 0.064 0.09 0.064 0.059 0.068 0.045 0.049 0.062 0.114 0.099 0.11 0.195 0.173 0.253 0.273 0.19 0.177 0.226 0.242 0.223 0.171 0.124 0.174 0.134 0.095 0.102 0.121 0.103 0.064 0.073 0.06 0.063 0.065 0.063 0.067 0.082 0.122 0.135 0.123
0.144 0.121 0.103 0.1 0.117 0.131 0.13 0.14 0.151 0.155 0.176 0.198 0.153 0.141 0.141 0.156 0.157 0.138 0.133 0.117 0.11 0.095 0.093 0.277 0.242 0.302 0.317 0.377 0.223 0.135 0.102 0.069 0.058 0.067 0.06 0.054 0.055 0.054 0.098 0.044 0.042 0.061 0.061 0.117 0.094 0.138 0.18 0.176 0.13 0.177 0.138 0.191 0.204 0.176 0.13 0.136 0.125 0.094 0.051 0.063 0.096 0.091 0.092 0.06 0.056 0.052 0.05 0.049 0.054 0.056 0.057 0.054 0.052 0.046 0.054 0.055 0.068
0.134 0.125 0.117 0.189 0.171 0.162 0.189 0.225 0.248 0.236 0.222 0.181 0.16 0.127 0.133 0.128 0.131 0.124 0.109 0.11 0.093 0.093 0.093 0.161 0.17 0.313 0.316 0.323 0.246 0.085 0.162 0.085 0.062 0.063 0.063 0.056 0.069 0.067 0.137 0.1 0.077 0.083 0.092 0.086 0.076 0.095 0.109 0.082 0.052 0.055 0.046 0.05 0.083 0.063 0.047 0.057 0.049 0.044 0.041 0.042 0.044 0.044 0.049 0.047 0.044 0.044 0.048 0.049 0.051 0.056 0.049 0.049 0.048 0.05 0.051 0.052 0.054
0.144 0.161 0.166 0.171 0.188 0.169 0.186 0.158 0.201 0.159 0.122 0.119 0.113 0.123 0.112 0.113 0.113 0.11 0.101 0.111 0.097 0.123 0.248 0.16 0.104 0.297 0.334 0.328 0.303 0.275 0.167 0.043 0.091 0.159 0.136 0.119 0.114 0.157 0.271 0.268 0.26 0.266 0.12 0.073 0.074 0.061 0.059 0.053 0.047 0.045 0.047 0.048 0.049 0.046 0.043 0.044 0.045 0.041 0.04 0.044 0.042 0.042 0.042 0.046 0.048 0.047 0.046 0.046 0.047 0.048 0.048 0.051 0.053 0.051 0.049 0.051 0.051
0.126 0.137 0.154 0.167 0.159 0.162 0.115 0.086 0.109 0.11 0.103 0.108 0.114 0.097 0.102 0.125 0.108 0.105 0.098 0.102 0.124 0.269 0.354 0.127 0.084 0.265 0.304 0.317 0.245 0.283 0.264 0.29 0.184 0.096 0.132 0.105 0.33 0.298 0.371 0.317 0.307 0.173 0.1 0.049 0.048 0.044 0.041 0.04 0.039 0.037 0.038 0.04 0.037 0.043 0.041 0.039 0.041 0.04 0.039 0.036 0.041 0.044 0.043 0.043 0.044 0.046 0.047 0.046 0.045 0.047 0.047 0.047 0.047 0.05 0.048 0.049 0.05
