data/china_ndvi_max_2000.asc
ncols         710
nrows         510
xllcorner     70
yllcorner     10
cellsize      0.1
NODATA_value  -9999
[rows 102 to 135 of 510, columns 539 to 615 of 710]
0.52 0.499 0.54 0.468 0.459 0.49 0.516 0.481 0.496 0.498 0.496 0.501 0.48 0.463 0.477 0.453 0.468 0.498 0.494 0.475 0.513 0.484 0.479 0.481 0.466 0.497 0.458 0.478 0.474 0.488 0.469 0.495 0.482 0.475 -9999 -9999 -9999 -9999 -9999 -9999 -9999 -9999 -9999 -9999 -9999 -9999 -9999 -9999 -9999 -9999 -9999 -9999 -9999 -9999 -9999 -9999 -9999 -9999 -9999 -9999 -9999 -9999 -9999 -9999 -9999 -9999 -9999 -9999 -9999 -9999 -9999 -9999 -9999 -9999 -9999 -9999 -9999
0.533 0.527 0.538 0.481 0.485 0.487 0.482 0.533 0.487 0.49 0.512 0.502 0.463 0.462 0.451 0.509 0.477 0.454 0.475 0.507 0.507 0.458 0.454 0.488 0.503 0.513 0.486 0.492 0.48 0.462 0.488 0.515 0.524 0.49 0.458 -9999 -9999 -9999 -9999 -9999 -9999 -9999 -9999 -9999 -9999 -9999 -9999 -9999 -9999 -9999 -9999 -9999 -9999 -9999 -9999 -9999 -9999 -9999 -9999 -9999 -9999 -9999 -9999 -9999 -9999 -9999 -9999 -9999 -9999 -9999 -9999 -9999 -9999 -9999 -9999 -9999 -9999
0.468 0.528 0.526 0.49 0.468 0.505 0.472 0.483 0.464 0.477 0.486 0.474 0.465 0.473 0.488 0.474 0.489 0.471 0.458 0.424 0.447 0.46 0.46 0.474 0.49 0.504 0.482 0.487 0.497 0.489 0.469 0.456 0.496 0.48 -9999 -9999 -9999 -9999 -9999 -9999 -9999 -9999 -9999 -9999 -9999 -9999 -9999 -9999 -9999 -9999 -9999 -9999 -9999 -9999 -9999 -9999 -9999 -9999 -9999 -9999 -9999 -9999 -9999 -9999 -9999 -9999 -9999 -9999 -9999 -9999 -9999 -9999 -9999 -9999 -9999 -9999 -9999
0.536 0.489 0.367 0.43 0.46 0.463 0.446 0.5 0.464 0.466 0.432 0.447 0.502 0.449 0.489 0.532 0.47 0.451 0.477 0.481 0.476 0.446 0.448 0.458 0.456 0.503 0.491 0.478 0.51 0.57 0.505 0.497 0.46 0.475 0.441 -9999 -9999 -9999 -9999 -9999 -9999 -9999 -9999 -9999 -9999 -9999 -9999 -9999 -9999 -9999 -9999 -9999 -9999 -9999 -9999 -9999 -9999 -9999 -9999 -9999 -9999 -9999 -9999 -9999 -9999 -9999 -9999 -9999 -9999 -9999 -9999 -9999 -9999 -9999 -9999 -9999 -9999
0.5 0.516 0.469 0.477 0.459 0.471 0.452 0.462 0.455 0.451 0.471 0.452 0.459 0.496 0.497 0.485 0.428 0.452 0.468 0.474 0.479 0.444 0.446 0.466 0.495 0.492 0.47 0.526 0.538 0.54 0.58 0.508 0.504 0.497 0.477 -9999 -9999 -9999 -9999 -9999 -9999 -9999 -9999 -9999 -9999 -9999 -9999 -9999 -9999 -9999 -9999 -9999 -9999 -9999 -9999 -9999 -9999 -9999 -9999 -9999 -9999 -9999 -9999 -9999 -9999 -9999 -9999 -9999 -9999 -9999 -9999 -9999 -9999 -9999 -9999 -9999 -9999
0.55 0.506 0.502 0.464 0.485 0.468 0.433 0.46 0.456 0.452 0.452 0.492 0.482 0.476 0.498 0.47 0.491 0.49 0.458 0.432 0.45 0.432 0.473 0.436 0.447 0.506 0.521 0.548 0.524 0.501 0.518 0.466 0.48 0.493 0.473 0.427 0.344 -9999 -9999 -9999 -9999 -9999 -9999 -9999 -9999 -9999 -9999 -9999 -9999 -9999 -9999 -9999 -9999 -9999 -9999 -9999 -9999 -9999 -9999 -9999 -9999 -9999 -9999 -9999 -9999 -9999 -9999 -9999 -9999 -9999 -9999 -9999 -9999 -9999 -9999 -9999 -9999
0.563 0.539 0.531 0.485 0.469 0.481 0.447 0.459 0.48 0.446 0.447 0.476 0.484 0.495 0.454 0.465 0.481 0.452 0.413 0.378 0.427 0.455 0.45 0.48 0.519 0.549 0.518 0.492 0.496 0.516 0.491 0.46 0.477 0.479 0.478 0.489 0.375 -9999 -9999 -9999 -9999 -9999 -9999 -9999 -9999 -9999 -9999 -9999 -9999 -9999 -9999 -9999 -9999 -9999 -9999 -9999 -9999 -9999 -9999 -9999 -9999 -9999 -9999 -9999 -9999 -9999 -9999 -9999 -9999 -9999 -9999 -9999 -9999 -9999 -9999 -9999 -9999
0.516 0.511 0.501 0.494 0.413 0.456 0.453 0.437 0.458 0.472 0.433 0.45 0.446 0.482 0.442 0.492 0.487 0.415 0.434 0.437 0.442 0.475 0.475 0.501 0.509 0.482 0.486 0.495 0.488 0.486 0.471 0.451 0.46 0.467 0.464 0.39 -9999 -9999 -9999 -9999 -9999 -9999 -9999 -9999 -9999 -9999 -9999 -9999 -9999 -9999 -9999 -9999 -9999 -9999 -9999 -9999 -9999 -9999 -9999 -9999 -9999 -9999 -9999 -9999 -9999 -9999 -9999 -9999 -9999 -9999 -9999 -9999 -9999 -9999 -9999 -9999 -9999
0.518 0.485 0.493 0.45 0.424 0.41 0.39 0.402 0.438 0.411 0.432 0.487 0.428 0.477 0.508 0.489 0.387 0.423 0.444 0.499 0.466 0.484 0.483 0.474 0.454 0.463 0.48 0.503 0.515 0.506 0.545 0.45 0.542 0.491 0.416 0.378 0.36 -9999 -9999 -9999 -9999 -9999 -9999 -9999 -9999 -9999 -9999 -9999 -9999 -9999 -9999 -9999 -9999 -9999 -9999 -9999 -9999 -9999 -9999 -9999 -9999 -9999 -9999 -9999 -9999 -9999 -9999 -9999 -9999 -9999 -9999 -9999 -9999 -9999 -9999 -9999 -9999
0.506 0.494 0.463 0.442 0.467 0.448 0.389 0.416 0.412 0.426 0.428 0.431 0.49 0.482 0.496 0.478 0.426 0.444 0.46 0.462 0.482 0.479 0.485 0.463 0.49 0.508 0.511 0.486 0.481 0.511 0.526 0.509 0.531 0.516 0.49 0.412 0.377 -9999 -9999 -9999 -9999 -9999 -9999 -9999 -9999 -9999 -9999 -9999 -9999 -9999 -9999 -9999 -9999 -9999 -9999 -9999 -9999 -9999 -9999 -9999 -9999 -9999 -9999 -9999 -9999 -9999 -9999 -9999 -9999 -9999 -9999 -9999 -9999 -9999 -9999 -9999 -9999
0.489 0.496 0.454 0.429 0.389 0.355 0.366 0.364 0.409 0.403 0.419 0.474 0.484 0.487 0.497 0.434 0.389 0.403 0.44 0.459 0.462 0.47 0.473 0.468 0.479 0.495 0.497 0.508 0.504 0.513 0.515 0.503 0.514 0.49 0.488 0.472 0.472 0.436 -9999 -9999 -9999 -9999 -9999 -9999 -9999 -9999 -9999 -9999 -9999 -9999 -9999 -9999 -9999 -9999 -9999 -9999 -9999 -9999 -9999 -9999 -9999 -9999 -9999 -9999 -9999 -9999 -9999 -9999 -9999 -9999 -9999 -9999 -9999 -9999 -9999 -9999 -9999
0.463 0.46 0.451 0.423 0.398 0.354 0.385 0.388 0.393 0.414 0.405 0.448 0.382 0.424 0.461 0.419 0.403 0.391 0.423 0.418 0.434 0.441 0.441 0.444 0.448 0.458 0.56 0.536 0.524 0.517 0.552 0.44 0.461 0.445 0.453 0.508 0.498 0.519 0.405 -9999 -9999 -9999 -9999 -9999 -9999 -9999 -9999 -9999 -9999 -9999 -9999 -9999 -9999 -9999 -9999 -9999 -9999 -9999 -9999 -9999 -9999 -9999 -9999 -9999 -9999 -9999 -9999 -9999 -9999 -9999 -9999 -9999 -9999 -9999 -9999 -9999 -9999
0.455 0.443 0.439 0.433 0.409 0.388 0.405 0.397 0.379 0.384 0.375 0.415 0.433 0.41 0.402 0.406 0.416 0.423 0.417 0.436 0.423 0.468 0.441 0.419 0.452 0.477 0.534 0.551 0.509 0.548 0.591 0.481 0.44 0.435 0.433 0.471 0.487 0.506 0.456 0.423 0.411 0.383 0.378 0.379 0.397 0.365 0.398 0.381 0.372 -9999 -9999 -9999 -9999 -9999 -9999 -9999 -9999 -9999 -9999 -9999 -9999 -9999 -9999 -9999 -9999 -9999 -9999 -9999 -9999 -9999 -9999 -9999 -9999 -9999 -9999 -9999 -9999
0.484 0.492 0.466 0.498 0.472 0.37 0.415 0.389 0.416 0.469 0.434 0.391 0.378 0.377 0.368 0.371 0.386 0.375 0.381 0.434 0.431 0.459 0.433 0.482 0.516 0.528 0.502 0.482 0.525 0.523 0.511 0.433 0.436 0.45 0.414 0.421 0.458 0.457 0.441 0.476 0.417 0.409 0.42 0.427 0.431 0.436 0.415 0.417 0.474 0.513 0.469 0.401 -9999 -9999 -9999 0.406 0.405 -9999 -9999 -9999 -9999 -9999 -9999 -9999 -9999 -9999 -9999 -9999 -9999 -9999 -9999 -9999 -9999 -9999 -9999 -9999 -9999
0.477 0.462 0.461 0.45 0.425 0.4 0.395 0.392 0.412 0.446 0.446 0.439 0.38 0.367 0.354 0.38 0.391 0.383 0.384 0.409 0.409 0.429 0.438 0.483 0.511 0.51 0.485 0.513 0.514 0.493 0.467 0.462 0.484 0.464 0.458 0.463 0.455 0.459 0.45 0.442 0.412 0.436 0.427 0.425 0.44 0.438 0.446 0.455 0.462 0.444 0.497 0.475 0.491 0.497 0.523 0.493 0.425 -9999 -9999 -9999 -9999 -9999 -9999 -9999 -9999 -9999 -9999 -9999 -9999 -9999 -9999 -9999 -9999 -9999 -9999 -9999 -9999
0.475 0.462 0.441 0.436 0.428 0.425 0.457 0.417 0.417 0.439 0.423 0.391 0.39 0.317 0.369 0.38 0.433 0.407 0.417 0.429 0.405 0.407 0.401 0.433 0.496 0.476 0.429 0.469 0.464 0.462 0.459 0.421 0.444 0.471 0.493 0.476 0.421 0.42 0.447 0.481 0.482 0.421 0.391 0.44 0.481 0.416 0.504 0.494 0.507 0.482 0.572 0.49 0.507 0.481 0.538 0.539 0.488 0.507 0.447 -9999 -9999 -9999 -9999 -9999 -9999 -9999 -9999 -9999 -9999 -9999 -9999 -9999 -9999 -9999 -9999 -9999 -9999
0.499 0.491 0.429 0.429 0.436 0.452 0.426 0.456 0.464 0.407 0.376 0.363 0.349 0.35 0.398 0.392 0.423 0.41 0.407 0.426 0.423 0.396 0.394 0.4 0.441 0.453 0.468 0.492 0.477 0.436 0.481 0.454 0.454 0.452 0.463 0.47 0.429 0.483 0.516 0.538 0.544 0.403 0.447 0.49 0.467 0.448 0.53 0.528 0.497 0.53 0.467 0.512 0.552 0.535 0.531 0.479 0.502 0.578 0.511 0.399 -9999 -9999 -9999 -9999 -9999 -9999 -9999 -9999 -9999 -9999 -9999 -9999 -9999 -9999 -9999 -9999 -9999
0.443 0.436 0.41 0.416 0.438 0.48 0.452 0.44 0.459 0.394 0.403 0.388 0.374 0.371 0.407 0.376 0.425 0.418 0.435 0.424 0.403 0.411 0.395 0.41 0.46 0.474 0.465 0.483 0.463 0.446 0.475 0.477 0.438 0.43 0.421 0.412 0.544 0.545 0.543 0.566 0.526 0.461 0.472 0.519 0.463 0.541 0.515 0.518 0.488 0.466 0.501 0.502 0.517 0.484 0.494 0.48 0.482 0.501 0.486 0.498 0.421 0.433 -9999 -9999 -9999 -9999 -9999 -9999 -9999 -9999 -9999 -9999 -9999 -9999 -9999 -9999 -9999
0.438 0.376 0.365 0.4 0.43 0.395 0.413 0.438 0.385 0.413 0.394 0.387 0.408 0.394 0.364 0.445 0.429 0.394 0.41 0.427 0.435 0.417 0.414 0.417 0.428 0.437 0.461 0.483 0.456 0.43 0.43 0.449 0.443 0.422 0.457 0.515 0.495 0.502 0.596 0.6 0.563 0.567 0.571 0.57 0.531 0.527 0.483 0.454 0.484 0.476 0.536 0.525 0.555 0.6 0.583 0.54 0.581 0.584 0.602 0.597 0.596 0.41 0.408 -9999 -9999 0.398 -9999 -9999 -9999 -9999 -9999 -9999 -9999 -9999 -9999 -9999 -9999
0.396 0.376 0.413 0.417 0.422 0.41 0.374 0.346 0.374 0.391 0.393 0.382 0.38 0.367 0.375 0.413 0.44 0.443 0.446 0.471 0.461 0.446 0.401 0.45 0.45 0.429 0.449 0.478 0.435 0.417 0.428 0.434 0.446 0.481 0.489 0.511 0.491 0.494 0.594 0.595 0.59 0.552 0.533 0.537 0.513 0.514 0.483 0.522 0.477 0.452 0.471 0.489 0.545 0.591 0.577 0.606 0.603 0.588 0.576 0.612 0.62 0.486 0.473 0.476 0.479 0.504 0.498 0.497 -9999 -9999 -9999 -9999 -9999 -9999 -9999 -9999 -9999
0.397 0.369 0.387 0.39 0.401 0.468 0.373 0.288 0.362 0.358 0.362 0.36 0.377 0.4 0.432 0.428 0.373 0.428 0.466 0.475 0.455 0.44 0.349 0.36 0.461 0.5 0.433 0.406 0.403 0.424 0.411 0.443 0.447 0.505 0.503 0.483 0.543 0.571 0.568 0.64 0.567 0.535 0.524 0.533 0.497 0.506 0.521 0.502 0.487 0.493 0.444 0.476 0.511 0.576 0.594 0.641 0.648 0.647 0.585 0.609 0.642 0.521 0.6 0.538 0.472 0.505 0.468 -9999 -9999 -9999 -9999 -9999 -9999 -9999 -9999 -9999 -9999
0.392 0.362 0.355 0.372 0.383 0.405 0.313 0.335 0.361 0.37 0.374 0.36 0.374 0.375 0.408 0.408 0.399 0.392 0.375 0.374 0.366 0.394 0.368 0.397 0.446 0.452 0.402 0.354 0.405 0.386 0.412 0.551 0.514 0.512 0.53 0.54 0.561 0.553 0.534 0.566 0.544 0.533 0.574 0.524 0.557 0.559 0.512 0.55 0.484 0.467 0.477 0.541 0.631 0.633 0.598 0.584 0.593 0.567 0.61 0.611 0.611 0.564 0.545 0.492 0.447 0.436 0.399 -9999 -9999 -9999 -9999 -9999 -9999 -9999 -9999 -9999 -9999
0.356 0.368 0.37 0.358 0.38 0.389 0.286 0.333 0.358 0.374 0.345 0.343 0.365 0.385 0.375 0.368 0.362 0.403 0.36 0.376 0.375 0.385 0.384 0.383 0.403 0.393 0.399 0.403 0.425 0.397 0.449 0.441 0.453 0.49 0.516 0.511 0.56 0.534 0.528 0.54 0.532 0.586 0.574 0.563 0.541 0.537 0.507 0.508 0.481 0.515 0.613 0.622 0.612 0.642 0.635 0.623 0.569 0.601 0.614 0.618 0.66 0.577 0.533 0.49 0.46 0.435 0.48 0.455 0.533 -9999 -9999 -9999 -9999 -9999 -9999 -9999 -9999
0.377 0.37 0.351 0.374 0.376 0.355 0.315 0.351 0.368 0.351 0.381 0.371 0.375 0.382 0.36 0.363 0.37 0.37 0.38 0.413 0.398 0.379 0.418 0.453 0.407 0.404 0.405 0.415 0.474 0.431 0.423 0.438 0.457 0.426 0.469 0.526 0.551 0.53 0.565 0.562 0.534 0.505 0.546 0.552 0.614 0.6 0.624 0.608 0.621 0.601 0.625 0.649 0.642 0.592 0.655 0.677 0.613 0.586 0.579 0.609 0.598 0.442 0.458 0.462 0.488 0.566 0.545 0.559 0.545 -9999 -9999 -9999 -9999 -9999 -9999 -9999 -9999
0.38 0.312 0.36 0.378 0.377 0.382 0.299 0.362 0.337 0.344 0.362 0.373 0.39 0.394 0.395 0.349 0.374 0.409 0.383 0.412 0.447 0.449 0.447 0.405 0.4 0.385 0.367 0.363 0.367 0.425 0.452 0.464 0.478 0.487 0.445 0.461 0.527 0.563 0.517 0.519 0.504 0.508 0.511 0.517 0.556 0.581 0.586 0.579 0.576 0.627 0.667 0.628 0.636 0.602 0.611 0.598 0.437 0.531 0.592 0.613 0.618 0.505 0.549 0.533 0.53 0.594 0.502 0.53 0.555 0.524 -9999 -9999 -9999 -9999 -9999 -9999 -9999
0.384 0.37 0.404 0.39 0.377 0.409 0.32 0.32 0.356 0.375 0.37 0.384 0.395 0.393 0.386 0.38 0.389 0.414 0.404 0.42 0.424 0.472 0.455 0.407 0.401 0.38 0.334 0.37 0.386 0.411 0.428 0.41 0.437 0.493 0.516 0.452 0.546 0.557 0.509 0.503 0.516 0.51 0.52 0.575 0.584 0.622 0.552 0.553 0.5 0.595 0.652 0.637 0.629 0.639 0.582 0.5 0.573 0.615 0.624 0.638 0.643 0.492 0.535 0.5 0.558 0.649 0.559 0.567 0.533 -9999 -9999 -9999 -9999 -9999 -9999 -9999 -9999
0.373 0.385 0.42 0.427 0.398 0.415 0.349 0.358 0.385 0.386 0.391 0.359 0.375 0.387 0.395 0.377 0.398 0.42 0.406 0.412 0.454 0.439 0.402 0.396 0.406 0.398 0.403 0.387 0.409 0.403 0.412 0.414 0.42 0.431 0.495 0.529 0.52 0.526 0.523 0.525 0.516 0.514 0.537 0.558 0.593 0.587 0.563 0.568 0.495 0.559 0.606 0.692 0.703 0.636 0.591 0.597 0.639 0.648 0.646 0.609 0.581 0.52 0.479 0.529 0.566 0.634 0.617 0.561 -9999 -9999 -9999 -9999 -9999 -9999 -9999 -9999 -9999
0.355 0.354 0.357 0.4 0.366 0.297 0.359 0.351 0.377 0.363 0.357 0.379 0.384 0.39 0.378 0.382 0.401 0.383 0.392 0.39 0.35 0.39 0.392 0.401 0.407 0.418 0.406 0.396 0.367 0.39 0.396 0.442 0.448 0.481 0.512 0.546 0.496 0.55 0.56 0.524 0.543 0.588 0.57 0.608 0.565 0.575 0.579 0.591 0.556 0.584 0.612 0.593 0.609 0.597 0.618 0.652 0.61 0.605 0.622 0.609 0.614 0.558 0.557 0.572 0.587 0.59 0.585 0.588 0.529 -9999 -9999 -9999 -9999 -9999 -9999 -9999 -9999
0.435 0.338 0.373 0.403 0.291 0.35 0.376 0.394 0.372 0.35 0.346 0.385 0.369 0.411 0.351 0.359 0.366 0.397 0.395 0.407 0.42 0.423 0.416 0.417 0.4 0.424 0.467 0.401 0.421 0.429 0.414 0.447 0.463 0.487 0.491 0.474 0.56 0.526 0.527 0.593 0.607 0.53 0.561 0.559 0.598 0.631 0.586 0.604 0.495 0.416 0.425 0.613 0.601 0.645 0.586 0.549 0.627 0.566 0.578 0.576 0.559 0.535 0.572 0.552 0.546 0.579 0.53 0.57 0.591 0.469 -9999 -9999 -9999 -9999 -9999 -9999 -9999
0.422 0.359 0.359 0.367 0.325 0.355 0.4 0.38 0.381 0.382 0.409 0.389 0.373 0.371 0.375 0.374 0.407 0.413 0.402 0.398 0.378 0.41 0.407 0.408 0.416 0.391 0.477 0.414 0.4 0.389 0.387 0.404 0.414 0.457 0.427 0.442 0.527 0.579 0.565 0.591 0.592 0.515 0.574 0.588 0.589 0.588 0.608 0.59 0.543 0.513 0.501 0.494 0.579 0.636 0.559 0.537 0.635 0.616 0.638 0.606 0.591 0.581 0.579 0.507 0.584 0.6 0.545 0.55 0.493 0.486 0.416 -9999 -9999 -9999 -9999 -9999 -9999
0.4 0.356 0.352 0.324 0.355 0.367 0.398 0.411 0.385 0.388 0.372 0.376 0.376 0.362 0.378 0.376 0.405 0.407 0.418 0.404 0.408 0.409 0.393 0.435 0.416 0.421 0.395 0.399 0.392 0.375 0.388 0.407 0.406 0.398 0.438 0.449 0.51 0.529 0.582 0.577 0.461 0.537 0.591 0.618 0.585 0.583 0.593 0.529 0.477 0.497 0.512 0.577 0.599 0.601 0.6 0.656 0.653 0.627 0.632 0.621 0.612 0.58 0.584 0.502 0.567 0.566 0.463 0.443 0.444 0.484 0.41 -9999 -9999 0.376 0.382 0.378 0.372
0.375 0.363 0.331 0.346 0.391 0.408 0.39 0.357 0.402 0.373 0.406 0.38 0.372 0.362 0.391 0.397 0.404 0.41 0.405 0.414 0.404 0.389 0.387 0.423 0.414 0.409 0.404 0.391 0.376 0.38 0.409 0.384 0.39 0.401 0.44 0.464 0.514 0.531 0.493 0.507 0.454 0.559 0.586 0.607 0.624 0.587 0.57 0.604 0.628 0.605 0.636 0.599 0.531 0.529 0.575 0.622 0.622 0.639 0.622 0.637 0.658 0.572 0.629 0.619 0.516 0.552 0.403 0.454 0.404 0.396 0.406 0.373 0.381 0.393 0.395 0.388 0.396
0.398 0.322 0.335 0.344 0.392 0.364 0.381 0.378 0.372 0.373 0.393 0.367 0.341 0.375 0.38 0.396 0.39 0.386 0.387 0.409 0.404 0.404 0.408 0.415 0.401 0.419 0.416 0.425 0.396 0.393 0.405 0.406 0.401 0.412 0.418 0.436 0.494 0.467 0.437 0.435 0.498 0.572 0.586 0.583 0.593 0.566 0.586 0.611 0.562 0.59 0.655 0.619 0.627 0.603 0.541 0.59 0.65 0.609 0.635 0.62 0.622 0.576 0.573 0.562 0.521 0.48 0.405 0.413 0.397 0.379 0.404 0.38 0.371 0.376 0.388 0.389 0.387
0.303 0.326 0.378 0.319 0.311 0.328 0.339 0.362 0.384 0.375 0.378 0.384 0.388 0.341 0.376 0.364 0.377 0.398 0.413 0.437 0.406 0.411 0.413 0.4 0.421 0.432 0.393 0.41 0.425 0.418 0.389 0.416 0.406 0.415 0.398 0.455 0.427 0.475 0.531 0.517 0.509 0.515 0.543 0.549 0.591 0.592 0.586 0.61 0.594 0.611 0.617 0.635 0.633 0.61 0.592 0.569 0.596 0.598 0.641 0.649 0.639 0.565 0.545 0.535 0.369 0.475 0.39 0.379 0.378 0.394 0.362 0.428 0.404 0.404 0.403 0.392 0.387
