data/china_ndvi_max_1997.asc
ncols         710
nrows         510
xllcorner     70
yllcorner     10
cellsize      0.1
NODATA_value  -9999
[rows 170 to 203 of 510, columns 462 to 538 of 710]
0.236 0.258 0.249 0.252 0.261 0.292 0.336 0.315 0.307 0.307 0.317 0.32 0.348 0.409 0.382 0.352 0.35 0.348 0.38 0.371 0.334 0.267 0.324 0.366 0.341 0.322 0.321 0.331 0.333 0.444 0.346 0.302 0.299 0.348 0.373 0.302 0.279 0.28 0.27 0.286 0.288 0.281 0.294 0.29 0.295 0.255 0.224 0.221 0.296 0.336 0.287 0.271 0.279 0.354 0.316 0.327 0.315 0.306 0.301 0.304 0.292 0.295 0.34 0.316 0.343 0.312 0.313 0.325 0.315 0.292 0.312 0.309 0.309 0.305 0.305 0.285 0.341
0.255 0.244 0.258 0.26 0.267 0.314 0.303 0.281 0.337 0.34 0.336 0.36 0.407 0.395 0.367 0.376 0.38 0.359 0.409 0.342 0.312 0.292 0.272 0.306 0.31 0.327 0.29 0.316 0.283 0.272 0.277 0.299 0.316 0.319 0.313 0.341 0.308 0.269 0.291 0.311 0.31 0.279 0.284 0.258 0.253 0.26 0.274 0.259 0.238 0.258 0.298 0.345 0.383 0.292 0.302 0.297 0.293 0.28 0.311 0.307 0.319 0.357 0.381 0.38 0.426 0.408 0.402 0.353 0.321 0.319 0.343 0.351 0.298 0.332 0.296 0.326 0.353
0.235 0.226 0.237 0.278 0.255 0.268 0.301 0.312 0.364 0.338 0.342 0.389 0.437 0.42 0.39 0.381 0.464 0.411 0.309 0.31 0.321 0.319 0.286 0.282 0.352 0.418 0.303 0.318 0.258 0.282 0.32 0.378 0.329 0.286 0.307 0.291 0.305 0.334 0.266 0.291 0.304 0.299 0.281 0.263 0.27 0.261 0.254 0.265 0.317 0.347 0.395 0.364 0.315 0.317 0.305 0.318 0.345 0.368 0.351 0.362 0.373 0.38 0.385 0.375 0.335 0.335 0.38 0.408 0.367 0.36 0.36 0.368 0.373 0.368 0.367 0.355 0.389
0.231 0.233 0.234 0.228 0.257 0.253 0.253 0.266 0.301 0.278 0.29 0.367 0.426 0.427 0.457 0.388 0.397 0.278 0.31 0.318 0.31 0.282 0.307 0.394 0.365 0.288 0.289 0.263 0.249 0.269 0.318 0.282 0.302 0.283 0.312 0.281 0.28 0.334 0.28 0.249 0.303 0.289 0.274 0.278 0.274 0.276 0.254 0.283 0.374 0.379 0.34 0.317 0.358 0.267 0.303 0.32 0.341 0.315 0.333 0.347 0.355 0.263 0.399 0.333 0.312 0.319 0.294 0.273 0.352 0.34 0.365 0.377 0.372 0.389 0.389 0.402 0.429
0.271 0.254 0.248 0.264 0.264 0.296 0.314 0.297 0.322 0.37 0.332 0.341 0.369 0.432 0.446 0.511 0.359 0.316 0.315 0.305 0.29 0.239 0.254 0.291 0.321 0.305 0.3 0.286 0.252 0.287 0.259 0.268 0.259 0.248 0.277 0.304 0.285 0.249 0.283 0.26 0.242 0.259 0.279 0.261 0.289 0.313 0.353 0.36 0.381 0.385 0.355 0.351 0.345 0.33 0.309 0.353 0.313 0.331 0.375 0.406 0.374 0.4 0.372 0.309 0.29 0.328 0.313 0.316 0.314 0.317 0.324 0.367 0.382 0.361 0.378 0.395 0.413
0.281 0.262 0.256 0.254 0.242 0.195 0.26 0.28 0.313 0.29 0.318 0.411 0.42 0.351 0.34 0.442 0.371 0.271 0.348 0.328 0.323 0.301 0.271 0.253 0.306 0.353 0.285 0.282 0.264 0.257 0.259 0.236 0.234 0.218 0.208 0.216 0.308 0.315 0.218 0.261 0.363 0.306 0.27 0.383 0.377 0.373 0.351 0.301 0.301 0.309 0.318 0.328 0.364 0.349 0.341 0.266 0.336 0.319 0.355 0.348 0.303 0.302 0.282 0.294 0.293 0.322 0.316 0.305 0.317 0.319 0.327 0.321 0.342 0.368 0.405 0.397 0.387
0.258 0.252 0.258 0.294 -0.3 -0.3 0.243 0.25 0.323 0.26 0.312 0.365 0.379 0.289 0.431 0.405 0.472 0.374 0.335 0.369 0.278 0.268 0.261 0.258 0.274 0.253 0.261 0.291 0.251 0.256 0.274 0.271 0.257 0.256 0.291 0.299 0.293 0.287 0.27 0.282 0.3 0.304 0.293 0.315 0.327 0.274 0.254 0.251 0.24 0.313 0.342 0.322 0.29 0.293 0.262 0.287 0.276 0.274 0.28 0.267 0.279 0.298 0.298 0.292 0.279 0.286 0.299 0.302 0.304 0.339 0.288 0.321 0.359 0.377 0.404 0.41 0.375
0.219 0.232 0.275 0.259 0.237 0.232 0.261 0.279 0.239 0.25 0.228 0.28 0.276 0.278 0.285 0.267 0.259 0.255 0.272 0.28 0.297 0.303 0.3 0.287 0.321 0.269 0.205 0.192 0.217 0.239 0.235 0.203 0.236 0.273 0.243 0.242 0.259 0.242 0.202 0.21 0.279 0.22 0.194 0.24 0.172 0.21 0.244 0.246 0.363 0.312 0.306 0.265 0.251 0.254 0.268 0.255 0.279 0.278 0.29 0.268 0.289 0.278 0.276 0.299 0.297 0.285 0.282 0.286 0.309 0.285 0.293 0.318 0.34 0.379 0.423 0.368 0.392
0.211 0.217 0.233 0.252 0.247 0.247 0.263 0.27 0.24 0.274 0.252 0.291 0.315 0.26 0.258 0.282 0.305 0.323 0.286 0.318 0.29 0.285 0.299 0.29 0.318 0.351 0.288 0.237 0.173 0.16 0.191 0.203 0.181 0.208 0.192 0.176 0.16 0.163 0.191 0.191 0.193 0.173 0.203 0.153 0.206 0.258 0.267 0.318 0.285 0.273 0.269 0.256 0.254 0.258 0.259 0.27 0.273 0.302 0.297 0.33 0.296 0.296 0.281 0.303 0.311 0.295 0.306 0.325 0.304 0.33 0.312 0.353 0.331 0.395 0.424 0.4 0.406
0.267 0.277 0.272 0.248 0.267 0.244 0.238 0.243 0.258 0.278 0.278 0.268 0.272 0.309 0.295 0.365 0.424 0.404 0.317 0.3 0.322 0.316 0.29 0.302 0.282 0.3 0.286 0.294 0.267 0.193 0.184 0.188 0.157 0.195 0.247 0.199 0.177 0.184 0.16 0.165 0.179 0.266 0.233 0.194 0.216 0.244 0.286 0.291 0.271 0.258 0.254 0.256 0.275 0.266 0.283 0.275 0.285 0.294 0.287 0.311 0.294 0.302 0.319 0.294 0.307 0.327 0.342 0.333 0.318 0.329 0.339 0.38 0.382 0.426 0.401 0.39 0.397
0.223 0.23 0.214 0.268 0.287 0.259 0.272 0.302 0.307 0.335 0.301 0.46 0.467 0.432 0.401 0.361 0.373 0.384 0.342 0.326 0.33 0.299 0.295 0.266 0.289 0.273 0.274 0.291 0.299 0.303 0.273 0.303 0.262 0.224 0.247 0.256 0.285 0.294 0.279 0.284 0.339 0.362 0.302 0.328 0.298 0.278 0.287 0.261 0.247 0.249 0.258 0.254 0.228 0.19 0.209 0.213 0.211 0.204 0.271 0.292 0.29 0.317 0.317 0.332 0.359 0.337 0.323 0.329 0.374 0.401 0.417 0.404 0.427 0.424 0.384 0.424 0.389
0.261 0.273 0.21 0.255 0.28 0.312 0.275 0.308 0.344 0.4 0.358 0.375 0.44 0.464 0.382 0.404 0.355 0.384 0.354 0.34 0.318 0.289 0.295 0.3 0.305 0.305 0.283 0.279 0.271 0.31 0.287 0.285 0.269 0.253 0.261 0.34 0.331 0.309 0.292 0.296 0.332 0.315 0.309 0.235 0.292 0.325 0.325 0.28 0.262 0.276 0.303 0.295 0.304 0.304 0.276 0.289 0.296 0.282 0.287 0.329 0.374 0.303 0.305 0.348 0.361 0.391 0.374 0.353 0.404 0.367 0.389 0.384 0.359 0.405 0.407 0.406 0.405
0.274 0.234 0.203 0.277 0.277 0.278 0.306 0.307 0.349 0.353 0.349 0.382 0.416 0.418 0.383 0.367 0.394 0.403 0.361 0.363 0.351 0.292 0.274 0.283 0.283 0.286 0.263 0.266 0.31 0.29 0.299 0.254 0.26 0.335 0.3 0.245 0.311 0.308 0.309 0.312 0.329 0.325 0.341 0.321 0.336 0.345 0.316 0.337 0.361 0.364 0.316 0.299 0.294 0.282 0.273 0.295 0.325 0.356 0.363 0.324 0.357 0.357 0.348 0.366 0.337 0.36 0.394 0.374 0.414 0.4 0.398 0.351 0.375 0.406 0.398 0.41 0.416
0.247 0.204 0.235 0.29 0.3 0.311 0.294 0.288 0.354 0.295 0.319 0.42 0.491 0.396 0.386 0.447 0.424 0.429 0.413 0.394 0.388 0.338 0.305 0.3 0.268 0.282 0.315 0.374 0.313 0.27 0.281 0.301 0.283 0.272 0.277 0.37 0.302 0.295 0.308 0.302 0.335 0.304 0.299 0.347 0.35 0.36 0.343 0.336 0.322 0.319 0.305 0.302 0.319 0.26 0.279 0.31 0.345 0.378 0.374 0.374 0.384 0.407 0.393 0.379 0.378 0.352 0.362 0.368 0.422 0.426 0.439 0.381 0.395 0.398 0.406 0.421 0.43
0.292 0.253 0.255 0.285 0.317 0.305 0.303 0.313 0.327 0.415 0.395 0.413 0.456 0.437 0.405 0.425 0.449 0.428 0.369 0.345 0.367 0.324 0.31 0.307 0.286 0.313 0.3 0.28 0.263 0.263 0.253 0.254 0.283 0.369 0.39 0.342 0.295 0.268 0.292 0.304 0.304 0.307 0.356 0.334 0.315 0.332 0.32 0.308 0.291 0.315 0.315 0.319 0.346 0.288 0.307 0.336 0.38 0.389 0.372 0.361 0.376 0.362 0.378 0.399 0.376 0.373 0.37 0.378 0.421 0.422 0.422 0.419 0.404 0.42 0.413 0.425 0.44
0.315 0.298 0.249 0.341 0.289 0.295 0.356 0.367 0.421 0.421 0.417 0.479 0.472 0.454 0.431 0.456 0.393 0.373 0.377 0.36 0.36 0.366 0.404 0.315 0.281 0.285 0.323 0.396 0.274 0.311 0.352 0.366 0.365 0.327 0.323 0.309 0.304 0.308 0.305 0.309 0.286 0.321 0.282 0.308 0.289 0.312 0.301 0.288 0.335 0.346 0.372 0.356 0.356 0.343 0.366 0.358 0.367 0.385 0.382 0.389 0.367 0.383 0.39 0.329 0.406 0.408 0.414 0.405 0.416 0.407 0.424 0.406 0.395 0.415 0.423 0.405 0.458
0.308 0.299 0.324 0.325 0.272 0.314 0.344 0.315 0.401 0.405 0.424 0.447 0.428 0.509 0.459 0.427 0.437 0.417 0.397 0.374 0.378 0.349 0.326 0.292 0.337 0.309 0.301 0.353 0.329 0.36 0.322 0.305 0.32 0.271 0.295 0.293 0.298 0.294 0.304 0.311 0.301 0.322 0.308 0.325 0.298 0.325 0.331 0.333 0.341 0.357 0.337 0.372 0.341 0.404 0.376 0.39 0.379 0.385 0.414 0.377 0.405 0.386 0.379 0.376 0.405 0.411 0.413 0.425 0.42 0.397 0.404 0.403 0.426 0.417 0.404 0.4 0.39
0.281 0.286 0.278 0.279 0.295 0.301 0.331 0.332 0.362 0.341 0.44 0.519 0.517 0.45 0.482 0.449 0.449 0.456 0.402 0.418 0.373 0.396 0.385 0.326 0.303 0.298 0.304 0.327 0.268 0.27 0.308 0.326 0.316 0.322 0.333 0.299 0.32 0.323 0.311 0.331 0.312 0.328 0.358 0.327 0.327 0.337 0.356 0.338 0.345 0.361 0.365 0.375 0.353 0.362 0.398 0.397 0.388 0.44 0.372 0.389 0.38 0.382 0.385 0.402 0.408 0.415 0.391 0.4 0.395 0.4 0.408 0.416 0.405 0.408 0.454 0.452 0.466
0.303 0.303 0.324 0.261 0.274 0.295 0.336 0.322 0.338 0.437 0.545 0.512 0.555 0.463 0.442 0.43 0.433 0.398 0.432 0.43 0.38 0.48 0.503 0.34 0.332 0.328 0.321 0.28 0.325 0.351 0.342 0.371 0.321 0.317 0.33 0.313 0.33 0.339 0.381 0.337 0.333 0.356 0.359 0.39 0.349 0.369 0.369 0.353 0.356 0.334 0.353 0.412 0.376 0.353 0.362 0.404 0.406 0.418 0.367 0.364 0.384 0.396 0.391 0.403 0.406 0.402 0.408 0.424 0.424 0.422 0.414 0.419 0.432 0.46 0.403 0.453 0.472
0.296 0.294 0.308 0.312 0.322 0.346 0.308 0.469 0.494 0.506 0.49 0.49 0.487 0.468 0.42 0.414 0.443 0.424 0.47 0.464 0.411 0.419 0.385 0.417 0.347 0.339 0.344 0.362 0.339 0.318 0.324 0.322 0.416 0.347 0.33 0.326 0.366 0.326 0.343 0.35 0.357 0.376 0.415 0.457 0.366 0.374 0.369 0.36 0.345 0.302 0.334 0.369 0.385 0.397 0.335 0.303 0.37 0.447 0.38 0.395 0.408 0.406 0.392 0.415 0.415 0.412 0.398 0.435 0.43 0.433 0.431 0.437 0.434 0.416 0.41 0.496 0.515
0.329 0.315 0.31 0.36 0.375 0.383 0.481 0.465 0.455 0.499 0.454 0.491 0.462 0.469 0.524 0.518 0.477 0.466 0.476 0.457 0.445 0.417 0.449 0.418 0.4 0.409 0.497 0.498 0.347 0.385 0.327 0.381 0.316 0.325 0.372 0.38 0.356 0.386 0.332 0.343 0.386 0.456 0.404 0.324 0.325 0.338 0.366 0.358 0.38 0.36 0.361 0.399 0.402 0.391 0.402 0.409 0.479 0.43 0.394 0.383 0.43 0.424 0.399 0.403 0.411 0.434 0.407 0.37 0.444 0.43 0.41 0.414 0.325 0.378 0.414 0.363 0.391
0.317 0.298 0.32 0.427 0.445 0.444 0.49 0.539 0.513 0.508 0.516 0.474 0.506 0.53 0.57 0.507 0.429 0.441 0.478 0.507 0.477 0.485 0.507 0.49 0.456 0.477 0.516 0.397 0.345 0.317 0.386 0.358 0.342 0.336 0.35 0.345 0.378 0.377 0.319 0.367 0.386 0.35 0.366 0.35 0.359 0.325 0.325 0.36 0.377 0.414 0.452 0.419 0.39 0.432 0.433 0.452 0.461 0.462 0.412 0.412 0.412 0.405 0.407 0.429 0.466 0.443 0.426 0.418 0.424 0.419 0.389 0.295 0.172 0.318 0.378 0.391 0.334
0.307 0.358 0.377 0.493 0.521 0.529 0.511 0.54 0.527 0.553 0.476 0.457 0.474 0.493 0.544 0.546 0.467 0.454 0.527 0.565 0.579 0.505 0.436 0.529 0.488 0.522 0.443 0.363 0.337 0.337 0.311 0.338 0.301 0.37 0.364 0.367 0.404 0.349 0.361 0.361 0.354 0.339 0.333 0.337 0.348 0.35 0.367 0.331 0.38 0.403 0.458 0.377 0.411 0.398 0.415 0.548 0.47 0.388 0.409 0.392 0.411 0.402 0.408 0.398 0.432 0.418 0.427 0.404 0.448 0.392 0.374 0.346 0.314 0.391 0.415 0.428 0.467
0.365 0.404 0.349 0.47 0.492 0.556 0.505 0.496 0.449 0.504 0.563 0.562 0.56 0.532 0.524 0.513 0.442 0.517 0.564 0.585 0.582 0.528 0.488 0.529 0.484 0.481 0.373 0.393 0.372 0.326 0.368 0.384 0.351 0.338 0.338 0.357 0.376 0.354 0.341 0.388 0.388 0.358 0.32 0.327 0.37 0.37 0.376 0.387 0.414 0.415 0.391 0.376 0.401 0.428 0.444 0.486 0.368 0.399 0.413 0.382 0.409 0.414 0.418 0.426 0.437 0.417 0.427 0.432 0.424 0.408 0.452 0.406 0.399 0.372 0.452 0.497 0.534
0.388 0.387 0.42 0.47 0.417 0.483 0.525 0.485 0.488 0.495 0.484 0.487 0.496 0.486 0.488 0.399 0.408 0.494 0.563 0.522 0.572 0.581 0.579 0.516 0.439 0.405 0.371 0.346 0.392 0.408 0.417 0.357 0.374 0.35 0.364 0.361 0.364 0.412 0.407 0.367 0.356 0.355 0.328 0.368 0.394 0.358 0.361 0.353 0.398 0.38 0.375 0.401 0.395 0.48 0.513 0.39 0.36 0.392 0.418 0.43 0.43 0.436 0.41 0.443 0.415 0.394 0.421 0.409 0.407 0.425 0.408 0.403 0.414 0.412 0.376 0.454 0.514
0.498 0.478 0.473 0.374 0.399 0.445 0.494 0.435 0.492 0.502 0.485 0.491 0.474 0.417 0.392 0.495 0.45 0.574 0.507 0.513 0.503 0.586 0.601 0.529 0.43 0.427 0.432 0.38 0.387 0.373 0.356 0.359 0.371 0.402 0.351 0.353 0.314 0.32 0.371 0.363 0.374 0.399 0.395 0.369 0.384 0.391 0.398 0.364 0.429 0.451 0.415 0.394 0.395 0.431 0.403 0.421 0.41 0.449 0.426 0.417 0.405 0.423 0.411 0.448 0.447 0.44 0.424 0.42 0.419 0.409 0.398 0.436 0.434 0.497 0.536 0.516 0.497
0.52 0.53 0.541 0.364 0.4 0.508 0.449 0.507 0.486 0.46 0.402 0.471 0.474 0.497 0.482 0.426 0.414 0.412 0.464 0.529 0.508 0.496 0.574 0.522 0.471 0.422 0.415 0.431 0.439 0.387 0.383 0.362 0.388 0.43 0.489 0.465 0.368 0.34 0.371 0.37 0.439 0.382 0.382 0.38 0.38 0.382 0.409 0.394 0.454 0.46 0.435 0.4 0.368 0.371 0.415 0.432 0.415 0.388 0.437 0.441 0.412 0.42 0.437 0.419 0.441 0.427 0.409 0.408 0.406 0.362 0.292 0.425 0.425 0.475 0.507 0.45 0.428
0.519 0.517 0.552 0.377 0.354 0.445 0.451 0.48 0.48 0.486 0.431 0.485 0.464 0.514 0.517 0.488 0.498 0.474 0.479 0.49 0.507 0.542 0.562 0.531 0.457 0.433 0.44 0.434 0.452 0.414 0.418 0.418 0.378 0.399 0.373 0.389 0.394 0.386 0.4 0.436 0.459 0.389 0.399 0.394 0.389 0.394 0.404 0.409 0.461 0.397 0.397 0.377 0.333 0.414 0.437 0.463 0.479 0.4 0.337 0.373 0.408 0.437 0.441 0.439 0.443 0.418 0.416 0.397 0.32 0.361 0.369 0.425 0.444 0.469 0.465 0.467 0.54
0.472 0.543 0.552 0.421 0.374 0.513 0.532 0.47 0.465 0.502 0.438 0.461 0.473 0.483 0.461 0.418 0.504 0.511 0.457 0.465 0.488 0.51 0.539 0.545 0.47 0.469 0.438 0.457 0.394 0.422 0.462 0.445 0.412 0.414 0.414 0.382 0.373 0.402 0.469 0.451 0.415 0.403 0.423 0.412 0.404 0.423 0.469 0.45 0.339 0.179 0.329 0.364 0.37 0.372 0.422 0.451 0.428 0.393 0.279 0.352 0.404 0.416 0.424 0.44 0.447 0.414 0.413 0.415 0.306 0.376 0.495 0.518 0.51 0.463 0.523 0.513 0.515
0.511 0.517 0.489 0.479 0.496 0.552 0.453 0.448 0.459 0.461 0.513 0.484 0.457 0.453 0.512 0.465 0.456 0.493 0.487 0.491 0.482 0.495 0.519 0.49 0.468 0.43 0.455 0.434 0.397 0.397 0.422 0.433 0.458 0.389 0.382 0.388 0.4 0.392 0.476 0.404 0.398 0.403 0.41 0.421 0.39 0.408 0.398 0.399 0.371 0.315 0.379 0.411 0.385 0.376 0.414 0.419 -9999 0.402 0.385 0.401 0.43 0.424 0.43 0.42 0.422 0.433 0.394 0.375 0.411 0.473 0.547 0.534 0.512 0.542 0.549 0.557 0.517
0.396 0.468 0.517 0.539 0.521 0.523 0.531 0.538 0.484 0.515 0.496 0.47 0.514 0.461 0.516 0.479 0.44 0.386 0.454 0.449 0.452 0.46 0.511 0.464 0.421 0.432 0.459 0.441 0.47 0.497 0.473 0.436 0.394 0.431 0.38 0.402 0.448 0.416 0.397 0.402 0.41 0.475 0.442 0.454 0.414 0.424 0.426 0.359 -0.3 -0.3 -9999 -9999 -9999 -9999 0.297 -9999 -9999 -9999 0.442 0.465 0.428 0.405 0.44 0.409 0.364 0.336 0.368 0.431 0.515 0.552 0.562 0.582 0.597 0.627 0.661 0.624 0.606
0.455 0.464 0.465 0.498 0.533 0.468 0.533 0.566 0.46 0.51 0.488 0.487 0.464 0.578 0.56 0.563 0.533 0.465 0.444 0.48 0.458 0.52 0.515 0.471 0.44 0.498 0.534 0.519 0.486 0.45 0.472 0.389 0.375 0.395 0.387 0.436 0.404 0.439 0.404 0.4 0.415 0.521 0.427 0.431 0.435 0.426 0.36 0.365 -9999 -9999 -9999 -9999 -9999 -9999 -9999 -9999 -9999 -9999 0.337 0.382 0.387 0.398 0.412 0.426 0.388 0.399 0.416 0.432 0.552 0.535 0.557 0.575 0.6 0.628 0.57 0.607 0.592
0.512 0.518 0.479 0.49 0.485 0.525 0.549 0.55 0.56 0.462 0.46 0.459 0.494 0.625 0.551 0.552 0.55 0.561 0.517 0.482 0.535 0.55 0.548 0.525 0.497 0.534 0.491 0.5 0.479 0.436 0.434 0.483 0.451 0.427 0.421 0.429 0.442 0.417 0.434 0.452 0.465 0.485 0.454 0.385 0.442 0.397 0.356 0.403 -9999 -9999 -9999 -9999 -9999 -9999 -9999 -9999 -9999 -9999 -9999 -9999 0.282 0.313 0.344 0.392 0.463 0.422 0.456 0.448 0.509 0.57 0.564 0.556 0.537 0.539 0.574 0.603 0.601
0.499 0.553 0.586 0.549 0.572 0.518 0.527 0.47 0.465 0.451 0.469 0.456 0.525 0.641 0.599 0.583 0.535 0.586 0.473 0.457 0.519 0.517 0.53 0.476 0.52 0.55 0.546 0.511 0.436 0.438 0.494 0.434 0.426 0.424 0.437 0.453 0.486 0.434 0.403 0.419 0.423 0.427 0.356 0.375 0.415 0.317 -9999 -9999 -9999 -9999 -9999 -9999 -9999 -9999 -9999 -9999 -9999 -9999 -9999 -9999 0.189 0.243 0.302 0.245 0.382 0.471 0.522 0.427 0.55 0.579 0.57 0.545 0.502 0.515 0.557 0.574 0.595
