data/china_ndvi_max_2001.asc
ncols         710
nrows         510
xllcorner     70
yllcorner     10
cellsize      0.1
NODATA_value  -9999
[rows 175 to 209 of 510, columns 231 to 307 of 710]
0.22 0.225 0.218 0.053 0.307 0.272 0.232 0.244 0.313 0.17 0.102 0.066 0.086 0.13 0.11 0.101 0.106 0.088 0.078 0.086 0.078 0.071 0.073 0.076 0.089 0.079 0.082 0.095 -9999 -9999 -9999 -9999 -9999 -9999 -9999 -9999 -9999 -9999 -9999 -9999 -9999 -9999 -9999 -9999 -9999 -9999 -9999 -9999 -9999 -9999 -9999 -9999 -9999 -9999 -9999 -9999 -9999 -9999 -9999 -9999 -9999 -9999 -9999 -9999 -9999 -9999 -9999 -9999 -9999 -9999 -9999 -9999 -9999 -9999 -9999 -9999 -9999
0.132 0.151 0.191 0.248 0.217 0.225 0.269 0.288 0.306 0.214 0.167 0.131 0.122 0.129 0.123 0.106 0.103 0.112 0.078 0.093 0.076 0.076 0.074 0.061 0.061 0.05 0.092 0.087 -9999 -9999 -9999 -9999 -9999 -9999 -9999 -9999 -9999 -9999 -9999 -9999 -9999 -9999 -9999 -9999 -9999 -9999 -9999 -9999 -9999 -9999 -9999 -9999 -9999 -9999 -9999 -9999 -9999 -9999 -9999 -9999 -9999 -9999 -9999 -9999 -9999 -9999 -9999 -9999 -9999 -9999 -9999 -9999 -9999 -9999 -9999 -9999 -9999
0.059 0.065 0.083 0.092 0.099 0.124 0.155 0.163 0.169 0.206 0.247 0.21 0.166 0.175 0.115 0.145 0.137 0.093 0.091 0.075 0.079 0.067 0.073 0.053 0.061 0.065 0.061 0.056 0.064 -9999 -9999 -9999 -9999 -9999 -9999 -9999 -9999 -9999 -9999 -9999 -9999 -9999 -9999 -9999 -9999 -9999 -9999 -9999 -9999 -9999 -9999 -9999 -9999 -9999 -9999 -9999 -9999 -9999 -9999 -9999 -9999 -9999 -9999 -9999 -9999 -9999 -9999 -9999 -9999 -9999 -9999 -9999 -9999 -9999 -9999 -9999 -9999
0.063 0.062 0.056 0.061 0.062 0.055 0.084 0.103 0.151 0.187 0.234 0.154 0.038 0.143 0.191 0.161 0.151 0.126 0.116 0.072 0.084 0.069 0.059 0.069 0.065 0.06 0.053 0.054 0.063 0.058 -9999 -9999 -9999 -9999 -9999 -9999 -9999 -9999 -9999 -9999 -9999 -9999 -9999 -9999 -9999 -9999 -9999 -9999 -9999 -9999 -9999 -9999 -9999 -9999 -9999 -9999 -9999 -9999 -9999 -9999 -9999 -9999 -9999 -9999 -9999 -9999 -9999 -9999 -9999 -9999 -9999 -9999 -9999 -9999 -9999 -9999 -9999
0.075 0.074 0.038 0.038 0.056 0.059 0.081 0.098 0.102 0.146 0.216 0.209 0.105 0.046 0.149 0.225 0.217 0.178 0.158 0.096 0.069 0.074 0.095 0.102 0.089 0.075 0.069 0.068 0.069 0.06 0.071 0.068 -9999 -9999 -9999 -9999 -9999 -9999 -9999 -9999 -9999 -9999 -9999 -9999 -9999 -9999 -9999 -9999 -9999 -9999 -9999 -9999 -9999 -9999 -9999 -9999 -9999 -9999 -9999 -9999 -9999 -9999 -9999 -9999 -9999 -9999 -9999 -9999 -9999 -9999 -9999 -9999 -9999 -9999 -9999 -9999 -9999
0.112 0.106 0.135 0.187 0.189 0.071 0.057 0.042 0.075 0.09 0.103 0.114 0.122 0.118 0.185 0.17 0.185 0.181 0.16 0.103 0.103 0.104 0.096 0.09 0.083 0.077 0.072 0.064 0.074 0.079 0.071 0.071 0.058 -9999 -9999 -9999 -9999 -9999 -9999 -9999 -9999 -9999 -9999 -9999 -9999 -9999 -9999 -9999 -9999 -9999 -9999 -9999 -9999 -9999 -9999 -9999 -9999 -9999 -9999 -9999 -9999 -9999 -9999 -9999 -9999 -9999 -9999 -9999 -9999 -9999 -9999 -9999 -9999 -9999 -9999 -9999 -9999
0.081 0.091 0.115 0.162 0.261 0.188 0.151 0.122 0.049 0.056 0.059 0.056 0.078 0.081 0.119 0.106 0.111 0.1 0.094 0.084 0.082 0.081 0.08 0.078 0.075 0.067 0.077 0.082 0.077 0.063 0.062 0.061 0.055 -9999 -9999 -9999 -9999 -9999 -9999 -9999 -9999 -9999 -9999 -9999 -9999 -9999 -9999 -9999 -9999 -9999 -9999 -9999 -9999 -9999 -9999 -9999 -9999 -9999 -9999 -9999 -9999 -9999 -9999 -9999 -9999 -9999 -9999 -9999 -9999 -9999 -9999 -9999 -9999 -9999 -9999 -9999 -9999
0.097 0.081 0.077 0.066 0.111 0.134 0.124 0.097 0.161 0.076 0.047 0.052 0.054 0.065 0.096 0.084 0.073 0.073 0.065 0.07 0.069 0.064 0.065 0.062 0.073 0.07 0.072 0.078 0.065 0.063 0.063 0.065 0.067 0.071 0.061 0.059 0.056 0.06 0.059 0.061 0.07 0.074 0.079 0.083 0.078 0.078 0.074 0.069 -9999 -9999 -9999 -9999 -9999 -9999 -9999 -9999 -9999 -9999 -9999 -9999 -9999 -9999 -9999 -9999 -9999 -9999 -9999 -9999 -9999 -9999 -9999 -9999 -9999 -9999 -9999 -9999 -9999
0.086 0.08 0.071 0.067 0.079 0.067 0.073 0.075 0.11 0.178 0.059 0.071 0.06 0.065 0.083 0.074 0.065 0.064 0.055 0.065 0.063 0.06 0.07 0.076 0.066 0.067 0.073 0.068 0.067 0.067 0.072 0.07 0.069 0.064 0.061 0.063 0.062 0.06 0.05 0.065 0.071 0.071 0.076 0.076 0.067 0.066 0.073 0.075 0.068 0.069 0.063 0.072 0.064 0.051 0.063 0.066 0.058 0.055 0.064 0.066 -9999 -9999 -9999 -9999 -9999 -9999 -9999 0.066 0.062 0.067 0.064 0.057 0.056 0.065 0.056 0.057 0.054
0.058 0.065 0.072 0.105 0.092 0.09 0.085 0.094 0.093 0.172 0.131 0.089 0.061 0.075 0.047 0.046 0.051 0.061 0.063 0.065 0.064 0.065 0.069 0.065 0.061 0.063 0.063 0.066 0.066 0.074 0.077 0.076 0.076 0.069 0.06 0.066 0.067 0.068 0.061 0.054 0.065 0.065 0.066 0.056 0.055 0.057 0.055 0.052 0.054 0.056 0.061 0.067 0.065 0.06 0.067 0.065 0.056 0.053 0.053 0.043 0.037 0.041 0.048 0.047 0.053 0.067 0.075 0.066 0.052 0.063 0.059 0.054 0.066 0.07 0.056 0.056 0.06
0.07 0.075 0.08 0.08 0.092 0.094 0.088 0.088 0.086 0.082 0.07 0.076 0.072 0.073 0.077 0.071 0.061 0.052 0.065 0.046 0.053 0.06 0.076 0.074 0.072 0.075 0.074 0.075 0.082 0.08 0.084 0.083 0.077 0.077 0.069 0.076 0.074 0.075 0.066 0.069 0.071 0.067 0.071 0.066 0.069 0.088 0.092 0.091 0.078 0.073 0.073 0.074 0.071 0.067 0.065 0.068 0.061 0.061 0.058 0.059 0.051 0.061 0.065 0.057 0.053 0.05 0.047 0.052 0.053 0.062 0.053 0.057 0.058 0.051 0.056 0.057 0.058
0.07 0.073 0.076 0.083 0.079 0.078 0.076 0.069 0.064 0.073 0.066 0.062 0.07 0.077 0.048 0.039 0.034 0.039 0.05 0.057 0.056 0.063 0.075 0.072 0.074 0.076 0.075 0.078 0.08 0.083 0.085 0.086 0.085 0.085 0.086 0.082 0.081 0.087 0.081 0.075 0.075 0.067 0.065 0.067 0.069 0.082 0.082 0.074 0.07 0.086 0.09 0.082 0.084 0.082 0.074 0.067 0.064 0.063 0.061 0.06 0.059 0.06 0.06 0.058 0.054 0.05 0.041 0.037 0.043 0.051 0.052 0.06 0.055 0.047 0.042 0.038 0.043
0.058 0.059 0.058 0.052 0.054 0.056 0.047 0.055 0.061 0.062 0.066 0.063 0.068 0.06 0.058 0.057 0.059 0.058 0.065 0.065 0.059 0.072 0.07 0.077 0.077 0.079 0.077 0.082 0.071 0.083 0.08 0.086 0.09 0.089 0.09 0.087 0.08 0.082 0.079 0.08 0.086 0.081 0.075 0.073 0.083 0.074 0.072 0.069 0.072 0.085 0.087 0.086 0.084 0.084 0.08 0.081 0.072 0.067 0.066 0.061 0.056 0.057 0.047 0.055 0.069 0.057 0.047 0.046 0.045 0.049 0.049 0.055 0.05 0.047 0.043 0.045 0.046
0.052 0.051 0.043 0.061 0.064 0.048 0.072 0.052 0.039 0.034 0.043 0.042 0.056 0.064 0.058 0.059 0.042 0.052 0.052 0.068 0.072 0.069 0.065 0.069 0.07 0.067 0.075 0.086 0.08 0.081 0.085 0.091 0.1 0.092 0.087 0.086 0.083 0.081 0.075 0.072 0.071 0.078 0.081 0.076 0.079 0.074 0.077 0.076 0.069 0.075 0.078 0.078 0.089 0.074 0.078 0.084 0.085 0.073 0.065 0.067 0.068 0.072 0.066 0.053 0.051 0.068 0.054 0.05 0.05 0.055 0.054 0.052 0.049 0.048 0.045 0.047 0.055
0.066 0.05 0.052 0.062 0.066 0.066 0.068 0.073 0.073 0.045 0.044 0.047 0.048 0.052 0.061 0.057 0.051 0.059 0.079 0.076 0.067 0.065 0.062 0.065 0.07 0.095 0.104 0.089 0.077 0.09 0.1 0.1 0.093 0.077 0.079 0.08 0.077 0.072 0.069 0.074 0.072 0.081 0.092 0.086 0.075 0.078 0.074 0.067 0.07 0.073 0.074 0.074 0.07 0.072 0.082 0.083 0.081 0.074 0.071 0.065 0.064 0.072 0.056 0.056 0.048 0.044 0.041 0.057 0.07 0.052 0.053 0.054 0.051 0.052 0.048 0.059 0.066
0.06 0.069 0.067 0.06 0.067 0.074 0.067 0.062 0.056 0.055 0.051 0.052 0.054 0.057 0.056 0.057 0.067 0.063 0.064 0.071 0.07 0.06 0.08 0.097 0.084 0.08 0.085 0.096 0.103 0.085 0.087 0.084 0.08 0.069 0.071 0.067 0.073 0.077 0.078 0.076 0.08 0.077 0.083 0.085 0.084 0.086 0.088 0.071 0.071 0.078 0.074 0.075 0.078 0.075 0.075 0.073 0.069 0.069 0.068 0.066 0.069 0.066 0.064 0.063 0.047 0.045 0.06 0.056 0.065 0.055 0.061 0.065 0.064 0.063 0.066 0.113 0.067
0.056 0.059 0.058 0.061 0.058 0.066 0.06 0.057 0.06 0.056 0.052 0.058 0.062 0.068 0.064 0.069 0.065 0.074 0.075 0.063 0.066 0.064 0.077 0.07 0.072 0.073 0.078 0.075 0.08 0.072 0.074 0.069 0.069 0.063 0.062 0.07 0.071 0.072 0.072 0.073 0.071 0.073 0.08 0.083 0.09 0.09 0.087 0.073 0.071 0.076 0.076 0.076 0.073 0.073 0.076 0.074 0.076 0.073 0.075 0.066 0.067 0.063 0.068 0.067 0.065 0.069 0.065 0.06 0.055 0.056 0.056 0.06 0.064 0.062 0.089 0.08 0.064
0.049 0.06 0.059 0.062 0.049 0.058 0.059 0.059 0.063 0.053 0.055 0.056 0.071 0.07 0.068 0.061 0.069 0.072 0.07 0.076 0.071 0.071 0.072 0.07 0.069 0.08 0.076 0.068 0.071 0.068 0.074 0.072 0.068 0.068 0.067 0.074 0.071 0.071 0.073 0.07 0.072 0.075 0.08 0.077 0.075 0.071 0.074 0.069 0.072 0.068 0.07 0.073 0.074 0.072 0.071 0.077 0.073 0.071 0.078 0.071 0.067 0.068 0.073 0.072 0.068 0.069 0.071 0.062 0.06 0.058 0.062 0.062 0.061 0.06 0.092 0.069 0.066
0.048 0.06 0.06 0.067 0.055 0.059 0.059 0.066 0.064 0.052 0.058 0.06 0.063 0.064 0.065 0.061 0.06 0.059 0.066 0.073 0.077 0.074 0.077 0.079 0.063 0.057 0.054 0.061 0.061 0.077 0.073 0.08 0.068 0.073 0.064 0.069 0.071 0.066 0.069 0.077 0.073 0.071 0.08 0.075 0.072 0.062 0.068 0.07 0.081 0.068 0.084 0.068 0.074 0.072 0.065 0.077 0.077 0.069 0.074 0.073 0.073 0.065 0.063 0.066 0.062 0.06 0.065 0.065 0.062 0.062 0.061 0.062 0.066 0.065 0.099 0.07 0.064
0.046 0.053 0.058 0.059 0.06 0.064 0.064 0.06 0.064 0.06 0.067 0.061 0.05 0.052 0.057 0.054 0.053 0.057 0.064 0.097 0.096 0.077 0.08 0.068 0.061 0.053 0.055 0.058 0.078 0.068 0.076 0.077 0.079 0.086 0.074 0.071 0.078 0.079 0.079 0.076 0.086 0.084 0.077 0.083 0.071 0.071 0.072 0.072 0.07 0.076 0.073 0.068 0.068 0.06 0.066 0.068 0.074 0.073 0.073 0.076 0.069 0.064 0.06 0.058 0.061 0.059 0.06 0.065 0.068 0.062 0.06 0.061 0.064 0.065 0.088 0.065 0.067
0.05 0.057 0.066 0.065 0.067 0.069 0.067 0.062 0.069 0.063 0.066 0.073 0.066 0.064 0.066 0.06 0.071 0.068 0.065 0.068 0.08 0.07 0.056 0.062 0.062 0.069 0.074 0.08 0.095 0.081 0.075 0.074 0.086 0.088 0.077 0.08 0.076 0.071 0.065 0.074 0.072 0.08 0.093 0.065 0.076 0.08 0.073 0.062 0.081 0.079 0.082 0.064 0.058 0.062 0.068 0.08 0.074 0.084 0.089 0.075 0.073 0.068 0.069 0.066 0.057 0.058 0.061 0.06 0.064 0.069 0.071 0.07 0.063 0.057 0.07 0.069 0.056
0.055 0.057 0.064 0.062 0.071 0.071 0.074 0.07 0.067 0.07 0.068 0.062 0.057 0.053 0.068 0.069 0.058 0.054 0.061 0.071 0.063 0.068 0.073 0.07 0.07 0.071 0.07 0.066 0.071 0.067 0.072 0.077 0.098 0.112 0.076 0.074 0.069 0.074 0.065 0.076 0.078 0.078 0.076 0.074 0.085 0.083 0.08 0.078 0.07 0.068 0.075 0.068 0.063 0.059 0.068 0.077 0.077 0.073 0.081 0.084 0.077 0.074 0.067 0.06 0.048 0.043 0.053 0.058 0.06 0.064 0.065 0.067 0.065 0.055 0.08 0.059 0.053
0.05 0.051 0.056 0.057 0.066 0.069 0.067 0.067 0.064 0.062 0.057 0.053 0.052 0.047 0.057 0.06 0.067 0.061 0.063 0.077 0.074 0.073 0.073 0.066 0.076 0.078 0.072 0.062 0.059 0.064 0.056 0.071 0.078 0.082 0.078 0.084 0.099 0.083 0.075 0.067 0.072 0.082 0.077 0.081 0.077 0.076 0.079 0.078 0.074 0.077 0.078 0.077 0.065 0.061 0.066 0.07 0.077 0.073 0.071 0.075 0.076 0.075 0.075 0.078 0.073 0.074 0.085 0.064 0.068 0.065 0.065 0.063 0.062 0.112 0.076 0.057 0.057
0.052 0.048 0.054 0.054 0.061 0.065 0.064 0.068 0.061 0.065 0.064 0.063 0.058 0.057 0.056 0.054 0.061 0.059 0.054 0.06 0.062 0.065 0.061 0.055 0.064 0.057 0.066 0.072 0.059 0.055 0.054 0.062 0.064 0.077 0.095 0.096 0.091 0.081 0.07 0.083 0.085 0.079 0.072 0.076 0.083 0.072 0.079 0.07 0.076 0.073 0.068 0.072 0.077 0.074 0.058 0.069 0.066 0.061 0.065 0.071 0.079 0.079 0.069 0.066 0.065 0.073 0.075 0.07 0.079 0.087 0.078 0.075 0.073 0.137 0.062 0.06 0.061
0.052 0.05 0.053 0.052 0.057 0.058 0.054 0.053 0.049 0.06 0.06 0.051 0.048 0.057 0.054 0.057 0.052 0.053 0.054 0.055 0.057 0.059 0.06 0.059 0.061 0.061 0.058 0.062 0.059 0.054 0.057 0.061 0.086 0.099 0.11 0.084 0.072 0.062 0.068 0.078 0.071 0.068 0.072 0.07 0.074 0.069 0.067 0.068 0.067 0.069 0.071 0.065 0.065 0.073 0.071 0.078 0.071 0.075 0.074 0.067 0.07 0.07 0.074 0.073 0.067 0.07 0.075 0.074 0.077 0.086 0.089 0.078 0.108 0.084 0.065 0.064 0.063
0.05 0.049 0.041 0.034 0.04 0.037 0.036 0.043 0.052 0.041 0.045 0.045 0.048 0.063 0.07 0.062 0.062 0.066 0.059 0.047 0.041 0.043 0.048 0.04 0.056 0.05 0.05 0.052 0.054 0.053 0.053 0.054 0.054 0.051 0.072 0.075 0.058 0.062 0.069 0.069 0.067 0.065 0.06 0.058 0.068 0.073 0.075 0.067 0.073 0.066 0.062 0.063 0.085 0.083 0.088 0.082 0.079 0.072 0.066 0.066 0.065 0.06 0.055 0.048 0.058 0.063 0.066 0.057 0.056 0.05 0.049 0.05 0.061 0.062 0.069 0.07 0.065
0.042 0.041 0.04 0.04 0.036 0.045 0.039 0.053 0.072 0.041 0.047 0.048 0.05 0.053 0.065 0.055 0.057 0.042 0.042 0.048 0.048 0.048 0.049 0.054 0.052 0.049 0.048 0.05 0.052 0.051 0.051 0.05 0.052 0.06 0.061 0.052 0.056 0.054 0.055 0.064 0.064 0.066 0.064 0.065 0.066 0.064 0.062 0.068 0.066 0.085 0.079 0.074 0.066 0.07 0.087 0.082 0.077 0.065 0.058 0.068 0.071 0.069 0.074 0.063 0.059 0.062 0.068 0.063 0.056 0.051 0.049 0.051 0.055 0.061 0.061 0.065 0.065
0.037 0.038 0.039 0.045 0.039 0.045 0.045 0.046 0.044 0.037 0.037 0.038 0.05 0.051 0.052 0.047 0.042 0.031 0.042 0.041 0.043 0.052 0.053 0.053 0.043 0.046 0.045 0.05 0.051 0.052 0.052 0.051 0.053 0.061 0.057 0.054 0.061 0.061 0.06 0.055 0.056 0.058 0.06 0.055 0.06 0.06 0.056 0.058 0.06 0.07 0.067 0.073 0.088 0.082 0.066 0.063 0.077 0.073 0.065 0.068 0.069 0.066 0.064 0.061 0.062 0.063 0.067 0.061 0.064 0.052 0.052 0.052 0.054 0.054 0.058 0.057 0.06
0.039 0.04 0.041 0.045 0.041 0.046 0.048 0.046 0.04 0.039 0.029 0.032 0.049 0.046 0.046 0.034 0.028 0.028 0.029 0.045 0.044 0.05 0.049 0.051 0.041 0.045 0.045 0.047 0.052 0.051 0.048 0.047 0.051 0.052 0.057 0.044 0.044 0.06 0.06 0.061 0.061 0.056 0.055 0.054 0.056 0.058 0.057 0.051 0.052 0.06 0.066 0.079 0.099 0.082 0.065 0.066 0.064 0.067 0.067 0.068 0.062 0.067 0.05 0.064 0.054 0.057 0.06 0.063 0.065 0.051 0.053 0.053 0.052 0.052 0.056 0.053 0.056
0.046 0.031 0.026 0.039 0.048 0.056 0.051 0.045 0.038 0.038 0.033 0.039 0.045 0.05 0.058 0.054 0.054 0.074 0.078 0.135 0.101 0.076 0.06 0.059 0.073 0.109 0.143 0.109 0.061 0.141 0.134 0.08 0.051 0.086 0.122 0.128 0.12 0.157 0.081 0.058 0.059 0.064 0.054 0.059 0.052 0.055 0.06 0.069 0.063 0.069 0.065 0.067 0.082 0.082 0.07 0.068 0.07 0.073 0.081 0.073 0.076 0.07 0.066 0.071 0.059 0.055 0.054 0.059 0.058 0.052 0.052 0.051 0.052 0.053 0.053 0.052 0.053
0.064 0.052 0.051 0.064 0.04 0.056 0.048 0.061 0.086 0.06 0.033 0.037 0.032 0.071 0.085 0.069 0.119 0.077 0.064 0.081 0.102 0.085 0.05 0.04 0.059 0.123 0.066 0.064 0.066 0.112 0.139 0.159 0.096 0.055 0.05 0.051 0.05 0.047 0.124 0.233 0.197 0.15 0.063 0.066 0.111 0.108 0.082 0.072 0.058 0.06 0.078 0.072 0.052 0.043 0.045 0.052 0.053 0.048 0.06 0.088 0.073 0.079 0.067 0.063 0.099 0.232 0.135 0.04 0.043 0.053 0.052 0.055 0.064 0.067 0.069 0.072 0.072
0.071 0.06 0.058 0.067 0.047 0.048 0.078 0.081 0.072 0.046 0.043 0.035 0.033 0.03 0.063 0.107 0.198 0.159 0.075 0.067 0.067 0.078 0.068 0.041 0.079 0.094 0.079 0.08 0.079 0.122 0.16 0.154 0.07 0.053 0.057 0.054 0.057 0.06 0.054 0.2 0.178 0.128 0.057 0.069 0.054 0.053 0.161 0.135 0.067 0.053 0.056 0.046 0.052 0.049 0.064 0.092 0.068 0.049 0.061 0.061 0.066 0.061 0.059 0.064 0.152 0.061 0.042 0.039 0.046 0.057 0.059 0.061 0.065 0.067 0.07 0.072 0.074
0.078 0.072 0.067 0.038 0.046 0.043 0.038 0.036 0.05 0.027 0.029 0.031 0.03 0.037 0.058 0.236 0.26 0.217 0.136 0.056 0.047 0.041 0.044 0.042 0.052 0.072 0.051 0.047 0.044 0.065 0.044 0.045 0.052 0.059 0.062 0.064 0.064 0.057 0.053 0.07 0.052 0.051 0.075 0.063 0.064 0.059 0.109 0.059 0.08 0.087 0.082 0.057 0.034 0.033 0.042 0.072 0.138 0.163 0.18 0.198 0.135 0.063 0.044 0.064 0.035 0.037 0.041 0.052 0.054 0.059 0.062 0.064 0.066 0.068 0.072 0.074 0.076
0.102 0.122 0.049 0.036 0.038 0.037 0.036 0.04 0.03 0.043 0.031 0.027 0.03 0.032 0.087 0.294 0.203 0.034 0.037 0.054 0.049 0.046 0.043 0.033 0.036 0.039 0.049 0.062 0.05 0.057 0.056 0.056 0.058 0.064 0.065 0.067 0.07 0.07 0.059 0.061 0.061 0.059 0.06 0.061 0.069 0.07 0.06 0.055 0.051 0.069 0.064 0.058 0.035 0.035 0.041 0.038 0.063 0.216 0.215 0.113 0.047 0.045 0.036 0.077 0.035 0.044 0.053 0.06 0.06 0.068 0.067 0.067 0.065 0.067 0.076 0.077 0.078
0.039 0.045 0.046 0.044 0.039 0.037 0.039 0.04 0.034 0.037 0.028 0.029 0.034 0.035 0.088 0.09 0.059 0.049 0.056 0.055 0.042 0.041 0.042 0.044 0.053 0.1 0.08 0.057 0.061 0.067 0.054 0.057 0.069 0.084 0.071 0.062 0.051 0.062 0.068 0.072 0.072 0.068 0.063 0.077 0.072 0.072 0.072 0.058 0.051 0.055 0.059 0.058 0.043 0.041 0.04 0.041 0.044 0.126 0.182 0.123 0.049 0.046 0.038 0.088 0.049 0.057 0.062 0.062 0.06 0.069 0.069 0.068 0.069 0.068 0.071 0.076 0.079
