data/china_ndvi_max_2008.asc
ncols         710
nrows         510
xllcorner     70
yllcorner     10
cellsize      0.1
NODATA_value  -9999
[rows 280 to 314 of 510, columns 154 to 230 of 710]
0.127 0.122 0.114 0.122 0.112 0.108 0.128 0.125 0.121 0.127 0.143 0.127 0.043 -0.3 0.113 0.127 0.121 -0.035 0.06 0.094 0.107 0.116 0.123 0.116 0.121 0.128 0.123 0.088 -0.109 0.097 0.148 0.148 0.151 0.131 0.102 0.09 0.146 0.151 0.146 0.148 0.119 0.103 0.133 0.136 0.135 0.12 0.17 0.147 0.111 0.147 0.12 0.172 0.119 0.107 0.121 0.14 0.157 0.161 0.165 0.176 0.15 0.106 0.135 0.114 0.1 0.139 0.124 0.154 0.146 0.25 0.256 0.157 0.123 0.169 0.189 0.219 0.196
0.128 0.148 0.143 0.122 0.117 0.111 0.124 0.129 0.125 0.135 0.142 0.129 0.107 0.115 0.128 0.124 0.103 0.09 0.11 0.119 0.117 0.124 0.115 0.092 0.039 0.083 0.105 0.106 0.101 0.132 0.132 0.15 0.152 0.157 0.143 0.125 0.153 0.145 0.149 0.145 0.125 0.154 0.155 0.149 0.142 0.142 0.144 0.143 0.145 0.16 0.147 0.157 0.159 0.156 0.155 0.165 0.176 0.16 0.174 0.147 0.144 0.099 0.122 0.126 0.136 0.142 0.163 0.231 0.086 0.166 0.075 0.111 0.14 0.081 0.135 0.169 0.222
0.124 0.125 0.142 0.137 0.131 0.136 0.133 0.135 0.123 0.135 0.139 0.102 0.11 0.09 0.113 0.115 0.104 0.116 0.126 0.144 0.147 0.127 0.091 0.103 0.112 0.128 0.143 0.124 0.142 0.136 0.146 0.121 0.141 0.153 0.135 0.117 0.135 0.138 0.142 0.149 0.15 0.083 0.07 0.136 0.146 0.136 0.15 0.151 0.136 0.148 0.152 0.134 0.147 0.166 0.156 0.169 0.177 0.145 0.124 0.183 0.189 0.121 0.14 0.154 0.139 0.136 0.203 0.202 0.125 0.116 0.132 0.107 0.077 0.087 0.181 0.254 0.221
0.136 0.129 0.151 0.153 0.158 0.16 0.137 0.132 0.128 0.1 0.092 0.075 0.104 0.125 0.124 0.139 0.147 0.144 0.131 0.126 0.126 0.122 0.117 0.131 0.144 0.154 0.127 0.156 0.165 0.157 0.166 0.15 0.135 0.147 0.139 0.128 0.128 0.134 0.133 0.126 0.134 0.117 0.126 0.129 0.149 0.154 0.119 0.114 0.142 0.167 0.152 0.148 0.141 0.168 0.163 0.16 0.105 0.097 0.116 0.107 0.102 0.164 0.21 0.181 0.131 0.135 0.211 0.166 0.102 0.116 0.155 0.147 0.182 0.196 0.222 0.296 0.18
0.132 0.152 0.149 0.151 0.144 0.139 0.122 0.116 0.116 0.095 0.117 0.127 0.122 0.125 0.14 0.145 0.126 0.119 0.132 0.108 0.098 0.148 0.134 0.146 0.144 0.12 0.132 0.126 0.136 0.17 0.165 0.12 0.115 0.13 0.137 0.122 0.15 0.143 0.135 0.123 0.15 0.133 0.129 0.114 0.131 0.119 0.126 0.108 0.141 0.151 0.165 0.154 0.154 0.151 0.155 0.173 0.107 0.137 0.15 0.14 0.151 0.115 0.1 0.118 0.191 0.249 0.229 0.205 0.142 0.149 0.215 0.153 0.155 0.18 0.237 0.281 0.149
0.098 0.116 0.106 0.094 0.129 0.129 0.13 0.125 0.102 0.12 0.123 0.132 0.111 0.114 0.121 0.103 0.112 0.125 0.138 0.098 0.091 0.085 0.159 0.096 0.097 0.127 0.009 0.08 0.107 0.112 0.136 0.168 0.15 0.106 0.124 0.175 0.167 0.138 0.069 0.134 0.134 0.097 0.108 0.115 0.123 0.135 0.14 0.149 0.162 0.173 0.166 0.157 0.157 0.134 0.114 0.138 0.169 0.165 0.198 0.196 0.153 0.199 0.222 0.213 0.202 0.264 0.305 0.247 0.291 0.266 0.298 0.27 0.191 0.166 0.186 0.241 0.297
0.134 0.101 0.111 0.106 0.114 0.121 0.111 0.1 0.098 0.102 0.102 0.067 0.129 0.11 0.123 0.13 0.123 0.11 0.159 0.142 0.065 0.12 0.158 0.148 0.155 0.125 0.113 0.133 0.132 0.142 0.154 0.147 0.126 0.014 0.156 0.163 0.134 0.133 0.151 0.147 0.135 0.129 0.12 0.118 0.117 0.125 0.146 0.128 0.124 0.137 0.132 0.122 0.12 0.112 0.113 0.136 0.145 0.169 0.181 0.198 0.199 0.228 0.244 0.269 0.253 0.249 0.259 0.255 0.285 0.274 0.293 0.292 0.273 0.307 0.258 0.196 0.227
0.124 0.107 0.11 0.107 0.094 0.079 0.097 0.086 0.051 0.078 0.073 0.094 0.052 0.089 0.119 0.118 0.135 0.125 0.129 0.069 0.123 0.14 0.129 0.127 0.082 0.123 0.121 0.142 0.139 0.135 0.145 0.153 0.135 0.13 0.162 0.152 0.111 0.11 0.121 0.116 0.1 0.134 0.116 0.126 0.122 0.121 0.09 0.086 0.082 0.093 0.098 0.112 0.123 0.147 0.142 0.125 0.173 0.195 0.209 0.234 0.228 0.234 0.244 0.268 0.288 0.314 0.312 0.289 0.295 0.287 0.273 0.318 0.314 0.307 0.288 0.28 0.251
0.126 0.113 0.109 0.11 0.125 0.127 0.118 0.12 0.115 0.106 0.11 0.071 0.102 0.103 0.109 0.114 0.124 0.122 0.128 0.129 0.126 0.134 0.124 0.118 0.124 0.135 0.147 0.132 0.117 0.123 0.17 0.144 0.123 0.108 0.109 0.122 0.044 0.101 0.101 0.103 0.105 0.144 0.134 0.123 0.104 0.1 0.12 0.129 0.128 0.119 0.133 0.147 0.159 0.157 0.14 -0.3 0.158 0.19 0.212 0.217 0.213 0.134 0.178 0.234 0.334 0.354 0.349 0.342 0.336 0.283 0.266 0.344 0.339 0.347 0.319 0.27 0.238
0.114 0.131 0.145 0.138 0.14 0.145 0.121 0.131 0.124 0.116 0.115 0.11 0.075 0.098 0.115 0.113 0.121 0.125 0.127 0.131 0.124 0.117 0.115 0.109 0.116 0.12 0.119 0.126 0.038 0.075 0.096 0.116 0.111 0.039 0.078 0.064 -0.069 0.088 0.097 0.096 0.091 0.093 0.095 0.113 0.128 0.138 0.137 0.141 0.138 0.123 0.14 0.161 0.161 0.129 0.104 0.037 0.16 0.2 0.23 0.224 0.245 0.237 0.262 0.3 0.332 0.338 0.338 0.325 0.346 0.335 0.319 0.351 0.367 0.366 0.363 0.339 0.236
0.136 0.141 0.15 0.133 0.126 0.124 0.125 0.123 0.131 0.127 0.125 0.116 0.124 0.128 0.144 0.122 0.12 0.132 0.096 0.084 0.06 -0.3 0.004 0.076 0.11 0.113 0.137 0.126 0.12 0.109 0.135 0.124 0.064 -0.007 0.098 -0.166 -9999 -0.3 -0.088 0.049 0.077 0.109 0.111 0.111 0.083 0.096 0.122 0.13 0.133 0.136 0.143 0.165 0.172 0.189 0.183 0.193 0.209 0.197 0.226 0.227 0.26 0.26 0.291 0.289 0.335 0.322 0.275 0.319 0.313 0.309 0.256 0.243 0.32 0.272 0.265 0.239 0.391
0.163 0.168 0.154 0.143 0.133 0.134 0.137 0.129 0.13 0.131 0.117 0.123 0.127 0.128 0.134 0.128 0.124 0.13 0.122 0.116 0.118 0.111 0.128 0.142 0.139 0.126 0.142 0.131 0.129 0.131 0.147 0.123 0.036 -0.3 0.081 -0.3 -0.3 -0.3 -0.3 -0.098 0.053 0.067 -0.014 0.083 0.084 0.103 0.144 0.144 0.135 0.144 0.03 0.155 0.177 0.192 0.158 0.159 0.204 0.168 0.173 0.19 0.23 0.278 0.251 0.269 0.304 0.317 0.309 0.323 0.326 0.336 0.352 0.227 0.277 0.29 0.295 0.289 0.237
0.154 0.137 0.141 0.145 0.142 0.133 0.129 0.127 0.122 0.123 0.124 0.148 0.152 0.151 0.151 0.143 0.128 0.12 0.146 0.149 0.146 0.163 0.17 0.165 0.161 -0.3 0.048 0.054 0.152 0.18 0.181 0.141 0.13 0.14 0.141 0.147 -0.3 -0.3 -0.3 0.083 0.137 0.003 0.089 0.106 0.134 0.146 0.141 0.165 0.158 0.156 0.16 0.173 0.21 0.14 0.155 0.214 0.191 0.146 0.121 0.22 0.2 0.285 0.286 0.28 0.313 0.324 0.33 0.333 0.368 0.36 0.366 0.238 0.26 0.306 0.296 0.306 0.23
0.13 0.149 0.151 0.143 0.135 0.137 0.13 0.127 0.136 0.143 0.147 0.156 0.14 0.124 0.126 0.133 0.126 0.116 0.104 0.116 0.13 0.139 0.152 0.161 0.135 0.148 0.137 0.153 0.165 0.166 0.171 0.129 0.153 0.142 -0.3 0.156 0.054 -0.3 -0.036 0.114 0.132 0.151 0.141 0.142 0.149 0.148 0.176 0.17 0.184 0.201 0.216 0.193 0.208 0.151 0.155 0.247 0.182 0.095 0.161 0.187 0.189 0.248 0.269 0.257 0.3 0.299 0.327 0.353 0.366 0.354 0.356 0.279 0.255 0.182 0.232 0.257 0.287
0.131 0.155 0.155 0.141 0.143 0.136 0.137 0.131 0.136 0.159 0.17 0.14 0.127 0.026 0.027 0.112 0.138 0.124 0.115 0.097 0.08 0.158 0.149 0.156 0.143 0.127 0.161 0.168 0.167 0.199 0.201 0.163 0.177 0.146 0.13 0.137 0.014 0.057 0.081 0.129 0.14 0.154 0.173 0.162 0.145 0.16 0.149 0.152 0.171 0.182 0.18 0.181 0.185 0.184 0.152 0.157 0.123 0.147 0.199 0.218 0.241 0.165 0.236 0.268 0.308 0.324 0.31 0.314 0.301 0.293 0.276 0.245 0.244 0.279 0.295 0.297 0.3
0.14 0.125 0.12 0.114 0.127 0.129 0.137 0.155 0.151 0.166 0.174 0.123 0.152 0.127 0.086 0.153 0.143 0.151 0.149 0.179 0.184 0.186 0.186 0.161 0.157 -0.027 0.15 0.135 0.103 0.121 0.157 0.184 0.155 0.162 0.135 0.131 0.167 0.151 0.139 0.174 0.173 0.166 0.181 0.176 0.173 0.249 0.219 0.23 0.196 0.167 0.179 0.085 0.076 0.098 0.132 0.141 0.236 0.241 0.236 0.235 0.239 0.25 0.268 0.248 0.278 0.286 0.294 0.321 0.316 0.296 0.351 0.31 0.267 0.255 0.309 0.368 0.208
0.129 0.109 0.114 0.105 0.092 0.095 0.132 0.149 0.146 0.15 0.172 0.145 0.145 -0.3 0.119 0.13 0.147 0.134 0.111 0.119 0.162 0.153 0.179 0.161 0.151 0.153 0.127 0.152 0.146 0.146 0.143 0.191 0.188 0.158 0.151 0.15 0.176 0.18 0.129 0.208 0.195 0.174 0.2 0.215 0.193 0.229 0.241 0.248 0.253 0.182 0.164 -0.01 -0.104 0.112 0.149 0.184 0.257 0.217 0.227 0.241 0.198 0.161 0.237 0.252 0.271 0.296 0.299 0.304 0.289 0.339 0.362 0.216 0.281 0.291 0.249 0.221 0.169
0.132 0.117 0.096 0.101 0.11 0.104 0.135 0.143 0.153 0.183 0.169 0.152 0.124 -0.3 0.106 0.155 0.149 0.135 0.132 0.142 0.146 0.141 0.137 0.141 0.143 0.162 0.185 0.142 -0.3 0.142 0.136 0.156 0.146 0.141 0.127 0.127 0.142 0.14 -0.3 0.145 0.173 0.142 0.161 0.188 0.215 0.223 0.222 0.219 0.237 0.198 0.186 -0.3 0.174 0.208 0.196 0.262 0.24 0.189 -0.3 0.259 0.267 0.261 0.296 0.279 0.294 0.33 0.309 0.325 0.351 0.345 0.326 0.217 0.339 0.221 0.214 0.265 0.309
0.16 0.118 0.141 0.141 0.156 0.158 0.158 0.165 0.181 0.168 0.152 0.138 -0.3 0.123 0.195 0.16 0.152 0.141 0.044 0.125 0.123 0.129 0.166 0.155 0.179 0.182 0.141 0.1 0.177 0.122 -0.3 0.152 0.14 0.121 0.131 0.139 0.117 0.124 0.121 0.176 0.178 0.092 0.15 0.17 0.181 0.187 0.209 0.181 0.194 0.196 0.215 0.192 0.211 0.242 0.199 0.221 0.236 0.204 0.207 0.24 0.293 0.321 0.297 0.294 0.329 0.331 0.33 0.331 0.298 0.342 0.26 0.339 0.259 0.198 0.301 0.343 0.344
0.128 0.101 0.118 0.144 0.148 0.156 0.154 0.153 0.146 0.163 0.166 -0.3 0.139 0.176 0.164 0.172 0.181 -0.3 -0.3 0.069 0.087 0.144 0.159 0.178 0.195 0.194 0.162 0.129 0.157 0.126 0.111 -0.3 0.142 0.146 0.145 0.146 -0.3 0.171 0.148 0.147 0.164 0.159 0.157 0.168 0.167 0.163 0.198 0.191 0.204 0.184 0.196 0.18 0.253 0.251 0.218 0.228 0.227 0.263 0.212 0.234 0.26 0.191 0.262 0.256 0.305 0.295 0.32 0.323 0.309 0.306 0.268 0.235 0.216 0.221 0.254 0.338 0.298
0.165 -0.3 0.113 0.047 -0.3 0.121 0.143 0.128 0.162 0.173 0.183 0.128 0.146 0.173 0.182 0.179 0.146 0.085 0.121 0.159 0.167 0.176 0.175 0.172 0.188 0.178 0.175 0.167 0.141 0.171 0.186 0.18 0.12 0.133 0.154 0.16 0.185 0.172 0.166 0.137 0.123 0.18 0.154 0.161 0.131 0.135 0.171 0.21 0.195 0.134 0.086 0.151 0.171 -0.3 0.144 -0.3 0.116 0.195 0.25 0.27 0.214 0.098 0.249 0.258 0.187 0.205 0.096 0.127 0.182 0.184 0.19 0.316 0.229 0.23 0.218 0.189 0.105
0.182 0.171 0.156 0.156 0.087 0.11 0.173 0.188 0.17 0.175 0.163 0.067 0.113 0.159 0.166 0.183 0.153 0.155 0.175 0.221 0.212 0.191 0.183 0.159 0.156 0.175 0.181 0.176 0.16 0.169 0.154 0.11 0.013 0.095 0.143 0.164 0.18 0.17 0.163 0.186 0.153 0.23 0.244 0.229 0.241 0.219 0.241 0.197 0.206 0.186 -9999 0.147 -0.3 -0.3 -0.3 0.106 0.155 0.265 0.277 0.219 0.136 0.197 0.279 0.25 0.11 0.137 0.184 0.212 0.188 0.182 0.211 0.279 0.252 0.243 0.234 0.214 0.195
0.135 0.153 0.167 0.156 0.132 0.133 0.143 0.142 0.119 0.166 0.17 0.165 0.12 0.14 0.196 0.207 0.176 0.155 0.202 0.181 0.176 0.185 0.178 0.2 0.2 0.184 0.207 0.208 0.195 0.211 0.208 0.043 0.086 0.146 0.146 0.169 0.224 0.242 0.227 0.21 0.204 0.211 0.189 0.218 0.234 0.236 0.225 0.233 0.204 0.18 -9999 -0.3 -0.3 -0.3 -0.3 0.195 0.209 0.206 0.191 0.178 0.188 0.267 0.308 0.218 0.183 0.123 0.127 0.204 0.219 0.241 0.274 0.255 0.256 0.276 0.248 0.185 0.226
0.117 0.121 0.119 0.135 0.128 0.13 0.134 0.136 0.122 -0.3 0.162 0.157 0.125 0.149 0.175 0.174 0.179 0.193 0.239 0.215 0.222 0.204 0.205 0.215 0.202 0.174 0.12 0.119 0.204 0.159 0.231 0.154 0.166 0.163 0.145 0.156 0.241 0.198 0.214 0.168 0.194 0.238 0.244 0.24 0.254 0.233 0.234 0.233 0.211 0.156 -0.3 -0.3 -0.3 0.11 0.267 0.182 0.11 0.167 0.263 0.287 0.253 0.316 0.347 0.306 0.274 0.273 0.223 0.207 0.279 0.303 0.268 0.249 0.33 0.306 0.242 0.208 0.167
0.145 0.141 0.137 0.133 0.124 0.127 0.155 0.126 0.125 0.133 0.177 0.166 0.129 0.129 0.151 0.161 0.182 0.197 0.165 0.17 0.218 0.201 0.194 0.204 0.183 0.15 0.116 0.14 0.182 0.184 0.215 0.176 0.16 0.187 0.185 0.181 0.272 0.271 0.24 0.215 0.196 0.203 0.24 0.246 0.258 0.297 0.261 0.251 0.202 0.168 -0.3 0.226 0.214 0.158 0.077 0.082 0.209 0.318 0.381 0.369 0.362 0.316 0.301 0.345 0.352 0.247 0.127 0.125 0.149 0.236 0.193 0.229 0.19 0.216 0.134 0.108 0.087
0.134 0.187 0.171 0.177 0.176 0.138 0.172 0.173 0.178 0.114 0.178 0.108 0.135 0.132 0.144 0.161 0.172 0.19 0.194 0.16 0.12 0.133 0.088 0.08 0.161 0.175 0.109 0.126 0.137 0.145 0.184 0.206 0.178 0.164 0.209 0.241 0.261 0.249 0.267 0.269 0.27 0.217 0.225 0.238 0.262 0.219 0.252 0.28 0.278 0.176 0.059 -0.037 -0.038 0.129 0.262 0.32 0.34 0.353 0.295 0.234 0.244 0.25 0.225 0.371 0.25 0.249 0.198 0.138 0.072 0.186 0.225 0.181 0.113 0.194 0.116 0.162 0.199
0.125 0.18 0.163 0.175 0.151 0.145 0.148 0.141 0.138 0.051 -0.3 0.127 0.088 0.124 0.136 0.136 0.14 0.132 0.131 0.143 0.148 0.138 0.119 0.118 0.109 0.127 0.211 0.237 0.216 0.108 0.036 0.235 0.169 0.116 0.154 0.187 0.193 0.165 0.139 0.238 0.248 0.16 0.146 0.195 0.178 0.211 0.274 0.257 0.172 0.052 -0.001 0.052 0.183 0.219 0.291 0.334 0.324 0.35 0.338 0.347 0.342 0.307 0.284 0.248 0.228 0.161 0.194 0.216 0.123 0.098 0.091 0.2 0.167 0.142 0.197 0.139 0.368
0.117 0.112 0.101 0.113 0.176 0.159 0.137 0.123 0.086 0.054 -0.3 0.123 0.081 0.113 0.127 0.102 0.14 0.128 0.132 0.182 0.129 0.181 0.186 0.158 0.182 0.192 0.173 0.217 0.154 0.13 0.098 0.215 0.188 0.147 0.124 0.144 0.218 0.212 0.174 0.192 0.158 0.192 0.167 0.169 0.128 0.202 0.238 0.16 0.024 -0.012 0.052 0.25 0.265 0.283 0.254 0.228 0.247 0.288 0.36 0.325 0.299 0.183 0.188 0.214 0.305 0.299 0.146 0.2 0.179 0.24 0.212 0.226 0.152 0.182 0.234 0.357 0.302
0.131 0.142 0.14 0.156 0.137 0.092 0.168 0.113 0.031 0.062 0.151 0.137 0.103 0.111 0.109 0.075 0.148 0.134 0.12 0.09 0.139 0.177 0.202 0.186 0.169 0.164 0.167 0.163 0.148 0.162 0.208 0.144 0.153 0.16 0.196 0.152 0.237 0.227 0.273 0.225 0.179 0.198 0.082 0.095 0.123 0.174 0.222 0.12 -0.015 0.033 0.001 0.251 0.308 0.198 0.165 0.217 0.244 0.254 0.288 0.217 0.308 0.348 0.235 0.258 0.369 0.271 0.262 0.278 0.33 0.26 0.242 0.19 0.229 0.182 0.333 0.412 0.255
0.153 0.131 0.138 0.137 0.086 0.118 0.161 0.096 0.075 0.114 0.131 0.129 0.083 0.106 0.085 0.094 0.148 0.118 0.091 0.166 0.202 0.173 0.192 0.14 0.105 0.103 0.173 0.192 0.154 0.211 0.201 0.156 0.146 0.195 0.236 0.215 0.202 0.242 0.155 0.147 0.086 0.205 0.126 0.148 0.209 0.296 0.123 -0.021 0.055 0.243 0.269 0.26 0.279 0.274 0.3 0.327 0.272 0.333 0.318 0.33 0.288 0.349 0.36 0.383 0.373 0.385 0.374 0.36 0.315 0.282 0.229 0.211 0.226 0.225 0.306 0.426 0.438
0.091 0.103 0.175 0.131 0.129 0.193 0.145 0.081 0.077 0.12 0.114 0.141 0.136 0.093 0.143 0.118 0.086 0.081 0.13 0.109 0.158 0.15 0.195 0.2 0.212 0.221 0.222 0.163 0.172 0.137 0.065 0.184 0.208 0.235 0.183 0.227 0.248 0.256 0.256 0.233 0.265 0.14 0.129 0.151 0.141 0.173 0.239 0.25 0.076 0.276 0.223 0.211 0.254 0.301 0.273 0.304 0.302 0.285 0.266 0.3 0.284 0.336 0.353 0.305 0.319 0.368 0.376 0.295 0.178 0.216 0.351 0.367 0.402 0.403 0.344 0.377 0.072
0.108 0.101 0.133 -0.3 0.16 0.133 0.134 0.123 0.139 0.153 0.155 0.097 0.1 0.135 0.161 0.098 0.133 0.092 0.107 0.166 0.207 0.126 0.232 0.199 0.17 0.139 0.202 0.174 0.21 0.062 0.192 0.221 0.188 0.186 0.204 0.225 0.23 0.249 0.25 0.258 0.274 0.172 0.215 0.223 0.223 0.227 0.281 0.157 0.119 0.244 0.262 0.152 0.224 0.304 0.287 0.272 0.309 0.322 0.329 0.338 0.284 0.269 0.297 0.324 0.337 0.351 0.314 0.259 0.285 0.207 0.258 0.235 0.283 0.269 0.16 0.192 0.092
0.125 0.154 0.127 0.121 0.163 0.117 0.134 0.179 0.189 0.157 0.102 0.084 0.112 0.177 0.11 0.06 0.168 0.09 0.083 0.147 0.118 0.174 0.208 0.202 0.209 0.198 0.24 0.211 0.14 0.194 0.239 0.224 0.207 0.237 0.183 0.169 0.229 0.256 0.275 0.279 0.265 0.269 0.273 0.286 0.321 0.279 0.231 0.304 0.278 0.242 0.304 0.254 0.267 0.278 0.269 0.277 0.297 0.27 0.241 0.266 0.288 0.326 0.384 0.36 0.352 0.375 0.345 0.368 0.354 0.354 0.33 0.178 0.144 0.098 0.08 0.144 0.154
0.144 0.201 0.193 0.156 0.153 0.091 0.1 0.124 0.167 0.164 0.099 0.121 0.125 0.131 0.109 0.076 0.188 0.096 0.093 0.122 0.118 0.219 0.237 0.193 0.155 0.159 0.132 0.193 0.198 0.242 0.234 0.227 0.249 0.217 0.156 0.204 0.225 0.281 0.234 0.273 0.2 0.269 0.235 0.276 0.317 0.191 0.265 0.297 0.324 0.305 0.334 0.149 0.161 0.222 0.276 0.335 0.17 0.194 0.263 0.32 0.302 0.219 0.222 0.294 0.337 0.248 0.187 0.203 0.235 0.319 0.347 0.19 0.258 0.097 0.169 0.204 0.204
0.133 0.156 0.19 0.177 0.177 0.155 0.163 0.15 0.175 0.183 0.134 0.176 0.18 0.187 0.126 0.138 0.17 0.125 0.109 0.093 0.108 0.153 0.235 0.19 0.149 0.141 0.144 0.247 0.227 0.232 0.203 0.217 0.266 0.187 0.179 0.15 0.24 0.266 0.202 0.207 0.196 0.262 0.276 0.249 0.208 0.149 0.233 0.262 0.292 0.26 0.296 0.208 0.218 0.283 0.312 0.318 0.243 0.329 0.281 0.284 0.319 0.273 0.227 0.288 0.273 0.313 0.214 0.206 0.231 0.322 0.357 0.135 0.136 0.17 0.229 0.261 0.16
