data/china_ndvi_max_1989.asc
ncols         710
nrows         510
xllcorner     70
yllcorner     10
cellsize      0.1
NODATA_value  -9999
[rows 170 to 203 of 510, columns 462 to 538 of 710]
0.217 0.228 0.214 0.208 0.222 0.233 0.289 0.277 0.281 0.265 0.272 0.276 0.323 0.37 0.363 0.301 0.308 0.316 0.351 0.359 0.324 0.228 0.292 0.34 0.298 0.281 0.292 0.295 0.267 0.447 0.309 0.271 0.282 0.332 0.355 0.294 0.27 0.272 0.266 0.266 0.278 0.278 0.291 0.283 0.332 0.282 0.239 0.238 0.289 0.317 0.279 0.268 0.264 0.337 0.294 0.305 0.293 0.294 0.29 0.293 0.284 0.28 0.335 0.322 0.339 0.31 0.309 0.309 0.304 0.276 0.303 0.295 0.309 0.304 0.302 0.283 0.336
0.233 0.222 0.217 0.231 0.225 0.272 0.274 0.254 0.293 0.298 0.295 0.319 0.365 0.366 0.357 0.321 0.34 0.329 0.376 0.348 0.287 0.27 0.247 0.254 0.26 0.289 0.236 0.282 0.254 0.288 0.263 0.266 0.279 0.29 0.283 0.31 0.298 0.275 0.271 0.29 0.287 0.246 0.277 0.254 0.268 0.277 0.3 0.27 0.246 0.251 0.29 0.323 0.354 0.273 0.288 0.288 0.28 0.269 0.301 0.296 0.303 0.351 0.384 0.358 0.43 0.41 0.404 0.367 0.312 0.293 0.322 0.344 0.298 0.325 0.31 0.324 0.332
0.224 0.208 0.221 0.254 0.234 0.241 0.271 0.278 0.329 0.304 0.29 0.338 0.397 0.395 0.366 0.338 0.444 0.407 0.291 0.278 0.279 0.31 0.278 0.228 0.31 0.372 0.28 0.277 0.262 0.233 0.278 0.325 0.29 0.261 0.279 0.278 0.284 0.323 0.252 0.267 0.285 0.293 0.287 0.265 0.285 0.265 0.267 0.273 0.298 0.316 0.365 0.34 0.301 0.304 0.291 0.303 0.328 0.339 0.351 0.358 0.357 0.358 0.384 0.347 0.314 0.32 0.343 0.403 0.364 0.354 0.355 0.377 0.385 0.355 0.355 0.342 0.364
0.222 0.226 0.219 0.231 0.232 0.225 0.239 0.25 0.281 0.246 0.258 0.315 0.372 0.394 0.414 0.381 0.39 0.269 0.272 0.301 0.302 0.268 0.306 0.345 0.321 0.268 0.25 0.247 0.219 0.22 0.283 0.264 0.259 0.228 0.26 0.25 0.248 0.317 0.262 0.217 0.28 0.302 0.287 0.273 0.27 0.269 0.257 0.285 0.343 0.35 0.322 0.302 0.353 0.26 0.288 0.288 0.321 0.307 0.329 0.348 0.363 0.256 0.389 0.344 0.297 0.328 0.268 0.259 0.325 0.325 0.356 0.373 0.369 0.376 0.377 0.377 0.418
0.243 0.238 0.224 0.228 0.226 0.26 0.276 0.271 0.291 0.329 0.279 0.29 0.331 0.394 0.427 0.492 0.351 0.297 0.316 0.3 0.283 0.237 0.236 0.263 0.295 0.283 0.263 0.253 0.22 0.256 0.23 0.235 0.237 0.212 0.236 0.272 0.269 0.235 0.259 0.245 0.231 0.251 0.266 0.253 0.274 0.288 0.322 0.329 0.349 0.367 0.33 0.336 0.319 0.319 0.303 0.332 0.291 0.309 0.373 0.408 0.391 0.414 0.37 0.309 0.296 0.326 0.318 0.298 0.311 0.318 0.317 0.342 0.386 0.338 0.367 0.374 0.401
0.249 0.225 0.227 0.222 0.184 0.16 0.221 0.243 0.293 0.266 0.279 0.401 0.409 0.314 0.302 0.421 0.359 0.256 0.31 0.291 0.288 0.269 0.248 0.23 0.239 0.346 0.261 0.265 0.235 0.225 0.237 0.22 0.218 0.203 0.193 0.199 0.296 0.299 0.197 0.252 0.346 0.303 0.245 0.363 0.364 0.348 0.326 0.284 0.277 0.284 0.297 0.329 0.365 0.33 0.323 0.259 0.32 0.301 0.344 0.337 0.313 0.289 0.274 0.294 0.291 0.324 0.319 0.296 0.306 0.294 0.322 0.304 0.332 0.356 0.421 0.377 0.375
0.215 0.222 0.228 0.256 -0.3 -0.3 0.223 0.222 0.3 0.244 0.274 0.352 0.371 0.275 0.394 0.405 0.464 0.368 0.305 0.351 0.264 0.244 0.217 0.229 0.241 0.227 0.224 0.271 0.233 0.228 0.264 0.241 0.252 0.239 0.279 0.326 0.287 0.289 0.263 0.259 0.271 0.259 0.269 0.291 0.314 0.256 0.238 0.237 0.237 0.283 0.307 0.306 0.284 0.286 0.253 0.276 0.271 0.272 0.283 0.269 0.285 0.284 0.298 0.289 0.277 0.28 0.295 0.299 0.296 0.305 0.291 0.306 0.339 0.388 0.386 0.389 0.369
0.195 0.217 0.246 0.266 0.223 0.206 0.245 0.255 0.223 0.23 0.211 0.239 0.267 0.281 0.271 0.253 0.252 0.245 0.242 0.249 0.264 0.26 0.272 0.253 0.279 0.245 0.181 0.173 0.203 0.222 0.228 0.19 0.225 0.261 0.237 0.235 0.264 0.253 0.196 0.196 0.305 0.233 0.187 0.233 0.174 0.204 0.224 0.226 0.316 0.288 0.287 0.261 0.245 0.249 0.264 0.25 0.279 0.273 0.285 0.281 0.296 0.284 0.274 0.284 0.31 0.273 0.273 0.268 0.299 0.276 0.286 0.307 0.328 0.39 0.429 0.372 0.389
0.184 0.188 0.212 0.242 0.225 0.226 0.244 0.237 0.208 0.248 0.239 0.255 0.31 0.289 0.23 0.256 0.272 0.284 0.243 0.27 0.249 0.249 0.259 0.238 0.288 0.329 0.267 0.228 0.166 0.155 0.181 0.19 0.174 0.207 0.193 0.18 0.159 0.16 0.189 0.189 0.19 0.168 0.199 0.154 0.201 0.244 0.243 0.289 0.272 0.256 0.264 0.251 0.252 0.257 0.258 0.266 0.272 0.288 0.292 0.318 0.309 0.286 0.279 0.306 0.297 0.282 0.297 0.306 0.314 0.333 0.315 0.344 0.328 0.387 0.407 0.408 0.414
0.24 0.259 0.267 0.224 0.24 0.224 0.21 0.222 0.223 0.248 0.249 0.238 0.249 0.28 0.273 0.337 0.407 0.434 0.283 0.262 0.261 0.274 0.257 0.26 0.258 0.254 0.239 0.265 0.24 0.184 0.181 0.185 0.152 0.18 0.234 0.191 0.172 0.179 0.159 0.163 0.172 0.241 0.244 0.197 0.21 0.237 0.265 0.285 0.257 0.251 0.255 0.254 0.271 0.268 0.279 0.271 0.284 0.29 0.289 0.324 0.291 0.301 0.322 0.284 0.297 0.299 0.31 0.317 0.303 0.313 0.333 0.365 0.353 0.412 0.397 0.411 0.415
0.204 0.22 0.198 0.25 0.263 0.242 0.246 0.257 0.26 0.292 0.281 0.458 0.462 0.429 0.385 0.343 0.354 0.371 0.314 0.304 0.302 0.276 0.264 0.242 0.256 0.239 0.239 0.271 0.279 0.276 0.255 0.262 0.264 0.209 0.241 0.238 0.26 0.299 0.255 0.259 0.308 0.341 0.289 0.318 0.29 0.272 0.263 0.253 0.246 0.247 0.246 0.246 0.22 0.193 0.209 0.214 0.214 0.2 0.26 0.278 0.286 0.294 0.322 0.338 0.354 0.328 0.324 0.33 0.37 0.386 0.401 0.402 0.427 0.431 0.39 0.43 0.406
0.253 0.264 0.209 0.226 0.249 0.279 0.255 0.243 0.291 0.377 0.319 0.352 0.434 0.458 0.371 0.396 0.343 0.354 0.329 0.312 0.293 0.274 0.272 0.263 0.266 0.264 0.234 0.237 0.244 0.259 0.252 0.248 0.239 0.232 0.24 0.296 0.291 0.305 0.257 0.266 0.291 0.281 0.298 0.228 0.288 0.316 0.313 0.27 0.253 0.255 0.282 0.272 0.279 0.301 0.274 0.268 0.285 0.273 0.271 0.335 0.381 0.324 0.29 0.339 0.355 0.393 0.359 0.346 0.396 0.375 0.411 0.405 0.393 0.416 0.41 0.424 0.429
0.259 0.226 0.187 0.236 0.256 0.25 0.257 0.25 0.328 0.332 0.306 0.342 0.397 0.379 0.356 0.349 0.374 0.375 0.339 0.332 0.343 0.277 0.249 0.25 0.248 0.244 0.23 0.24 0.253 0.249 0.267 0.235 0.208 0.302 0.272 0.221 0.284 0.29 0.3 0.282 0.295 0.294 0.3 0.303 0.315 0.329 0.3 0.307 0.323 0.34 0.305 0.287 0.288 0.287 0.26 0.286 0.316 0.327 0.347 0.308 0.359 0.347 0.337 0.354 0.345 0.362 0.398 0.392 0.426 0.415 0.446 0.385 0.382 0.429 0.424 0.422 0.429
0.233 0.188 0.223 0.255 0.269 0.27 0.248 0.241 0.295 0.25 0.275 0.357 0.475 0.36 0.352 0.408 0.415 0.42 0.384 0.362 0.358 0.324 0.279 0.27 0.234 0.245 0.267 0.33 0.283 0.238 0.233 0.265 0.261 0.238 0.249 0.328 0.276 0.267 0.298 0.276 0.297 0.289 0.267 0.378 0.32 0.342 0.308 0.302 0.283 0.291 0.282 0.28 0.302 0.252 0.256 0.282 0.31 0.353 0.367 0.366 0.365 0.388 0.378 0.367 0.37 0.36 0.38 0.416 0.423 0.427 0.426 0.401 0.4 0.43 0.394 0.427 0.441
0.267 0.23 0.241 0.253 0.287 0.264 0.259 0.269 0.284 0.374 0.345 0.371 0.421 0.419 0.405 0.421 0.442 0.417 0.353 0.328 0.321 0.297 0.276 0.281 0.262 0.268 0.251 0.243 0.232 0.217 0.222 0.21 0.253 0.327 0.367 0.313 0.275 0.234 0.264 0.275 0.288 0.283 0.361 0.313 0.289 0.306 0.301 0.279 0.265 0.285 0.286 0.293 0.315 0.279 0.286 0.295 0.354 0.363 0.36 0.353 0.368 0.354 0.36 0.397 0.385 0.382 0.391 0.416 0.411 0.403 0.459 0.456 0.438 0.427 0.438 0.427 0.438
0.295 0.281 0.231 0.319 0.279 0.259 0.319 0.333 0.361 0.362 0.352 0.445 0.447 0.445 0.413 0.43 0.367 0.32 0.331 0.316 0.319 0.299 0.372 0.257 0.249 0.26 0.276 0.402 0.248 0.26 0.326 0.335 0.337 0.306 0.302 0.253 0.262 0.265 0.264 0.272 0.249 0.278 0.245 0.274 0.266 0.275 0.275 0.262 0.315 0.337 0.354 0.324 0.325 0.315 0.343 0.337 0.354 0.365 0.381 0.375 0.371 0.39 0.379 0.333 0.395 0.408 0.415 0.429 0.408 0.397 0.432 0.428 0.394 0.456 0.446 0.411 0.442
0.282 0.278 0.288 0.321 0.257 0.284 0.312 0.29 0.354 0.354 0.368 0.382 0.399 0.506 0.45 0.419 0.393 0.407 0.374 0.331 0.343 0.317 0.3 0.27 0.301 0.265 0.285 0.351 0.319 0.337 0.306 0.278 0.291 0.219 0.241 0.262 0.266 0.27 0.262 0.276 0.271 0.282 0.262 0.287 0.271 0.295 0.307 0.3 0.32 0.331 0.315 0.344 0.327 0.383 0.343 0.357 0.362 0.359 0.399 0.368 0.392 0.39 0.369 0.369 0.397 0.391 0.389 0.412 0.412 0.409 0.416 0.415 0.44 0.443 0.423 0.407 0.398
0.265 0.269 0.248 0.272 0.276 0.272 0.307 0.308 0.311 0.308 0.401 0.498 0.515 0.442 0.475 0.421 0.42 0.441 0.417 0.384 0.346 0.341 0.351 0.3 0.271 0.268 0.269 0.328 0.238 0.242 0.271 0.275 0.271 0.272 0.283 0.264 0.279 0.283 0.275 0.283 0.277 0.285 0.332 0.292 0.295 0.301 0.324 0.308 0.324 0.336 0.322 0.33 0.325 0.335 0.373 0.367 0.373 0.407 0.354 0.38 0.369 0.371 0.365 0.387 0.39 0.393 0.377 0.377 0.395 0.4 0.414 0.417 0.439 0.418 0.445 0.427 0.458
0.284 0.283 0.301 0.247 0.26 0.255 0.289 0.303 0.3 0.403 0.528 0.499 0.552 0.454 0.408 0.395 0.408 0.362 0.373 0.398 0.35 0.439 0.493 0.322 0.287 0.311 0.317 0.288 0.273 0.29 0.282 0.371 0.29 0.28 0.299 0.279 0.292 0.304 0.334 0.304 0.297 0.323 0.323 0.351 0.315 0.33 0.349 0.323 0.336 0.305 0.321 0.383 0.346 0.332 0.336 0.379 0.368 0.376 0.364 0.361 0.388 0.383 0.382 0.389 0.395 0.391 0.393 0.405 0.414 0.43 0.41 0.42 0.426 0.45 0.395 0.448 0.467
0.293 0.291 0.309 0.299 0.302 0.31 0.279 0.438 0.471 0.498 0.482 0.452 0.47 0.471 0.394 0.365 0.404 0.37 0.458 0.452 0.415 0.416 0.334 0.383 0.316 0.31 0.309 0.302 0.295 0.294 0.308 0.311 0.401 0.313 0.306 0.285 0.328 0.298 0.31 0.305 0.316 0.332 0.344 0.426 0.354 0.352 0.333 0.328 0.311 0.288 0.312 0.356 0.352 0.378 0.325 0.294 0.316 0.416 0.394 0.381 0.405 0.392 0.359 0.398 0.394 0.406 0.387 0.412 0.422 0.425 0.442 0.429 0.442 0.434 0.392 0.491 0.541
0.314 0.313 0.296 0.327 0.349 0.346 0.456 0.452 0.433 0.501 0.441 0.457 0.433 0.413 0.492 0.497 0.402 0.387 0.433 0.412 0.41 0.365 0.414 0.387 0.357 0.387 0.466 0.482 0.327 0.355 0.294 0.367 0.286 0.272 0.337 0.338 0.307 0.36 0.315 0.301 0.37 0.438 0.419 0.338 0.322 0.337 0.323 0.316 0.339 0.317 0.325 0.369 0.385 0.374 0.333 0.365 0.471 0.441 0.381 0.371 0.411 0.429 0.373 0.39 0.398 0.418 0.39 0.37 0.433 0.46 0.42 0.44 0.331 0.342 0.445 0.401 0.406
0.303 0.28 0.299 0.408 0.425 0.399 0.456 0.523 0.505 0.5 0.505 0.469 0.467 0.517 0.56 0.515 0.395 0.396 0.458 0.492 0.455 0.451 0.465 0.452 0.425 0.449 0.501 0.387 0.327 0.321 0.362 0.337 0.328 0.291 0.299 0.311 0.359 0.35 0.289 0.301 0.389 0.337 0.368 0.327 0.34 0.292 0.293 0.304 0.333 0.358 0.425 0.4 0.374 0.395 0.359 0.456 0.468 0.453 0.4 0.4 0.401 0.393 0.394 0.426 0.486 0.422 0.396 0.407 0.432 0.45 0.414 0.311 0.197 0.331 0.39 0.403 0.33
0.305 0.35 0.351 0.478 0.504 0.51 0.494 0.537 0.513 0.535 0.488 0.441 0.455 0.447 0.52 0.526 0.432 0.412 0.489 0.526 0.56 0.509 0.406 0.53 0.453 0.496 0.42 0.375 0.32 0.306 0.283 0.329 0.284 0.329 0.333 0.339 0.381 0.353 0.311 0.372 0.332 0.325 0.312 0.325 0.335 0.321 0.324 0.303 0.326 0.374 0.467 0.393 0.404 0.363 0.4 0.552 0.474 0.396 0.408 0.381 0.403 0.396 0.393 0.431 0.431 0.416 0.416 0.412 0.462 0.407 0.402 0.35 0.323 0.386 0.41 0.426 0.453
0.336 0.384 0.337 0.464 0.486 0.545 0.506 0.484 0.446 0.476 0.539 0.554 0.536 0.497 0.517 0.506 0.397 0.468 0.545 0.585 0.574 0.526 0.481 0.526 0.463 0.447 0.377 0.365 0.357 0.314 0.361 0.38 0.338 0.321 0.313 0.326 0.354 0.336 0.324 0.358 0.356 0.342 0.33 0.321 0.321 0.329 0.329 0.338 0.364 0.395 0.381 0.373 0.399 0.407 0.462 0.506 0.399 0.396 0.419 0.373 0.414 0.419 0.421 0.439 0.421 0.415 0.412 0.431 0.418 0.409 0.467 0.415 0.414 0.384 0.442 0.488 0.542
0.409 0.381 0.395 0.487 0.432 0.46 0.544 0.491 0.484 0.494 0.459 0.481 0.478 0.444 0.483 0.395 0.364 0.462 0.539 0.513 0.545 0.579 0.59 0.519 0.45 0.408 0.362 0.326 0.384 0.396 0.414 0.339 0.355 0.344 0.346 0.32 0.315 0.402 0.404 0.355 0.331 0.343 0.338 0.342 0.356 0.329 0.326 0.314 0.372 0.362 0.353 0.366 0.369 0.452 0.519 0.423 0.383 0.404 0.416 0.417 0.43 0.424 0.404 0.433 0.42 0.386 0.412 0.409 0.429 0.422 0.411 0.406 0.421 0.409 0.386 0.443 0.507
0.505 0.471 0.477 0.404 0.352 0.454 0.491 0.426 0.492 0.515 0.456 0.462 0.46 0.429 0.361 0.463 0.434 0.573 0.469 0.49 0.486 0.55 0.568 0.55 0.487 0.43 0.414 0.361 0.364 0.356 0.346 0.357 0.354 0.368 0.293 0.35 0.308 0.299 0.34 0.336 0.339 0.373 0.358 0.347 0.347 0.356 0.378 0.34 0.391 0.413 0.413 0.374 0.375 0.421 0.444 0.442 0.409 0.457 0.475 0.486 0.439 0.425 0.409 0.452 0.421 0.444 0.428 0.423 0.43 0.418 0.411 0.452 0.417 0.48 0.55 0.528 0.479
0.524 0.531 0.558 0.391 0.393 0.509 0.462 0.499 0.461 0.456 0.388 0.436 0.446 0.496 0.466 0.384 0.396 0.397 0.436 0.497 0.483 0.482 0.561 0.562 0.466 0.43 0.393 0.398 0.443 0.38 0.365 0.366 0.372 0.394 0.452 0.468 0.368 0.325 0.33 0.342 0.441 0.402 0.346 0.354 0.34 0.363 0.391 0.367 0.41 0.413 0.417 0.395 0.378 0.38 0.405 0.431 0.406 0.427 0.434 0.458 0.41 0.424 0.435 0.42 0.441 0.442 0.423 0.408 0.417 0.383 0.264 0.398 0.388 0.473 0.51 0.438 0.417
0.516 0.533 0.559 0.367 0.335 0.445 0.433 0.483 0.483 0.462 0.398 0.457 0.417 0.48 0.483 0.441 0.471 0.457 0.45 0.47 0.463 0.497 0.532 0.531 0.447 0.433 0.414 0.405 0.433 0.397 0.401 0.413 0.348 0.372 0.369 0.374 0.364 0.358 0.362 0.395 0.449 0.363 0.345 0.357 0.35 0.35 0.387 0.392 0.401 0.426 0.393 0.422 0.333 0.422 0.401 0.456 0.476 0.448 0.348 0.379 0.43 0.461 0.441 0.437 0.448 0.422 0.428 0.411 0.324 0.37 0.347 0.427 0.445 0.48 0.469 0.474 0.528
0.463 0.551 0.559 0.429 0.352 0.529 0.549 0.472 0.426 0.488 0.395 0.439 0.487 0.429 0.424 0.37 0.459 0.511 0.423 0.423 0.438 0.486 0.538 0.568 0.446 0.442 0.4 0.43 0.393 0.396 0.464 0.402 0.384 0.382 0.385 0.355 0.354 0.339 0.453 0.443 0.42 0.379 0.383 0.368 0.362 0.405 0.445 0.448 0.371 0.174 0.309 0.398 0.38 0.379 0.395 0.44 0.466 0.434 0.279 0.352 0.413 0.433 0.429 0.437 0.459 0.415 0.423 0.439 0.308 0.354 0.507 0.517 0.508 0.464 0.523 0.507 0.508
0.517 0.523 0.508 0.452 0.459 0.563 0.48 0.426 0.416 0.429 0.5 0.485 0.459 0.397 0.477 0.452 0.441 0.478 0.442 0.453 0.426 0.449 0.517 0.52 0.482 0.412 0.427 0.426 0.369 0.376 0.413 0.419 0.447 0.382 0.355 0.365 0.378 0.34 0.479 0.417 0.388 0.355 0.375 0.378 0.368 0.373 0.372 0.388 0.371 0.317 0.379 0.402 0.405 0.39 0.398 0.4 -9999 0.44 0.39 0.408 0.446 0.437 0.433 0.42 0.433 0.441 0.401 0.394 0.396 0.48 0.555 0.556 0.511 0.538 0.561 0.572 0.515
0.382 0.452 0.51 0.542 0.493 0.514 0.509 0.509 0.441 0.493 0.465 0.44 0.474 0.432 0.485 0.45 0.431 0.362 0.428 0.432 0.42 0.428 0.479 0.468 0.425 0.396 0.419 0.418 0.478 0.491 0.461 0.425 0.414 0.388 0.383 0.366 0.418 0.416 0.39 0.346 0.357 0.448 0.421 0.414 0.395 0.419 0.408 0.385 -0.3 -0.3 -9999 -9999 -9999 -9999 0.297 -9999 -9999 -9999 0.411 0.427 0.48 0.436 0.471 0.415 0.373 0.36 0.355 0.396 0.518 0.557 0.565 0.585 0.593 0.628 0.688 0.615 0.606
0.433 0.44 0.456 0.508 0.52 0.452 0.511 0.522 0.434 0.494 0.48 0.444 0.419 0.591 0.57 0.549 0.52 0.448 0.454 0.447 0.449 0.519 0.51 0.453 0.406 0.488 0.504 0.507 0.481 0.449 0.47 0.392 0.362 0.396 0.367 0.41 0.406 0.404 0.456 0.367 0.404 0.526 0.402 0.403 0.428 0.426 0.392 0.404 -9999 -9999 -9999 -9999 -9999 -9999 -9999 -9999 -9999 -9999 0.327 0.396 0.412 0.422 0.414 0.422 0.363 0.415 0.396 0.438 0.548 0.534 0.557 0.581 0.612 0.653 0.576 0.63 0.591
0.507 0.517 0.47 0.463 0.463 0.5 0.542 0.528 0.528 0.483 0.434 0.434 0.435 0.622 0.549 0.548 0.513 0.574 0.521 0.495 0.526 0.568 0.55 0.52 0.472 0.51 0.473 0.474 0.494 0.439 0.444 0.467 0.438 0.423 0.418 0.414 0.418 0.392 0.397 0.435 0.444 0.461 0.446 0.391 0.44 0.43 0.356 0.417 -9999 -9999 -9999 -9999 -9999 -9999 -9999 -9999 -9999 -9999 -9999 -9999 0.275 0.344 0.352 0.358 0.461 0.42 0.455 0.459 0.493 0.569 0.575 0.557 0.544 0.58 0.617 0.607 0.594
0.472 0.529 0.597 0.528 0.549 0.503 0.51 0.481 0.48 0.427 0.445 0.423 0.508 0.624 0.604 0.561 0.515 0.589 0.485 0.444 0.504 0.521 0.542 0.463 0.505 0.539 0.515 0.487 0.424 0.42 0.501 0.46 0.43 0.436 0.398 0.433 0.467 0.434 0.414 0.428 0.416 0.5 0.371 0.377 0.506 0.326 -9999 -9999 -9999 -9999 -9999 -9999 -9999 -9999 -9999 -9999 -9999 -9999 -9999 -9999 0.189 0.234 0.29 0.231 0.371 0.46 0.544 0.411 0.527 0.585 0.587 0.565 0.534 0.539 0.556 0.595 0.613
