data/china_ndvi_max_1999.asc
ncols         710
nrows         510
xllcorner     70
yllcorner     10
cellsize      0.1
NODATA_value  -9999
[rows 306 to 339 of 510, columns 385 to 461 of 710]
0.684 0.666 0.583 0.628 0.658 0.67 0.659 0.69 0.681 0.687 0.595 0.622 0.647 0.628 0.653 0.664 0.67 0.642 0.678 0.658 0.674 0.677 0.684 0.67 0.667 0.679 0.652 0.655 0.628 0.621 0.478 0.482 0.556 0.489 0.511 0.473 0.472 0.355 0.368 0.48 0.511 0.537 0.506 0.572 0.571 0.562 0.55 0.367 0.464 0.5 0.479 0.512 0.504 0.449 0.434 0.395 0.371 0.469 0.447 0.469 -0.3 0.429 0.427 0.432 0.455 0.357 0.48 0.53 0.535 0.498 0.528 0.551 0.564 0.626 0.682 0.617 0.583
0.675 0.69 0.697 0.653 0.691 0.668 0.683 0.692 0.682 0.659 0.618 0.633 0.682 0.675 0.701 0.672 0.674 0.684 0.695 0.682 0.694 0.69 0.686 0.664 0.704 0.677 0.664 0.656 0.669 0.621 0.63 0.604 0.58 0.495 0.558 0.562 0.519 0.468 0.487 0.537 0.494 0.526 0.532 0.574 0.565 0.541 0.547 0.516 0.546 0.518 0.484 0.503 0.479 0.516 0.402 0.423 0.504 -0.3 0.483 0.507 -0.3 0.388 0.49 0.44 0.44 0.413 0.481 0.404 0.48 0.525 0.594 0.584 0.609 0.675 0.578 0.554 0.516
0.681 0.663 0.708 0.691 0.691 0.686 0.708 0.713 0.687 0.616 0.632 0.637 0.702 0.715 0.698 0.709 0.753 0.707 0.678 0.706 0.755 0.708 0.691 0.715 0.704 0.711 0.702 0.671 0.665 0.659 0.614 0.58 0.568 0.502 0.504 0.502 0.506 0.454 0.584 0.573 0.576 0.548 0.556 0.566 0.542 0.567 0.551 0.555 0.556 0.548 0.553 0.524 0.497 0.482 0.498 0.488 0.522 0.473 0.494 0.425 0.475 0.446 0.527 0.46 0.432 0.381 0.435 0.432 0.391 0.367 0.471 0.507 0.563 0.545 0.508 0.546 0.521
0.691 0.641 0.655 0.674 0.681 0.683 0.711 0.706 0.682 0.658 0.65 0.666 0.702 0.702 0.693 0.734 0.72 0.733 0.697 0.709 0.749 0.741 0.71 0.725 0.723 0.674 0.685 0.68 0.654 0.651 0.616 0.585 0.593 0.566 0.538 0.52 0.499 0.497 0.513 0.505 0.564 0.565 0.518 0.52 0.544 0.494 0.51 0.522 0.524 0.516 0.499 0.45 0.416 0.408 0.436 0.448 0.496 -0.3 0.456 0.533 0.476 0.497 0.533 0.485 0.523 0.48 0.499 0.476 0.401 0.456 0.517 0.529 0.511 0.486 0.496 0.469 0.473
0.632 0.638 0.611 0.632 0.632 0.677 0.669 0.671 0.668 0.67 0.73 0.709 0.744 0.748 0.774 0.695 0.743 0.739 0.731 0.756 0.661 0.68 0.705 0.632 0.631 0.635 0.628 0.622 0.574 0.607 0.627 0.611 0.607 0.567 0.532 0.525 0.535 0.553 0.512 0.472 0.535 0.516 0.547 0.453 0.511 0.44 0.435 0.426 -0.3 -0.3 0.415 0.418 0.5 0.501 0.514 0.549 0.525 0.506 0.476 0.546 0.656 0.631 0.578 0.587 0.626 0.463 0.46 0.427 0.413 0.418 0.498 0.491 0.409 0.493 0.5 0.418 0.5
0.607 0.618 0.634 0.663 0.675 0.657 0.643 0.681 0.667 0.683 0.713 0.716 0.715 0.74 0.757 0.749 0.731 0.727 0.708 0.686 0.717 0.702 0.665 0.621 0.564 0.621 0.602 0.631 0.619 0.589 0.537 0.553 0.59 0.555 0.535 0.549 0.566 0.545 0.54 0.449 0.451 0.482 0.483 0.497 0.447 0.494 0.491 0.378 -0.3 0.435 0.462 0.53 0.524 0.537 0.583 0.621 0.563 0.618 0.572 0.579 0.65 0.698 0.611 0.553 0.603 0.53 0.483 0.475 0.571 0.531 0.52 0.402 0.435 0.399 0.461 0.452 0.499
0.585 0.61 0.661 0.657 0.659 0.644 0.652 0.669 0.681 0.615 0.646 0.704 0.714 0.717 0.724 0.707 0.699 0.646 0.705 0.704 0.67 0.657 0.639 0.632 0.624 0.611 0.649 0.636 0.627 0.609 0.548 0.563 0.566 0.535 0.433 0.557 0.575 0.551 0.556 0.498 0.544 0.455 0.464 0.491 0.514 0.493 0.503 0.426 0.41 0.373 0.479 0.551 0.575 0.575 0.478 0.652 0.7 0.702 0.676 0.614 0.65 0.619 0.582 0.589 0.573 0.592 0.634 0.594 0.596 0.607 0.631 0.618 0.503 0.508 0.311 0.449 0.418
0.587 0.638 0.651 0.656 0.614 0.649 0.656 0.661 0.627 0.572 0.615 0.694 0.698 0.717 0.665 0.609 0.638 0.683 0.656 0.684 0.67 0.668 0.659 0.647 0.639 0.645 0.636 0.606 0.583 0.608 0.521 0.553 0.51 0.505 0.435 0.545 0.549 0.587 0.583 0.539 0.544 0.56 0.572 0.52 0.542 0.491 0.505 0.474 0.366 0.562 0.507 0.558 0.576 0.634 0.721 0.636 0.697 0.646 0.574 0.598 0.554 0.572 0.631 0.595 0.591 0.559 0.596 0.633 0.628 0.643 0.564 0.55 0.583 0.54 0.478 0.648 0.421
0.6 0.632 0.653 0.572 0.607 0.678 0.664 0.604 0.573 0.563 0.603 0.648 0.679 0.657 0.633 0.627 0.599 0.616 0.616 0.6 0.657 0.646 0.636 0.598 0.569 0.577 0.604 0.606 0.591 0.538 0.596 0.547 0.55 0.542 0.546 0.516 0.549 0.54 0.538 0.544 0.507 0.499 0.534 0.476 0.485 0.417 0.51 0.432 0.472 0.577 0.651 0.68 0.66 0.701 0.652 0.487 0.546 0.628 0.634 0.597 0.619 0.614 0.595 0.627 0.562 0.657 0.656 0.636 0.647 0.65 0.637 0.655 0.694 0.611 0.6 0.593 0.215
0.624 0.634 0.635 0.592 0.665 0.695 0.615 0.62 0.616 0.572 0.629 0.617 0.634 0.645 0.65 0.607 0.583 0.629 0.59 0.568 0.667 0.653 0.705 0.671 0.627 0.562 0.582 0.57 0.604 0.603 0.639 0.619 0.597 0.6 0.569 0.532 0.546 0.497 0.55 0.488 0.539 0.457 0.522 0.605 0.637 0.44 0.264 0.53 0.601 0.655 0.626 0.704 0.687 0.598 0.526 0.627 0.677 0.629 0.697 0.727 0.706 0.75 0.733 0.757 0.742 0.735 0.71 0.665 0.615 0.641 0.636 0.624 0.577 0.612 0.536 0.224 0.411
0.614 0.636 0.625 0.641 0.665 0.657 0.632 0.613 0.636 0.641 0.622 0.619 0.655 0.657 0.639 0.613 0.634 0.61 0.565 0.591 0.647 0.626 0.601 0.584 0.625 0.65 0.625 0.631 0.554 0.545 0.606 0.6 0.6 0.639 0.583 0.552 0.568 0.542 0.54 0.549 0.523 0.565 0.604 0.604 0.491 0.285 0.473 0.567 0.538 0.547 0.634 0.587 0.512 0.493 0.55 0.681 0.715 0.687 0.619 0.684 0.709 0.678 0.625 0.683 0.707 0.667 0.569 0.479 0.587 0.592 0.629 0.623 0.59 0.457 0.471 0.139 0.241
0.622 0.633 0.654 0.658 0.709 0.637 0.593 0.592 0.626 0.61 0.686 0.67 0.626 0.64 0.635 0.599 0.616 0.631 0.564 0.529 0.582 0.598 0.57 0.661 0.679 0.631 0.633 0.595 0.583 0.552 0.592 0.571 0.656 0.568 0.522 0.502 0.524 0.53 0.577 0.535 0.487 0.545 0.578 0.492 0.508 0.454 0.518 0.569 0.536 0.539 0.559 0.604 0.612 0.578 0.636 0.633 0.685 0.705 0.697 0.652 0.647 0.583 0.575 0.56 0.63 0.596 0.619 0.696 0.681 0.672 0.594 0.475 0.495 0.457 0.44 0.321 0.117
0.642 0.638 0.619 0.629 0.652 0.605 0.541 0.606 0.587 0.659 0.662 0.658 0.637 0.629 0.599 0.599 0.621 0.623 0.597 0.566 0.546 0.632 0.684 0.638 0.685 0.69 0.654 0.648 0.583 0.575 0.628 0.537 0.581 0.553 0.544 0.539 0.531 0.517 0.553 0.541 0.484 0.509 0.566 0.64 0.685 0.478 0.451 0.53 0.535 0.525 0.532 0.616 0.586 0.622 0.621 0.565 0.732 0.71 0.684 0.615 0.581 0.53 0.611 0.691 0.656 0.759 0.735 0.726 0.738 0.681 0.723 0.667 0.491 0.468 0.533 0.388 0.213
0.641 0.638 0.626 0.642 0.661 0.601 0.595 0.611 0.642 0.666 0.638 0.673 0.59 0.583 0.589 0.609 0.603 0.628 0.587 0.596 0.651 0.677 0.637 0.632 0.68 0.696 0.666 0.622 0.637 0.606 0.538 0.486 0.399 0.487 0.472 0.522 0.513 0.508 0.506 0.536 0.514 0.528 0.558 0.567 0.676 0.478 0.515 0.538 0.554 0.586 0.711 0.695 0.622 0.616 0.688 0.526 0.511 0.593 0.591 0.581 0.601 0.663 0.678 0.68 0.65 0.742 0.723 0.749 0.729 0.722 0.699 0.582 0.532 0.447 0.524 0.442 0.464
0.643 0.627 0.62 0.625 0.618 0.615 0.596 0.65 0.659 0.639 0.688 0.602 0.603 0.622 0.582 0.603 0.667 0.666 0.713 0.686 0.696 0.691 0.673 0.666 0.654 0.684 0.636 0.678 0.58 0.592 0.601 0.595 0.586 0.517 0.513 0.536 0.522 -0.3 -0.3 0.387 -0.3 -0.3 0.595 0.515 0.319 0.506 0.556 0.557 0.558 0.708 0.697 0.647 0.627 0.654 0.67 0.555 0.73 0.697 0.728 0.73 0.672 0.69 0.685 0.655 0.743 0.777 0.779 0.814 0.649 0.567 0.537 0.437 0.537 0.575 0.528 0.496 0.49
0.586 0.615 0.649 0.657 0.683 0.595 0.63 0.623 0.579 0.606 0.645 0.596 0.631 0.594 0.634 0.645 0.681 0.711 0.709 0.688 0.689 0.636 0.647 0.65 0.675 0.647 0.634 0.632 0.671 0.547 0.606 0.594 0.593 0.569 0.541 0.543 0.53 0.51 0.459 0.443 0.426 0.465 0.375 0.363 0.395 0.507 0.487 0.54 0.587 0.668 0.628 0.647 0.664 0.727 0.756 0.598 0.721 0.772 0.747 0.703 0.692 0.635 0.707 0.727 0.762 0.814 0.779 0.713 0.612 0.51 0.455 0.491 0.679 0.643 0.441 0.467 0.449
0.616 0.603 0.64 0.67 0.691 0.623 0.618 0.583 0.631 0.682 0.59 0.573 0.561 0.58 0.623 0.688 0.706 0.694 0.683 0.675 0.65 0.641 0.641 0.64 0.679 0.691 0.662 0.664 0.6 0.605 0.615 0.6 0.597 0.617 0.571 0.613 0.594 0.553 0.516 0.469 0.495 0.553 0.496 0.514 0.464 0.523 0.578 0.557 0.643 0.676 0.62 0.593 0.656 0.727 0.64 0.711 0.75 0.731 0.725 0.732 0.652 0.621 0.68 0.732 0.741 0.656 0.655 0.631 0.569 0.515 0.46 0.629 0.593 0.357 0.209 0.412 0.539
0.573 0.611 0.625 0.661 0.634 0.525 0.575 0.6 0.616 0.574 0.552 0.587 0.572 0.624 0.669 0.724 0.68 0.668 0.642 0.609 0.608 0.67 0.628 0.677 0.669 0.679 0.555 0.647 0.652 0.671 0.664 0.641 0.62 0.609 0.65 0.657 0.613 0.577 0.506 0.454 0.519 0.549 0.515 0.472 0.499 0.579 0.572 0.557 0.588 0.7 0.657 0.533 0.522 0.625 0.669 0.744 0.801 0.735 0.791 0.782 0.684 0.756 0.709 0.703 0.684 0.689 0.691 0.686 0.612 0.542 0.512 0.542 0.483 0.359 0.302 0.506 0.503
0.575 0.637 0.669 0.65 0.585 0.543 0.589 0.563 0.541 0.501 0.578 0.599 0.614 0.671 0.687 0.684 0.649 0.649 0.645 0.635 0.67 0.642 0.643 0.682 0.655 0.679 0.73 0.697 0.708 0.695 0.624 0.617 0.617 0.591 0.62 0.57 0.521 0.567 0.49 0.467 0.519 0.514 0.545 0.502 0.569 0.616 0.544 0.552 0.561 0.566 0.652 0.601 0.606 0.685 0.754 0.794 0.812 0.785 0.708 0.64 0.738 0.731 0.666 0.673 0.661 0.634 0.608 0.622 0.572 0.54 0.517 0.546 0.464 0.407 0.335 0.487 0.516
0.598 0.585 0.588 0.599 0.582 0.529 0.578 0.55 0.565 0.636 0.595 0.627 0.65 0.597 0.652 0.633 0.641 0.637 0.619 0.602 0.654 0.685 0.698 0.709 0.697 0.683 0.661 0.588 0.574 0.549 0.631 0.675 0.651 0.608 0.685 0.682 0.622 0.54 0.589 0.629 0.581 0.557 0.551 0.445 0.507 0.543 0.566 0.616 0.623 0.548 0.583 0.725 0.786 0.62 0.551 0.758 0.799 0.742 0.765 0.742 0.765 0.676 0.627 0.544 0.537 0.572 0.568 0.55 0.509 0.545 0.548 0.54 0.456 0.38 0.485 0.463 0.459
0.585 0.589 0.61 0.649 0.666 0.551 0.565 0.554 0.596 0.574 0.63 0.642 0.589 0.632 0.664 0.664 0.649 0.586 0.593 0.62 0.684 0.699 0.72 0.689 0.649 0.644 0.629 0.653 0.664 0.665 0.66 0.666 0.64 0.653 0.623 0.678 0.633 0.598 0.565 0.567 0.517 0.559 0.553 0.543 0.488 0.524 0.569 0.529 0.563 0.518 0.643 0.724 0.629 0.587 0.62 0.698 0.66 0.703 0.697 0.675 0.639 0.653 0.566 0.551 0.536 0.558 0.547 0.57 0.564 0.583 0.523 0.502 0.473 0.428 0.455 0.497 0.462
0.611 0.604 0.664 0.676 0.644 0.597 0.593 0.522 0.59 0.602 0.614 0.652 0.605 0.644 0.646 0.661 0.619 0.553 0.616 0.676 0.72 0.725 0.669 0.599 0.638 0.625 0.679 0.685 0.68 0.664 0.635 0.596 0.642 0.698 0.624 0.638 0.598 0.582 0.568 0.558 0.582 0.62 0.593 0.568 0.514 0.302 0.435 0.507 0.512 0.565 0.642 0.544 0.646 0.664 0.698 0.701 0.673 0.669 0.657 0.647 0.562 0.557 0.575 0.552 0.58 0.563 0.558 0.548 0.559 0.528 0.519 0.463 0.421 0.46 0.545 0.586 0.537
0.587 0.606 0.609 0.597 0.595 0.548 0.544 0.556 0.622 0.575 0.632 0.581 0.59 0.584 0.592 0.59 0.59 0.536 0.681 0.7 0.665 0.657 0.598 0.627 0.634 0.657 0.703 0.671 0.653 0.611 0.584 0.584 0.617 0.692 0.654 0.583 0.572 0.579 0.581 0.623 0.591 0.609 0.582 0.583 0.536 0.415 0.511 0.545 0.558 0.615 0.585 0.568 0.649 0.717 0.702 0.618 0.634 0.591 0.628 0.595 0.546 0.592 0.642 0.616 0.624 0.548 0.529 0.549 0.525 0.505 0.47 0.516 0.544 0.532 0.566 0.615 0.629
0.59 0.628 0.654 0.688 0.727 0.543 0.581 0.616 0.607 0.591 0.562 0.612 0.607 0.651 0.586 0.563 0.491 0.545 0.662 0.705 0.588 0.542 0.499 0.607 0.653 0.594 0.546 0.566 0.54 0.567 0.548 0.549 0.604 0.653 0.711 0.59 0.567 0.511 0.572 0.557 0.599 0.556 0.569 0.538 0.56 0.534 0.566 0.564 0.573 0.597 0.585 0.623 0.609 0.66 0.648 0.583 0.56 0.584 0.614 0.593 0.62 0.6 0.578 0.599 0.621 0.493 0.512 0.565 0.511 0.474 0.499 0.585 0.567 0.596 0.62 0.604 0.655
0.707 0.749 0.812 0.73 0.629 0.583 0.606 0.583 0.559 0.591 0.624 0.612 0.569 0.511 0.527 0.54 0.509 0.554 0.599 0.486 0.568 0.519 0.645 0.673 0.683 0.688 0.635 0.523 0.556 0.574 0.58 0.553 0.628 0.586 0.496 0.603 0.651 0.605 0.586 0.592 0.569 0.557 0.544 0.496 0.414 0.44 0.382 0.512 0.634 0.686 0.696 0.632 0.53 0.493 0.617 0.582 0.597 0.58 0.563 0.52 0.599 0.593 0.577 0.526 0.521 0.501 0.506 0.52 0.48 0.502 0.672 0.686 0.64 0.571 0.675 0.519 0.533
0.684 0.747 0.736 0.685 0.664 0.563 0.575 0.595 0.559 0.621 0.657 0.636 0.593 0.587 0.61 0.592 0.599 0.603 0.636 0.539 0.605 0.585 0.663 0.667 0.656 0.683 0.664 0.537 0.541 0.585 0.618 0.592 0.575 0.529 0.535 0.52 0.531 0.586 0.579 0.571 0.536 0.554 0.548 0.551 0.494 0.484 0.393 0.502 0.591 0.566 0.679 0.579 0.55 0.627 0.618 0.575 0.595 0.593 0.553 0.456 0.572 0.493 0.488 0.563 0.553 0.56 0.555 0.53 0.551 0.505 0.655 0.701 0.649 0.575 0.656 0.544 0.529
0.671 0.661 0.668 0.627 0.587 0.583 0.591 0.551 0.682 0.697 0.61 0.596 0.592 0.682 0.659 0.597 0.621 0.626 0.626 0.574 0.635 0.634 0.623 0.688 0.645 0.631 0.67 0.567 0.521 0.539 0.627 0.559 0.561 0.566 0.557 0.525 0.533 0.505 0.629 0.532 0.578 0.612 0.585 0.568 0.582 0.549 0.487 0.581 0.616 0.576 0.531 0.525 0.577 0.54 0.493 0.576 0.544 0.614 0.635 0.635 0.705 0.71 0.624 0.572 0.6 0.652 0.628 0.66 0.552 0.482 0.593 0.599 0.665 0.597 0.529 0.625 0.593
0.643 0.626 0.617 0.634 0.619 0.569 0.601 0.66 0.703 0.665 0.64 0.698 0.696 0.711 0.687 0.561 0.564 0.675 0.578 0.664 0.652 0.663 0.699 0.688 0.684 0.648 0.64 0.665 0.573 0.6 0.592 0.61 0.573 0.521 0.556 0.555 0.541 0.547 0.559 0.56 0.581 0.586 0.573 0.591 0.605 0.585 0.482 0.567 0.586 0.586 0.555 0.532 0.507 0.551 0.429 0.549 0.624 0.668 0.718 0.663 0.725 0.702 0.688 0.678 0.649 0.614 0.627 0.534 0.569 0.666 0.655 0.644 0.593 0.556 0.569 0.714 0.675
0.654 0.666 0.638 0.629 0.626 0.591 0.59 0.636 0.669 0.678 0.706 0.719 0.688 0.638 0.632 0.58 0.66 0.674 0.634 0.645 0.625 0.609 0.618 0.65 0.613 0.637 0.608 0.618 0.565 0.608 0.609 0.607 0.602 0.621 0.547 0.538 0.55 0.533 0.582 0.585 0.554 0.598 0.571 0.623 0.588 0.56 0.547 0.556 0.619 0.602 0.539 0.536 0.569 0.583 0.568 0.664 0.669 0.733 0.775 0.721 0.72 0.632 0.669 0.67 0.702 0.602 0.622 0.627 0.597 0.592 0.699 0.706 0.607 0.598 0.701 0.701 0.734
0.673 0.68 0.598 0.666 0.559 0.57 0.555 0.568 0.638 0.684 0.632 0.608 0.623 0.665 0.681 0.629 0.605 0.574 0.647 0.649 0.63 0.661 0.655 0.7 0.649 0.647 0.598 0.589 0.63 0.608 0.562 0.51 0.56 0.508 0.522 0.525 0.526 0.624 0.653 0.583 0.541 0.582 0.568 0.588 0.616 0.575 0.628 0.597 0.635 0.63 0.59 0.641 0.695 0.692 0.695 0.764 0.671 0.685 0.601 0.6 0.62 0.496 0.57 0.581 0.516 0.525 0.573 0.645 0.704 0.636 0.526 0.594 0.653 0.594 0.57 0.734 0.717
0.678 0.662 0.649 0.608 0.535 0.579 0.638 0.649 0.698 0.712 0.646 0.64 0.629 0.627 0.59 0.621 0.552 0.594 0.625 0.682 0.718 0.745 0.693 0.623 0.656 0.601 0.596 0.57 0.518 0.516 0.546 0.52 0.526 0.492 0.494 0.546 0.548 0.636 0.663 0.586 0.599 0.579 0.654 0.566 0.523 0.585 0.623 0.671 0.55 0.581 0.571 0.629 0.685 0.693 0.682 0.622 0.658 0.663 0.705 0.737 0.659 0.557 0.611 0.582 0.529 0.513 0.473 0.703 0.648 0.527 0.549 0.631 0.589 0.657 0.589 0.699 0.679
0.644 0.649 0.625 0.506 0.573 0.657 0.664 0.691 0.704 0.701 0.654 0.627 0.585 0.583 0.641 0.594 0.619 0.653 0.704 0.674 0.71 0.658 0.575 0.562 0.551 0.588 0.534 0.521 0.533 0.501 0.521 0.53 0.536 0.553 0.517 0.553 0.565 0.57 0.606 0.534 0.579 0.695 0.624 0.544 0.503 0.614 0.589 0.582 0.631 0.58 0.606 0.678 0.676 0.709 0.672 0.653 0.742 0.759 0.682 0.64 0.58 0.602 0.563 0.537 0.518 0.475 0.407 0.607 0.601 0.642 0.669 0.678 0.572 0.659 0.693 0.724 0.674
0.659 0.668 0.589 0.532 0.648 0.67 0.696 0.686 0.693 0.697 0.638 0.581 0.598 0.685 0.69 0.626 0.633 0.68 0.71 0.658 0.678 0.561 0.548 0.56 0.577 0.497 0.56 0.54 0.55 0.55 0.538 0.53 0.537 0.513 0.534 0.616 0.581 0.57 0.549 0.494 0.657 0.676 0.617 0.495 0.507 0.602 0.564 0.58 0.521 0.56 0.641 0.678 0.701 0.753 0.724 0.788 0.667 0.568 0.541 0.509 0.646 0.67 0.667 0.524 0.51 0.496 0.597 0.694 0.637 0.623 0.642 0.516 0.576 0.735 0.709 0.751 0.726
0.611 0.634 0.625 0.655 0.673 0.693 0.682 0.694 0.661 0.675 0.653 0.652 0.67 0.699 0.713 0.658 0.681 0.707 0.7 0.663 0.58 0.546 0.536 0.534 0.556 0.538 0.565 0.541 0.539 0.515 0.515 0.51 0.508 0.603 0.564 0.675 0.663 0.594 0.542 0.516 0.558 0.553 0.536 0.48 0.469 0.629 0.621 0.605 0.551 0.538 0.697 0.756 0.717 0.737 0.635 0.583 0.524 0.542 0.534 0.595 0.755 0.609 0.553 0.574 0.493 0.546 0.575 0.655 0.706 0.695 0.711 0.62 0.573 0.684 0.722 0.728 0.667
