data/china_ndvi_max_1990.asc
ncols         710
nrows         510
xllcorner     70
yllcorner     10
cellsize      0.1
NODATA_value  -9999
[rows 170 to 203 of 510, columns 154 to 230 of 710]
0.415 0.405 0.46 0.433 0.328 0.423 0.381 0.288 0.336 0.237 0.228 0.177 0.182 0.185 0.174 0.191 0.121 0.153 0.234 0.252 0.18 0.187 0.177 0.144 0.194 0.288 0.444 0.418 0.315 0.088 0.138 0.13 0.262 0.378 0.318 0.269 0.214 0.207 0.17 0.2 0.206 0.174 0.247 0.244 0.25 0.23 0.16 0.116 0.157 0.233 0.148 0.112 0.09 0.094 0.097 0.096 0.092 0.11 0.134 0.137 0.117 0.153 0.225 0.203 0.156 0.144 0.165 0.154 0.108 0.114 0.106 0.15 0.171 0.153 0.093 0.1 0.113
0.267 0.221 0.141 0.313 0.404 0.478 0.464 0.404 0.422 0.469 0.437 0.292 0.273 0.261 0.192 0.153 0.209 0.177 0.181 0.108 0.134 0.168 0.16 0.143 0.205 0.371 0.343 0.273 0.203 0.044 0.181 0.033 0.104 0.192 0.361 0.369 0.28 0.293 0.226 0.215 0.252 0.25 0.272 0.224 0.261 0.201 0.177 0.181 0.194 0.222 0.157 0.116 0.106 0.103 0.111 0.099 0.099 0.104 0.132 0.144 0.148 0.102 0.077 0.079 0.13 0.1 0.1 0.106 0.101 0.121 0.109 0.125 0.158 0.154 0.138 0.088 0.156
0.212 0.073 0.143 0.294 0.293 0.279 0.369 0.397 0.406 0.315 0.447 0.436 0.491 0.484 0.333 0.219 0.17 0.154 0.136 0.125 0.143 0.155 0.126 0.147 0.164 0.197 0.168 0.177 0.198 0.171 0.177 0.175 0.148 0.165 0.163 0.083 0.396 0.402 0.412 0.444 0.408 0.286 0.259 0.252 0.247 0.23 0.32 0.359 0.394 0.248 0.211 0.178 0.148 0.14 0.121 0.1 0.109 0.143 0.186 0.158 0.127 0.08 0.095 0.062 0.077 0.095 0.147 0.148 0.145 0.117 0.109 0.118 0.11 0.135 0.034 0.16 0.237
-0.012 0.173 0.211 0.236 0.191 0.071 0.249 0.303 0.229 0.297 0.467 0.454 0.352 0.33 0.38 0.275 0.198 0.156 0.156 0.168 0.219 0.126 0.177 0.126 0.09 0.083 0.087 0.113 0.154 0.15 0.16 0.218 0.199 0.246 0.101 0.135 0.188 0.142 0.209 0.401 0.498 0.402 0.315 0.31 0.277 0.344 0.477 0.454 0.413 0.366 0.356 0.317 0.257 0.263 0.227 0.151 0.188 0.191 0.165 0.146 0.095 0.059 0.047 0.067 0.109 0.082 0.127 0.14 0.147 0.128 0.14 0.126 0.111 0.116 0.011 0.31 0.248
0.006 0.159 0.166 0.183 0.158 0.087 0.157 0.071 0.161 0.229 0.377 0.466 0.446 0.375 0.329 0.344 0.257 0.317 0.298 0.279 0.248 0.137 0.121 0.145 0.104 0.116 0.059 0.069 0.073 0.101 0.129 0.158 0.15 0.188 0.184 0.127 0.154 0.137 0.143 0.159 0.292 0.437 0.473 0.448 0.419 0.448 0.382 0.283 0.236 0.309 0.357 0.297 0.302 0.298 0.241 0.234 0.198 0.187 0.168 0.091 0.071 0.035 0.032 0.062 0.08 0.086 0.125 0.131 0.142 0.154 0.149 0.202 0.195 0.183 0.217 0.235 0.214
0.101 -0 0.087 0.167 0.141 0.153 0.151 0.045 0.141 0.234 0.276 0.319 0.357 0.312 0.462 0.437 0.376 0.362 0.388 0.384 0.484 0.337 0.324 0.274 0.23 0.149 0.047 -0.005 0.088 0.162 0.124 0.15 0.177 0.152 0.174 0.184 0.193 0.207 0.197 0.209 0.218 0.166 0.118 0.115 0.197 0.2 0.22 0.176 0.192 0.222 0.195 0.169 0.164 0.142 0.108 0.082 0.065 0.051 0.074 0.1 0.096 0.061 0.069 0.068 0.068 0.061 0.076 0.058 0.087 0.077 0.082 0.093 0.107 0.085 0.106 0.126 0.2
0.048 0.131 0.133 0.143 0.161 0.167 0.221 0.225 0.23 0.239 0.179 0.303 0.291 0.231 0.383 0.304 0.345 0.388 0.307 0.369 0.325 0.212 0.202 0.178 0.164 0.134 0.106 0.081 0.082 0.105 0.121 0.083 0.08 0.069 0.092 0.078 0.129 0.14 0.166 0.198 0.145 0.185 0.214 0.256 0.223 0.209 0.19 0.131 0.121 0.135 0.127 0.082 0.066 0.073 0.083 0.075 0.061 0.076 0.07 0.079 0.083 0.071 0.076 0.066 0.067 0.074 0.087 0.063 0.074 0.067 0.099 0.095 0.089 0.059 0.068 0.058 0.144
0.149 0.117 0.171 0.12 0.137 0.153 0.152 0.17 0.182 0.255 0.17 0.244 0.272 0.258 0.218 0.182 0.266 0.351 0.356 0.219 0.32 0.17 0.128 0.126 0.15 0.154 0.109 0.066 0.059 0.064 0.066 0.05 0.041 0.054 0.088 0.09 0.1 0.086 0.101 0.083 0.072 0.086 0.126 0.132 0.15 0.119 0.103 0.09 0.093 0.086 0.075 0.087 0.066 0.055 0.068 0.059 0.054 0.055 0.056 0.052 0.067 0.069 0.082 0.069 0.062 0.072 0.061 0.067 0.054 0.052 0.063 0.085 0.063 0.061 0.094 0.057 0.064
0.223 0.253 0.251 0.273 0.238 0.216 0.172 0.167 0.154 0.132 0.095 0.126 0.129 0.185 0.096 0.168 0.315 0.261 0.136 0.076 0.103 0.271 0.165 0.15 0.112 0.107 0.068 0.05 0.063 0.041 0.06 0.074 0.053 0.059 0.061 0.052 0.074 0.068 0.082 0.055 0.051 0.061 0.07 0.075 0.081 0.108 0.074 0.072 0.074 0.075 0.062 0.061 0.068 0.065 0.069 0.071 0.059 0.068 0.061 0.06 0.059 0.076 0.087 0.069 0.064 0.072 0.057 0.072 0.042 0.059 0.062 0.079 0.063 0.059 0.045 0.042 0.048
0.172 0.259 0.276 0.224 0.209 0.171 0.154 0.166 0.193 0.185 0.239 0.238 0.23 0.255 0.254 0.191 0.149 0.166 0.195 0.18 0.169 0.18 0.13 0.108 0.084 0.072 0.048 0.052 0.059 0.06 0.05 0.043 0.046 0.073 0.056 0.062 0.068 0.075 0.1 0.063 0.046 0.083 0.071 0.071 0.076 0.066 0.064 0.054 0.083 0.061 0.061 0.099 0.141 0.226 0.073 0.078 0.071 0.074 0.055 0.058 0.071 0.071 0.07 0.078 0.071 0.074 0.069 0.068 0.044 0.052 0.048 0.051 0.054 0.049 0.056 0.156 0.061
0.158 0.191 0.264 0.296 0.238 0.206 0.22 0.262 0.221 0.226 0.181 0.279 0.281 0.299 0.302 0.247 0.211 0.228 0.203 0.183 0.153 0.161 0.164 0.147 0.073 0.078 0.05 0.04 0.059 0.046 0.025 0.054 0.136 0.189 0.089 0.075 0.231 0.085 0.228 0.234 0.126 0.232 0.099 0.094 0.089 0.14 0.109 0.068 0.19 0.253 0.128 0.091 0.084 0.083 0.079 0.081 0.07 0.078 0.074 0.057 0.065 0.062 0.058 0.075 0.07 0.064 0.06 0.07 0.073 0.049 0.044 0.074 0.073 0.054 0.119 0.129 0.077
0.258 0.226 0.262 0.275 0.222 0.239 0.153 0.192 0.198 0.208 0.186 0.294 0.262 0.238 0.183 0.209 0.28 0.256 0.259 0.231 0.223 0.226 0.209 0.173 0.076 0.095 0.052 0.044 0.04 0.041 0.079 0.299 0.29 0.292 0.242 0.143 0.115 0.172 0.159 0.149 0.106 0.149 0.192 0.196 0.144 0.109 0.079 0.11 0.098 0.092 0.097 0.102 0.085 0.086 0.078 0.079 0.077 0.083 0.068 0.057 0.063 0.055 0.064 0.061 0.051 0.046 0.058 0.057 0.084 0.065 0.058 0.075 0.084 0.069 0.069 0.064 0.083
0.094 0.189 0.156 0.235 0.248 0.272 0.184 0.162 0.167 0.171 0.209 0.286 0.282 0.155 0.233 0.26 0.206 0.203 0.258 0.268 0.275 0.31 0.311 0.27 0.21 0.145 0.052 0.052 0.045 0.041 0.039 0.071 0.035 0.085 0.195 0.012 0.114 0.076 0.086 0.076 0.1 0.095 0.125 0.241 0.216 0.074 0.069 0.072 0.071 0.076 0.081 0.105 0.089 0.082 0.091 0.096 0.085 0.08 0.071 0.052 0.056 0.049 0.043 0.041 0.043 0.039 0.045 0.05 0.067 0.06 0.054 0.058 0.067 0.076 0.073 0.065 0.089
0.186 0.038 0.09 0.119 0.131 0.108 0.174 0.22 0.193 0.149 0.196 0.267 0.208 0.257 0.274 0.256 0.204 0.261 0.314 0.32 0.282 0.353 0.358 0.299 0.19 0.166 0.148 0.075 0.05 0.051 0.047 0.05 0.052 0.042 0.038 0.044 0.063 0.056 0.065 0.052 0.063 0.08 0.073 0.073 0.12 0.078 0.058 0.058 0.06 0.068 0.072 0.092 0.077 0.071 0.083 0.089 0.074 0.079 0.078 0.06 0.055 0.048 0.046 0.044 0.035 0.027 0.04 0.044 0.054 0.043 0.037 0.046 0.051 0.066 0.08 0.078 0.076
0.135 0.075 0.222 0.133 0.156 0.164 0.166 0.2 0.134 0.131 0.219 0.221 0.236 0.246 0.253 0.21 0.295 0.284 0.303 0.297 0.265 0.244 0.282 0.273 0.265 0.234 0.144 0.122 0.077 0.079 0.074 0.087 0.036 0.051 0.046 0.049 0.044 0.045 0.049 0.048 0.055 0.067 0.071 0.078 0.097 0.12 0.054 0.052 0.055 0.055 0.058 0.069 0.073 0.071 0.074 0.082 0.082 0.073 0.101 0.071 0.06 0.053 0.046 0.056 0.051 0.034 0.049 0.058 0.05 0.043 0.041 0.045 0.047 0.055 0.06 0.062 0.059
0.134 0.102 0.094 0.091 0.095 0.067 0.091 0.258 0.118 0.128 0.113 0.064 0.066 0.078 0.091 0.053 0.111 0.109 0.139 0.164 0.14 0.126 0.122 0.117 0.071 0.046 0.047 0.047 0.049 0.054 0.059 0.079 0.084 0.075 0.05 0.054 0.051 0.055 0.055 0.056 0.055 0.051 0.052 0.058 0.078 0.075 0.064 0.058 0.058 0.07 0.078 0.084 0.082 0.077 0.072 0.068 0.09 0.089 0.078 0.092 0.077 0.092 0.055 0.056 0.057 0.041 0.079 0.064 0.06 0.057 0.044 0.053 0.051 0.061 0.074 0.071 0.075
0.219 0.15 0.118 0.078 0.067 0.064 0.26 0.337 0.261 0.209 0.239 0.238 0.18 0.167 0.179 0.133 0.109 0.135 0.079 0.103 0.13 0.122 0.131 0.119 0.104 0.09 0.045 0.055 0.056 0.055 0.053 0.058 0.057 0.055 0.056 0.046 0.053 0.055 0.047 0.043 0.04 0.063 0.055 0.061 0.07 0.058 0.06 0.063 0.059 0.06 0.081 0.082 0.078 0.071 0.071 0.076 0.084 0.076 0.068 0.089 0.07 0.072 0.066 0.055 0.05 0.047 0.055 0.056 0.062 0.062 0.051 0.055 0.052 0.057 0.069 0.07 0.064
0.183 0.247 0.21 0.159 0.113 0.122 0.11 0.123 0.191 0.302 0.35 0.339 0.241 0.26 0.338 0.313 0.235 0.23 0.113 0.126 0.217 0.085 0.096 0.085 0.097 0.1 0.087 0.072 0.068 0.082 0.1 0.056 0.065 0.061 0.055 0.055 0.044 0.042 0.041 0.045 0.041 0.049 0.052 0.054 0.056 0.065 0.063 0.057 0.054 0.056 0.063 0.076 0.079 0.057 0.063 0.07 0.073 0.07 0.095 0.08 0.082 0.095 0.056 0.047 0.055 0.056 0.059 0.06 0.049 0.054 0.047 0.062 0.059 0.06 0.078 0.08 0.073
0.221 0.294 0.256 0.216 0.153 0.13 0.088 0.056 0.072 0.143 0.302 0.323 0.314 0.272 0.391 0.366 0.052 0.083 0.194 0.116 0.115 0.093 0.1 0.093 0.078 0.091 0.077 0.058 0.053 0.052 0.052 0.072 0.06 0.047 0.064 0.063 0.052 0.053 0.04 0.039 0.034 0.039 0.039 0.043 0.048 0.057 0.068 0.063 0.057 0.062 0.058 0.081 0.084 0.064 0.07 0.098 0.082 0.07 0.081 0.087 0.083 0.058 0.078 0.052 0.055 0.056 0.046 0.048 0.058 0.046 0.051 0.05 0.048 0.049 0.044 0.056 0.052
0.115 0.153 0.201 0.238 0.216 0.183 0.1 0.07 0.087 0.193 0.221 0.311 0.316 0.33 0.302 -0.3 -0.3 0.139 0.148 0.131 0.074 0.082 0.093 0.082 0.086 0.101 0.069 0.069 0.075 0.065 0.058 0.066 0.06 0.063 0.072 0.056 0.045 0.048 0.04 0.052 0.056 0.056 0.037 0.053 0.051 0.056 0.058 0.057 0.062 0.074 0.084 0.087 0.073 0.071 0.062 0.066 0.071 0.088 0.078 0.082 0.088 0.086 0.085 0.071 0.065 0.064 0.063 0.053 0.048 0.042 0.035 0.068 0.055 0.056 0.065 0.082 0.074
0.059 0.31 0.24 0.103 0.044 0.076 0.067 0.059 0.074 0.06 0.118 0.387 0.352 0.391 -0.3 0.074 0.083 0.092 0.134 0.108 -0.3 0.094 0.08 0.076 0.08 0.086 0.082 0.115 0.084 0.073 0.099 0.076 0.065 0.062 0.068 0.069 0.066 0.063 0.059 0.068 0.057 0.048 0.057 0.064 0.063 0.059 0.062 0.066 0.067 0.067 0.065 0.073 0.071 0.072 0.067 0.066 0.072 0.062 0.066 0.066 0.076 0.071 0.067 0.053 0.057 0.057 0.063 0.055 0.067 0.072 0.07 0.09 0.082 0.079 0.085 0.079 0.072
0.044 0.308 0.283 0.286 0.224 0.25 0.261 0.22 0.123 0.065 0.177 0.351 0.298 0.209 0.123 0.111 0.098 0.099 0.136 0.1 0.1 0.09 0.11 0.078 0.072 0.067 0.084 0.096 0.098 0.087 0.081 0.07 0.068 0.066 0.071 0.073 0.063 0.06 0.053 0.056 0.055 0.048 0.054 0.062 0.062 0.062 0.058 0.062 0.059 0.067 0.069 0.08 0.068 0.07 0.057 0.065 0.06 0.057 0.07 0.075 0.073 0.058 0.056 0.055 0.054 0.041 0.069 0.076 0.08 0.078 0.065 0.088 0.073 0.072 0.072 0.073 0.074
0.047 0.046 0.036 0.047 0.224 0.27 0.32 0.377 0.175 0.051 0.036 0.068 0.058 0.062 0.098 0.088 0.076 0.085 0.111 0.094 0.079 0.077 0.069 0.061 0.06 0.073 0.055 0.067 0.084 0.081 0.077 0.067 0.078 0.076 0.082 0.083 0.07 0.058 0.062 0.058 0.055 0.059 0.076 0.073 0.057 0.055 0.059 0.063 0.064 0.062 0.061 0.064 0.06 0.055 0.055 0.043 0.06 0.066 0.069 0.064 0.064 0.062 0.047 0.058 0.054 0.059 0.053 0.054 0.062 0.046 0.046 0.081 0.063 0.056 0.065 0.064 0.054
0.048 0.046 0.036 0.039 0.159 0.114 0.322 0.122 0.168 0.018 0.035 0.06 0.052 0.056 0.064 0.105 0.122 0.124 0.097 0.088 0.079 0.077 0.074 0.078 0.077 0.086 0.065 0.064 0.085 0.09 0.08 0.078 0.066 0.064 0.078 0.082 0.056 0.052 0.06 0.065 0.065 0.059 0.058 0.066 0.063 0.059 0.059 0.06 0.061 0.065 0.06 0.065 0.064 0.058 0.065 0.047 0.058 0.064 0.067 0.055 0.058 0.05 0.051 0.056 0.049 0.051 0.052 0.05 0.04 0.049 0.051 0.063 0.058 0.055 0.06 0.063 0.072
0.046 0.045 0.036 0.041 0.178 0.144 0.239 0.165 0.156 0.05 0.037 0.051 0.057 0.054 0.062 0.067 0.094 0.111 0.123 0.13 0.142 0.109 0.101 0.119 0.085 0.095 0.106 0.101 0.072 0.105 0.063 0.062 0.068 0.069 0.055 0.052 0.049 0.044 0.047 0.054 0.055 0.054 0.054 0.058 0.06 0.069 0.065 0.062 0.06 0.056 0.056 0.051 0.057 0.061 0.073 0.053 0.056 0.054 0.054 0.046 0.048 0.051 0.045 0.05 0.045 0.053 0.056 0.078 0.05 0.051 0.048 0.054 0.055 0.055 0.06 0.063 0.057
0.064 0.064 0.072 0.076 0.265 0.322 0.283 0.338 0.281 0.169 0.077 0.043 0.052 0.048 0.043 0.048 0.051 0.07 0.107 0.077 0.075 0.107 0.119 0.092 0.077 0.119 0.118 0.103 0.107 0.105 0.132 0.058 0.066 0.064 0.053 0.047 0.056 0.054 0.066 0.059 0.058 0.066 0.06 0.062 0.065 0.059 0.057 0.06 0.057 0.049 0.046 0.049 0.048 0.054 0.063 0.059 0.062 0.066 0.057 0.062 0.072 0.055 0.09 0.049 0.053 0.05 0.056 0.054 0.056 0.051 0.052 0.051 0.05 0.048 0.05 0.052 0.054
0.116 0.143 0.145 0.147 0.142 0.274 0.129 0.151 0.256 0.304 0.229 0.165 0.182 0.134 0.072 0.065 0.06 0.054 0.062 0.059 0.061 0.088 0.099 0.078 0.069 0.081 0.095 0.073 0.07 0.069 0.07 0.058 0.053 0.049 0.045 0.046 0.054 0.045 0.054 0.05 0.074 0.057 0.052 0.057 0.054 0.052 0.06 0.059 0.064 0.062 0.054 0.057 0.047 0.047 0.055 0.056 0.056 0.057 0.054 0.062 0.081 0.054 0.062 0.059 0.049 0.051 0.067 0.067 0.065 0.059 0.062 0.056 0.055 0.056 0.059 0.057 0.058
0.075 0.068 0.094 0.079 0.081 0.088 0.193 0.167 0.16 0.178 0.226 0.12 0.114 0.136 0.162 0.217 0.103 0.062 0.036 0.034 0.034 0.04 0.041 0.053 0.065 0.066 0.068 0.073 0.068 0.064 0.065 0.054 0.049 0.052 0.052 0.052 0.053 0.047 0.048 0.048 0.051 0.058 0.061 0.075 0.079 0.077 0.066 0.062 0.069 0.057 0.051 0.046 0.044 0.044 0.049 0.045 0.046 0.048 0.055 0.051 0.059 0.059 0.063 0.065 0.072 0.07 0.067 0.065 0.06 0.067 0.063 0.058 0.056 0.052 0.053 0.05 0.049
0.097 0.081 0.112 0.132 0.134 0.126 0.164 0.17 0.144 0.109 0.164 0.105 0.092 0.075 0.079 0.103 0.093 0.072 0.074 0.038 0.032 0.031 0.03 0.038 0.035 0.036 0.051 0.056 0.057 0.065 0.046 0.057 0.052 0.078 0.056 0.051 0.058 0.049 0.047 0.043 0.039 0.049 0.055 0.062 0.069 0.058 0.059 0.06 0.053 0.049 0.053 0.049 0.052 0.062 0.048 0.047 0.057 0.047 0.055 0.052 0.059 0.053 0.053 0.061 0.066 0.064 0.062 0.06 0.055 0.053 0.061 0.055 0.051 0.049 0.041 0.048 0.049
0.099 0.129 0.148 0.15 0.116 0.1 0.105 0.093 0.132 0.133 0.117 0.113 0.105 0.176 0.088 0.08 0.09 0.067 0.067 0.066 0.079 0.037 0.042 0.052 0.043 0.043 0.031 0.041 0.049 0.055 0.058 0.054 0.042 0.043 0.049 0.048 0.052 0.051 0.042 0.045 0.042 0.057 0.066 0.054 0.055 0.058 0.065 0.063 0.059 0.051 0.05 0.055 0.051 0.058 0.054 0.056 0.053 0.051 0.063 0.054 0.054 0.055 0.064 0.065 0.062 0.06 0.054 0.056 0.056 0.057 0.051 0.052 0.052 0.049 0.041 0.043 0.05
0.062 0.075 0.077 0.06 0.058 0.059 0.053 0.053 0.052 0.052 0.053 0.051 0.043 0.054 0.077 0.111 0.142 0.135 0.067 0.043 0.044 0.055 0.057 0.041 0.041 0.037 0.037 0.044 0.04 0.045 0.047 0.039 0.036 0.044 0.045 0.042 0.045 0.051 0.048 0.043 0.044 0.053 0.056 0.058 0.052 0.054 0.052 0.056 0.055 0.049 0.042 0.051 0.051 0.054 0.047 0.046 0.052 0.059 0.056 0.066 0.061 0.046 0.056 0.057 0.065 0.063 0.062 0.053 0.05 0.053 0.038 0.037 0.036 0.038 0.039 0.052 0.052
0.054 0.054 0.056 0.061 0.055 0.052 0.051 0.051 0.05 0.049 0.049 0.045 0.046 0.05 0.051 0.053 0.135 0.171 0.19 0.143 0.046 0.046 0.054 0.052 0.042 0.053 0.033 0.03 0.035 0.043 0.037 0.034 0.037 0.042 0.047 0.042 0.049 0.045 0.042 0.04 0.045 0.053 0.058 0.057 0.051 0.053 0.053 0.054 -0.3 0.056 0.05 0.046 0.045 0.05 0.048 0.058 0.058 0.059 0.055 0.061 0.06 0.053 0.062 0.062 0.06 0.061 0.064 0.057 0.056 0.054 0.052 0.049 0.046 0.045 0.044 0.04 0.044
0.052 0.053 0.051 0.05 0.051 0.05 0.049 0.049 0.049 0.047 0.046 0.047 0.045 0.047 0.053 0.05 0.059 0.07 0.104 0.107 0.094 0.095 0.12 0.177 0.173 0.203 0.04 0.035 0.032 0.035 0.044 0.038 0.038 0.042 0.044 0.042 0.045 0.041 0.041 0.044 0.043 0.049 0.051 0.05 0.044 0.042 0.054 -0.3 -0.3 0.033 0.051 0.041 0.042 0.046 0.053 0.06 0.059 0.058 0.052 0.062 0.057 0.059 0.062 0.055 0.05 0.051 0.051 0.05 0.051 0.046 0.043 0.039 0.039 0.036 0.034 0.034 0.046
0.051 0.052 0.053 0.051 0.048 0.048 0.049 0.047 0.047 0.047 0.047 0.048 0.047 0.048 0.049 0.048 0.049 0.05 0.048 0.062 0.153 0.111 0.073 0.153 0.213 0.141 0.056 0.039 0.033 0.034 0.043 0.03 0.028 0.034 0.035 0.037 0.036 0.042 0.041 0.041 0.045 0.045 0.044 0.045 0.045 0.049 0.051 0.054 -0.3 0.026 0.045 0.042 0.044 0.047 0.054 0.061 0.054 0.051 0.058 0.058 0.044 0.05 0.046 0.047 0.051 0.049 0.048 0.045 0.045 0.041 0.03 0.038 0.04 0.034 0.041 0.036 0.048
