data/china_ndvi_max_2010.asc
ncols         710
nrows         510
xllcorner     70
yllcorner     10
cellsize      0.1
NODATA_value  -9999
[rows 280 to 314 of 510, columns 385 to 461 of 710]
0.567 0.655 0.693 0.672 0.687 0.659 0.67 0.663 0.609 0.544 0.623 0.671 0.682 0.674 0.679 0.623 0.685 0.676 0.634 0.578 0.578 0.55 0.591 0.54 0.539 0.576 0.637 0.638 0.603 0.597 0.573 0.505 0.569 0.594 0.59 0.612 0.639 0.62 0.6 0.603 0.548 0.581 0.603 0.596 0.604 0.554 0.53 0.54 0.557 0.473 0.579 0.623 0.594 0.561 0.603 0.581 0.619 0.639 0.656 0.67 0.628 0.636 0.63 0.614 0.64 0.64 0.618 0.607 0.623 0.595 0.634 0.641 0.61 0.431 0.476 0.613 0.647
0.677 0.636 0.609 0.625 0.629 0.604 0.559 0.613 0.566 0.514 0.693 0.679 0.657 0.657 0.688 0.65 0.627 0.65 0.659 0.654 0.56 0.534 0.517 0.442 0.43 0.513 0.54 0.533 0.546 0.597 0.474 0.462 0.544 0.578 0.562 0.623 0.629 0.636 0.63 0.627 0.527 0.573 0.574 0.59 0.586 0.543 0.554 0.55 0.551 0.538 0.451 0.517 0.514 0.479 0.503 0.537 0.579 0.607 0.65 0.662 0.63 0.606 0.631 0.634 0.633 0.627 0.619 0.614 0.609 0.589 0.613 0.639 0.613 0.598 0.562 0.608 0.578
0.65 0.678 0.689 0.595 0.559 0.48 0.552 0.631 0.653 0.657 0.677 0.713 0.711 0.692 0.698 0.698 0.707 0.713 0.705 0.709 0.636 0.622 0.595 0.554 0.616 0.535 0.444 0.495 0.584 0.586 0.434 0.466 0.548 0.559 0.59 0.531 0.541 0.609 0.609 0.588 0.575 0.539 0.56 0.48 0.57 0.53 0.513 0.494 0.46 0.492 0.495 0.577 0.566 0.562 0.534 0.559 0.552 0.608 0.632 0.658 0.649 0.626 0.612 0.604 0.615 0.592 0.587 0.578 0.596 0.559 0.559 0.597 0.616 0.592 0.574 0.541 0.546
0.652 0.657 0.633 0.593 0.603 0.637 0.662 0.641 0.64 0.658 0.697 0.718 0.727 0.722 0.729 0.71 0.712 0.712 0.712 0.706 0.692 0.641 0.572 0.446 0.569 0.596 0.514 0.537 0.521 0.523 0.607 0.65 0.565 0.581 0.595 0.556 0.583 0.619 0.584 0.553 0.571 0.58 0.576 0.552 0.555 0.532 0.523 0.487 0.485 0.564 0.484 0.468 0.506 0.598 0.608 0.546 0.573 0.609 0.609 0.55 0.636 0.641 0.636 0.622 0.623 0.631 0.62 0.582 0.595 0.582 0.524 0.558 0.6 0.538 0.498 0.518 0.549
0.628 0.649 0.638 0.627 0.611 0.668 0.681 0.664 0.658 0.692 0.71 0.71 0.693 0.69 0.689 0.71 0.707 0.704 0.708 0.711 0.678 0.697 0.705 0.627 0.584 0.559 0.514 0.566 0.552 0.518 0.532 0.589 0.567 0.58 0.601 0.59 0.59 0.596 0.545 0.471 0.564 0.567 0.575 0.568 0.573 0.456 0.495 0.503 0.545 0.585 0.517 0.434 0.439 0.519 0.499 0.544 0.552 0.568 0.612 0.584 0.626 0.628 0.618 0.603 0.597 0.614 0.609 0.59 0.591 0.572 0.595 0.59 0.565 0.548 0.533 0.509 0.576
0.711 0.703 0.679 0.701 0.693 0.714 0.718 0.726 0.702 0.644 0.711 0.655 0.629 0.616 0.576 0.653 0.702 0.704 0.691 0.648 0.64 0.687 0.669 0.668 0.662 0.699 0.663 0.662 0.66 0.676 0.591 0.491 0.468 0.562 0.56 0.581 0.573 0.575 0.561 0.512 0.579 0.574 0.58 0.524 0.506 0.533 0.588 0.541 0.603 0.524 0.482 0.518 0.567 0.527 0.495 0.514 0.502 0.51 0.501 0.556 0.574 0.6 0.558 0.563 0.556 0.541 0.521 0.573 0.525 0.489 0.536 0.481 0.492 0.536 0.512 0.533 0.511
0.734 0.725 0.721 0.74 0.699 0.714 0.717 0.72 0.727 0.719 0.674 0.629 0.605 0.603 0.592 0.586 0.651 0.658 0.657 0.613 0.726 0.698 0.671 0.686 0.666 0.688 0.683 0.692 0.651 0.604 0.575 0.485 0.487 0.548 0.534 0.568 0.531 0.573 0.545 0.541 0.582 0.55 0.561 0.558 0.514 0.415 0.541 0.558 0.562 0.6 0.572 0.573 0.518 0.511 0.497 0.471 0.473 0.468 0.497 0.537 0.558 0.58 0.532 0.525 0.538 0.533 0.562 0.534 0.516 0.509 0.494 0.509 0.487 0.532 0.517 0.517 0.513
0.788 0.758 0.749 0.754 0.746 0.702 0.724 0.737 0.722 0.696 0.711 0.675 0.66 0.657 0.638 0.649 0.644 0.603 0.688 0.712 0.725 0.717 0.694 0.683 0.68 0.667 0.681 0.668 0.671 0.68 0.568 0.615 0.58 0.531 0.538 0.57 0.539 0.526 0.517 0.518 0.542 0.553 0.528 0.529 0.504 0.494 0.497 0.576 0.481 0.518 0.605 0.566 0.523 0.611 0.554 0.503 0.485 0.5 0.492 0.505 0.484 0.531 0.503 0.504 0.512 0.515 0.533 0.514 0.491 0.507 0.49 0.481 0.43 0.493 0.514 0.507 0.501
0.743 0.76 0.777 0.766 0.767 0.717 0.711 0.698 0.728 0.706 0.708 0.717 0.694 0.634 0.683 0.674 0.666 0.688 0.733 0.738 0.714 0.701 0.638 0.623 0.67 0.697 0.712 0.671 0.677 0.697 0.621 0.644 0.56 0.508 0.56 0.526 0.495 0.401 0.466 0.582 0.544 0.542 0.504 0.449 0.523 0.521 0.535 0.548 0.545 0.567 0.548 0.592 0.61 0.662 0.601 0.359 0.351 0.428 0.452 0.503 0.504 0.484 0.474 0.478 0.491 0.438 0.44 0.471 0.481 0.491 0.478 0.459 0.424 0.488 0.496 0.459 0.463
0.702 0.703 0.734 0.723 0.745 0.708 0.717 0.699 0.72 0.71 0.7 0.714 0.69 0.68 0.681 0.686 0.688 0.71 0.699 0.691 0.59 0.574 0.562 0.609 0.659 0.653 0.725 0.683 0.682 0.681 0.695 0.682 0.699 0.598 0.557 0.457 0.35 0.409 0.582 0.557 0.521 0.543 0.538 0.512 0.525 0.494 0.471 0.484 0.547 0.56 0.524 0.578 0.632 0.656 0.669 0.562 0.552 0.535 0.489 0.448 0.464 0.482 0.473 0.499 0.46 0.514 0.463 0.478 0.453 0.458 0.454 0.474 0.486 0.456 0.468 0.476 0.449
0.726 0.748 0.738 0.683 0.717 0.748 0.745 0.692 0.739 0.707 0.682 0.711 0.658 0.696 0.694 0.675 0.707 0.697 0.708 0.703 0.681 0.687 0.704 0.678 0.68 0.676 0.662 0.654 0.616 0.653 0.651 0.658 0.675 0.616 0.579 0.538 0.556 0.461 0.529 0.523 0.64 0.611 0.565 0.56 0.527 0.545 0.529 0.522 0.504 0.521 0.541 0.556 0.534 0.609 0.592 0.606 0.633 0.57 0.54 0.565 0.491 0.53 0.474 0.473 0.467 0.455 0.454 0.507 0.588 0.515 0.536 0.509 0.512 0.466 0.448 0.489 0.48
0.724 0.729 0.714 0.719 0.735 0.755 0.741 0.721 0.733 0.718 0.692 0.718 0.714 0.709 0.71 0.675 0.685 0.697 0.718 0.723 0.706 0.681 0.691 0.675 0.66 0.656 0.658 0.663 0.65 0.637 0.671 0.652 0.649 0.604 0.544 0.534 0.557 0.551 0.536 0.539 0.586 0.63 0.534 0.58 0.604 0.533 0.547 0.548 0.515 0.497 0.486 0.52 0.547 0.511 0.576 0.588 0.631 0.532 0.573 0.614 0.518 0.574 0.562 0.496 0.485 0.502 0.497 0.566 0.559 0.444 0.572 0.613 0.625 0.58 0.491 0.472 0.492
0.743 0.729 0.74 0.732 0.714 0.74 0.731 0.721 0.732 0.717 0.711 0.7 0.719 0.724 0.693 0.707 0.692 0.718 0.718 0.713 0.719 0.705 0.674 0.668 0.648 0.651 0.664 0.646 0.661 0.646 0.655 0.664 0.662 0.665 0.582 0.552 0.571 0.553 0.504 0.485 0.523 0.567 0.563 0.594 0.592 0.649 0.602 0.544 0.535 0.435 0.535 0.528 0.503 0.486 0.481 0.58 0.564 0.467 0.551 0.55 0.547 0.628 0.585 0.58 0.553 0.611 0.594 0.574 0.588 0.555 0.662 0.659 0.645 0.642 0.566 0.558 0.515
0.711 0.74 0.699 0.712 0.686 0.687 0.712 0.669 0.679 0.731 0.723 0.68 0.645 0.723 0.729 0.721 0.694 0.748 0.732 0.708 0.737 0.719 0.713 0.73 0.702 0.643 0.631 0.647 0.669 0.663 0.662 0.689 0.664 0.652 0.649 0.565 0.637 0.583 0.591 0.557 0.502 0.553 0.625 0.661 0.612 0.635 0.579 0.552 0.55 0.54 0.513 0.484 0.462 0.457 0.462 0.489 0.483 0.477 0.51 0.505 0.602 0.656 0.573 0.639 0.493 0.653 0.658 0.633 0.603 0.605 0.629 0.656 0.615 0.624 0.652 0.664 0.623
0.759 0.761 0.731 0.722 0.736 0.709 0.722 0.701 0.691 0.709 0.674 0.677 0.702 0.739 0.748 0.735 0.72 0.698 0.731 0.728 0.735 0.707 0.726 0.687 0.672 0.666 0.639 0.652 0.649 0.678 0.672 0.693 0.68 0.641 0.644 0.578 0.631 0.64 0.568 0.6 0.544 0.561 0.597 0.608 0.674 0.628 0.623 0.613 0.591 0.585 0.509 0.464 0.518 0.486 0.459 0.454 0.453 0.498 0.493 0.508 0.58 0.643 0.569 0.549 0.575 0.657 0.615 0.632 0.616 0.646 0.648 0.595 0.57 0.57 0.679 0.622 0.701
0.624 0.64 0.649 0.71 0.697 0.693 0.658 0.666 0.661 0.632 0.597 0.594 0.636 0.668 0.71 0.726 0.745 0.732 0.689 0.736 0.739 0.714 0.687 0.637 0.659 0.717 0.716 0.722 0.671 0.672 0.671 0.67 0.676 0.655 0.645 0.649 0.607 0.604 0.549 0.58 0.543 0.55 0.544 0.571 0.624 0.676 0.684 0.583 0.581 0.624 0.548 0.495 0.546 0.529 0.442 0.451 0.583 0.621 0.534 0.485 0.476 0.458 0.554 0.579 0.585 0.481 0.626 0.612 0.629 0.655 0.618 0.61 0.63 0.656 0.665 0.67 0.659
0.613 0.648 0.659 0.683 0.665 0.698 0.685 0.69 0.682 0.678 0.638 0.615 0.603 0.569 0.606 0.695 0.763 0.724 0.709 0.728 0.731 0.701 0.642 0.632 0.645 0.717 0.697 0.712 0.714 0.684 0.648 0.676 0.702 0.672 0.626 0.663 0.631 0.587 0.53 0.565 0.539 0.503 0.536 0.597 0.678 0.67 0.647 0.545 0.604 0.567 0.539 0.491 0.462 0.472 0.458 0.466 0.575 0.622 0.527 0.525 0.445 0.402 0.536 0.526 0.482 0.525 0.585 0.551 0.629 0.639 0.599 0.651 0.668 0.648 0.652 0.662 0.652
0.6 0.613 0.62 0.611 0.629 0.668 0.645 0.683 0.669 0.677 0.638 0.639 0.631 0.627 0.602 0.662 0.642 0.646 0.631 0.66 0.679 0.698 0.676 0.647 0.666 0.708 0.727 0.715 0.72 0.695 0.651 0.664 0.678 0.662 0.665 0.666 0.655 0.601 0.637 0.636 0.487 0.507 0.558 0.531 0.562 0.646 0.633 0.606 0.532 0.555 0.505 0.483 0.45 0.456 0.451 0.449 0.495 0.622 0.543 0.501 0.491 0.468 0.57 0.542 0.48 0.438 0.505 0.593 0.646 0.561 0.61 0.668 0.647 0.647 0.653 0.657 0.647
0.567 0.598 0.628 0.62 0.645 0.704 0.661 0.631 0.624 0.602 0.605 0.61 0.61 0.663 0.536 0.612 0.629 0.652 0.646 0.607 0.695 0.668 0.679 0.642 0.688 0.693 0.72 0.698 0.706 0.7 0.672 0.614 0.655 0.668 0.664 0.663 0.688 0.586 0.583 0.568 0.524 0.417 0.525 0.615 0.545 0.659 0.595 0.613 0.528 0.515 0.489 0.502 0.485 0.424 0.447 0.461 0.475 0.555 0.576 0.511 0.506 0.478 0.499 0.558 0.464 0.468 0.601 0.653 0.618 0.515 0.654 0.64 0.613 0.676 0.66 0.674 0.664
0.601 0.622 0.59 0.63 0.632 0.691 0.692 0.686 0.65 0.618 0.546 0.567 0.61 0.568 0.573 0.659 0.609 0.592 0.573 0.592 0.646 0.658 0.648 0.682 0.692 0.708 0.717 0.69 0.679 0.651 0.68 0.632 0.658 0.654 0.671 0.583 0.623 0.491 0.523 0.509 0.526 0.561 0.516 0.546 0.637 0.478 0.522 0.605 0.548 0.518 0.511 0.528 0.496 0.433 0.468 0.457 0.463 0.479 0.484 0.521 0.488 0.479 0.526 0.476 0.483 0.466 0.534 0.619 0.586 0.512 0.638 0.615 0.646 0.645 0.668 0.697 0.689
0.628 0.651 0.644 0.65 0.642 0.655 0.646 0.629 0.668 0.666 0.67 0.586 0.618 0.677 0.705 0.702 0.637 0.651 0.696 0.684 0.633 0.625 0.642 0.649 0.63 0.623 0.681 0.719 0.68 0.618 0.724 0.688 0.549 0.618 0.557 0.615 0.581 0.577 0.543 0.548 0.499 0.535 0.585 0.581 0.536 0.509 0.501 0.507 0.52 0.519 0.469 0.496 0.49 0.493 0.466 0.387 0.457 0.463 0.456 0.383 0.452 0.466 0.48 0.48 0.473 0.602 0.631 0.584 0.613 0.636 0.611 0.585 0.639 0.585 0.629 0.716 0.661
0.66 0.642 0.633 0.655 0.623 0.639 0.701 0.701 0.679 0.688 0.677 0.671 0.707 0.699 0.691 0.696 0.661 0.691 0.708 0.68 0.684 0.672 0.651 0.67 0.727 0.605 0.691 0.66 0.608 0.591 0.663 0.678 0.599 0.516 0.529 0.601 0.603 0.623 0.591 0.574 0.529 0.545 0.57 0.569 0.521 0.513 0.525 0.525 0.503 0.503 0.485 0.504 0.471 0.509 0.506 0.418 0.431 0.396 0.404 0.414 -0.3 0.46 0.464 0.463 0.503 0.593 0.607 0.53 0.535 0.574 0.599 0.566 0.583 0.613 0.675 0.692 0.703
0.661 0.656 0.7 0.692 0.688 0.681 0.716 0.709 0.708 0.728 0.729 0.709 0.694 0.659 0.714 0.687 0.695 0.696 0.696 0.696 0.693 0.673 0.662 0.675 0.686 0.699 0.683 0.615 0.488 0.595 0.589 0.58 0.593 0.557 0.558 0.585 0.603 0.617 0.622 0.591 0.52 0.52 0.565 0.592 0.603 0.549 0.533 0.495 0.511 0.547 0.529 0.5 0.44 0.449 0.474 0.414 0.387 0.35 0.326 0.33 0.355 0.424 0.366 0.421 0.434 0.5 0.491 0.485 0.547 0.534 0.571 0.558 0.581 0.641 0.61 0.664 0.721
0.66 0.68 0.696 0.684 0.667 0.679 0.728 0.752 0.749 0.729 0.736 0.738 0.635 0.648 0.683 0.662 0.708 0.688 0.654 0.688 0.681 0.692 0.707 0.708 0.666 0.718 0.722 0.686 0.619 0.474 0.551 0.565 0.548 0.544 0.527 0.568 0.563 0.591 0.626 0.596 0.553 0.551 0.536 0.591 0.593 0.621 0.552 0.495 0.531 0.53 0.527 0.519 0.472 0.431 0.44 0.381 0.392 0.303 0.216 0.23 0.367 0.427 0.367 0.368 0.406 0.489 0.449 0.516 0.565 0.567 0.509 0.593 0.631 0.609 0.641 0.643 0.685
0.662 0.678 0.678 0.706 0.719 0.724 0.731 0.743 0.719 0.742 0.702 0.673 0.632 0.665 0.637 0.729 0.691 0.681 0.675 0.681 0.683 0.67 0.625 0.714 0.73 0.706 0.68 0.672 0.655 0.614 0.544 0.551 0.544 0.573 0.57 0.543 0.573 0.568 0.611 0.611 0.557 0.595 0.542 0.527 0.545 0.553 0.556 0.55 0.544 0.522 0.551 0.5 0.511 0.477 0.478 0.408 0.387 0.326 0.224 -0.3 0.444 0.39 0.403 0.429 0.499 0.461 0.505 0.535 0.55 0.524 0.598 0.626 0.655 0.573 0.603 0.612 0.618
0.686 0.693 0.655 0.639 0.721 0.722 0.723 0.7 0.683 0.614 0.621 0.674 0.671 0.715 0.701 0.698 0.691 0.657 0.67 0.646 0.668 0.657 0.672 0.687 0.696 0.661 0.658 0.677 0.603 0.578 0.572 0.513 0.542 0.586 0.576 0.568 0.55 0.471 0.447 0.516 0.59 0.569 0.551 0.56 0.546 0.569 0.568 0.535 0.523 0.495 0.522 0.489 0.467 0.44 0.501 0.414 0.367 0.421 0.44 0.386 0.382 -0.3 0.452 0.471 0.359 0.406 0.508 0.514 0.57 0.642 0.589 0.545 0.588 0.586 0.672 0.713 0.702
0.704 0.696 0.588 0.657 0.664 0.702 0.668 0.7 0.686 0.711 0.63 0.664 0.67 0.637 0.689 0.694 0.697 0.656 0.705 0.683 0.697 0.694 0.701 0.709 0.711 0.665 0.66 0.68 0.674 0.649 0.516 0.527 0.594 0.561 0.576 0.513 0.482 0.406 0.42 0.51 0.59 0.6 0.553 0.575 0.58 0.561 0.551 0.459 0.475 0.471 0.454 0.471 0.44 0.468 0.431 0.363 0.412 0.465 0.483 0.468 -0.3 0.454 0.454 0.47 0.48 0.359 0.454 0.532 0.54 0.525 0.536 0.543 0.525 0.617 0.678 0.601 0.581
0.705 0.711 0.714 0.707 0.738 0.703 0.726 0.72 0.716 0.701 0.668 0.674 0.71 0.698 0.712 0.716 0.724 0.709 0.715 0.683 0.707 0.71 0.688 0.704 0.716 0.687 0.694 0.688 0.678 0.663 0.629 0.607 0.586 0.529 0.573 0.594 0.533 0.51 0.529 0.58 0.589 0.591 0.594 0.602 0.591 0.534 0.543 0.493 0.501 0.474 0.481 0.455 0.437 0.41 0.383 0.451 0.497 -0.3 0.479 0.485 -0.3 0.398 0.508 0.484 0.477 0.425 0.478 0.419 0.479 0.498 0.598 0.6 0.612 0.659 0.605 0.545 0.486
0.711 0.714 0.727 0.717 0.746 0.735 0.743 0.748 0.734 0.685 0.683 0.681 0.724 0.711 0.688 0.731 0.774 0.716 0.711 0.754 0.779 0.739 0.726 0.764 0.751 0.72 0.683 0.666 0.674 0.681 0.646 0.596 0.579 0.516 0.542 0.554 0.556 0.501 0.621 0.616 0.611 0.625 0.607 0.603 0.565 0.544 0.542 0.53 0.541 0.508 0.502 0.477 0.495 0.439 0.467 0.458 0.512 0.418 0.495 0.429 0.473 0.402 0.531 0.483 0.456 0.389 0.442 0.429 0.403 0.409 0.492 0.519 0.588 0.589 0.522 0.546 0.521
0.732 0.672 0.688 0.703 0.72 0.73 0.742 0.728 0.723 0.725 0.704 0.711 0.73 0.712 0.715 0.759 0.754 0.756 0.739 0.746 0.769 0.761 0.734 0.732 0.72 0.731 0.702 0.684 0.678 0.676 0.641 0.61 0.593 0.576 0.568 0.56 0.541 0.529 0.555 0.57 0.639 0.607 0.584 0.552 0.547 0.527 0.526 0.546 0.509 0.499 0.466 0.437 0.396 0.364 0.385 0.431 0.508 -0.3 0.472 0.53 0.505 0.493 0.541 0.487 0.51 0.481 0.528 0.514 0.405 0.473 0.504 0.532 0.513 0.497 0.489 0.489 0.493
0.683 0.653 0.678 0.693 0.67 0.71 0.699 0.686 0.715 0.716 0.759 0.758 0.771 0.769 0.784 0.715 0.773 0.766 0.775 0.753 0.718 0.743 0.757 0.708 0.661 0.682 0.708 0.692 0.645 0.65 0.634 0.627 0.612 0.597 0.563 0.53 0.526 0.555 0.556 0.527 0.578 0.587 0.53 0.504 0.534 0.485 0.418 0.403 -0.3 -0.3 0.43 0.425 0.487 0.487 0.521 0.541 0.529 0.489 0.387 0.485 0.618 0.645 0.634 0.65 0.658 0.503 0.495 0.445 0.432 0.391 0.471 0.487 0.423 0.517 0.534 0.461 0.517
0.631 0.659 0.666 0.697 0.715 0.676 0.656 0.71 0.714 0.708 0.747 0.76 0.757 0.768 0.766 0.771 0.776 0.777 0.75 0.746 0.77 0.753 0.72 0.706 0.642 0.683 0.646 0.691 0.684 0.642 0.585 0.597 0.621 0.57 0.564 0.556 0.53 0.558 0.567 0.493 0.479 0.518 0.5 0.497 0.437 0.521 0.522 0.343 -0.3 0.426 0.446 0.528 0.481 0.531 0.58 0.626 0.595 0.606 0.565 0.594 0.651 0.69 0.657 0.593 0.616 0.526 0.487 0.469 0.543 0.53 0.527 0.438 0.424 0.452 0.526 0.421 0.439
0.635 0.658 0.701 0.718 0.711 0.671 0.675 0.699 0.723 0.684 0.684 0.726 0.759 0.767 0.771 0.746 0.741 0.72 0.742 0.749 0.737 0.703 0.722 0.707 0.695 0.669 0.705 0.7 0.68 0.66 0.566 0.573 0.582 0.561 0.473 0.582 0.598 0.565 0.587 0.555 0.55 0.476 0.495 0.518 0.495 0.505 0.504 0.411 0.386 0.361 0.419 0.524 0.589 0.593 0.481 0.657 0.715 0.701 0.658 0.631 0.664 0.649 0.582 0.641 0.628 0.601 0.608 0.621 0.608 0.653 0.654 0.61 0.528 0.481 0.302 0.473 0.464
0.64 0.693 0.7 0.681 0.68 0.659 0.721 0.719 0.673 0.655 0.633 0.721 0.77 0.745 0.718 0.68 0.702 0.751 0.736 0.748 0.714 0.713 0.749 0.731 0.695 0.703 0.675 0.675 0.636 0.672 0.531 0.542 0.519 0.511 0.438 0.576 0.596 0.609 0.587 0.569 0.512 0.567 0.615 0.575 0.594 0.515 0.503 0.468 0.374 0.512 0.541 0.553 0.562 0.62 0.708 0.662 0.71 0.668 0.6 0.623 0.597 0.625 0.671 0.657 0.618 0.586 0.598 0.641 0.664 0.68 0.61 0.589 0.59 0.555 0.487 0.685 0.377
0.651 0.675 0.675 0.611 0.635 0.726 0.737 0.671 0.65 0.632 0.624 0.72 0.742 0.714 0.709 0.689 0.686 0.714 0.707 0.686 0.718 0.728 0.715 0.671 0.647 0.637 0.691 0.668 0.628 0.572 0.644 0.589 0.592 0.569 0.525 0.576 0.59 0.577 0.568 0.577 0.543 0.552 0.545 0.477 0.509 0.441 0.498 0.435 0.485 0.588 0.659 0.69 0.671 0.695 0.694 0.517 0.532 0.617 0.647 0.629 0.665 0.659 0.657 0.65 0.562 0.631 0.619 0.645 0.661 0.698 0.648 0.669 0.695 0.636 0.594 0.615 0.283
