data/china_ndvi_max_1987.asc
ncols         710
nrows         510
xllcorner     70
yllcorner     10
cellsize      0.1
NODATA_value  -9999
[rows 272 to 305 of 510, columns 308 to 384 of 710]
0.408 0.448 0.456 0.416 0.457 0.421 0.432 0.478 0.486 0.48 0.483 0.467 0.497 0.527 0.494 0.446 0.492 0.487 0.45 0.488 0.462 0.46 0.456 0.485 0.547 0.531 0.525 0.517 0.489 0.546 0.567 0.578 0.527 0.612 0.727 0.642 0.492 0.408 0.483 0.496 0.51 0.492 0.505 0.549 0.492 0.464 0.449 0.453 0.507 0.492 0.538 0.565 0.574 0.574 0.585 0.664 0.658 0.682 0.684 0.662 0.684 0.691 0.668 0.701 0.703 0.712 0.676 0.689 0.677 0.645 0.669 0.671 0.667 0.677 0.679 0.73 0.696
0.473 0.484 0.457 0.458 0.434 0.443 0.466 0.465 0.433 0.471 0.472 0.505 0.512 0.486 0.466 0.459 0.485 0.495 0.466 0.469 0.501 0.5 0.48 0.489 0.551 0.633 0.599 0.509 0.575 0.639 0.643 0.617 0.556 0.534 0.615 0.607 0.551 0.329 0.421 0.397 0.44 0.428 0.625 0.544 0.491 0.534 0.57 0.479 0.508 0.556 0.699 0.634 0.643 0.627 0.614 0.764 0.764 0.731 0.71 0.684 0.739 0.672 0.706 0.703 0.703 0.698 0.691 0.708 0.696 0.707 0.704 0.671 0.678 0.72 0.709 0.7 0.715
0.399 0.413 0.463 0.438 0.441 0.479 0.428 0.482 0.417 0.459 0.447 0.454 0.503 0.484 0.466 0.476 0.484 0.502 0.491 0.488 0.495 0.485 0.487 0.509 0.518 0.597 0.582 0.66 0.657 0.633 0.632 0.65 0.605 0.572 0.589 0.614 0.613 0.531 0.371 0.356 0.399 0.425 0.403 0.408 0.48 0.601 0.52 0.496 0.51 0.518 0.603 0.638 0.587 0.625 0.704 0.751 0.761 0.709 0.714 0.717 0.702 0.7 0.715 0.703 0.709 0.718 0.701 0.69 0.69 0.711 0.701 0.684 0.683 0.662 0.708 0.708 0.714
0.418 0.4 0.453 0.421 0.364 0.461 0.481 0.466 0.441 0.468 0.469 0.484 0.481 0.513 0.516 0.484 0.482 0.516 0.507 0.489 0.473 0.494 0.49 0.517 0.5 0.551 0.551 0.502 0.532 0.555 0.523 0.532 0.668 0.671 0.671 0.677 0.657 0.602 0.508 0.621 0.55 0.491 0.309 0.421 0.432 0.499 0.556 0.588 0.551 0.591 0.616 0.587 0.53 0.582 0.599 0.641 0.647 0.696 0.743 0.728 0.726 0.707 0.714 0.66 0.721 0.693 0.684 0.675 0.657 0.656 0.653 0.653 0.618 0.67 0.643 0.696 0.71
0.453 0.402 0.323 0.216 0.314 0.423 0.427 0.466 0.452 0.425 0.473 0.506 0.51 0.503 0.502 0.488 0.494 0.505 0.487 0.505 0.491 0.483 0.504 0.514 0.489 0.487 0.558 0.466 0.563 0.6 0.65 0.647 0.612 0.632 0.642 0.679 0.564 0.648 0.644 0.606 0.589 0.605 0.411 0.327 0.381 0.563 0.596 0.585 0.617 0.618 0.633 0.658 0.583 0.543 0.586 0.6 0.623 0.707 0.697 0.713 0.706 0.695 0.678 0.661 0.62 0.594 0.613 0.53 0.574 0.568 0.592 0.596 0.591 0.606 0.657 0.641 0.7
0.433 0.462 0.304 0.297 0.291 0.419 0.38 0.433 0.453 0.475 0.464 0.488 0.486 0.5 0.506 0.476 0.48 0.483 0.475 0.51 0.509 0.493 0.509 0.49 0.459 0.455 0.508 0.48 0.527 0.524 0.438 0.674 0.552 0.631 0.628 0.646 0.587 0.584 0.557 0.645 0.575 0.497 0.394 0.526 0.568 0.547 0.572 0.675 0.706 0.665 0.679 0.65 0.558 0.608 0.625 0.582 0.611 0.599 0.591 0.583 0.569 0.592 0.591 0.515 0.503 0.52 0.518 0.488 0.481 0.499 0.548 0.6 0.598 0.594 0.597 0.653 0.662
0.461 0.43 0.404 0.307 0.297 0.447 0.438 0.421 0.398 0.465 0.455 0.471 0.496 0.489 0.49 0.486 0.461 0.507 0.497 0.49 0.513 0.519 0.49 0.509 0.493 0.496 0.455 0.454 0.436 0.564 0.368 0.656 0.68 0.696 0.665 0.697 0.698 0.619 0.585 0.512 0.431 0.425 0.57 0.613 0.588 0.553 0.579 0.7 0.682 0.629 0.656 0.669 0.556 0.537 0.587 0.594 0.605 0.544 0.546 0.538 0.514 0.529 0.537 0.552 0.536 0.479 0.48 0.613 0.617 0.599 0.636 0.635 0.649 0.606 0.6 0.608 0.631
0.46 0.434 0.349 0.288 0.329 0.458 0.44 0.434 0.416 0.438 0.416 0.461 0.478 0.512 0.517 0.509 0.464 0.482 0.502 0.493 0.504 0.5 0.506 0.498 0.491 0.484 0.435 0.508 0.473 0.488 0.38 0.448 0.659 0.72 0.738 0.66 0.573 0.534 0.485 0.605 0.527 0.474 0.458 0.47 0.536 0.583 0.623 0.709 0.724 0.676 0.632 0.633 0.543 0.523 0.587 0.562 0.536 0.571 0.557 0.573 0.561 0.543 0.502 0.572 0.567 0.612 0.647 0.662 0.629 0.642 0.583 0.6 0.597 0.583 0.575 0.581 0.608
0.452 0.472 0.435 0.45 0.478 0.47 0.494 0.446 0.472 0.455 0.458 0.479 0.465 0.456 0.509 0.477 0.453 0.489 0.514 0.509 0.503 0.507 0.497 0.494 0.492 0.437 0.5 0.572 0.568 0.542 0.35 0.276 0.366 0.465 0.664 0.669 0.689 0.665 0.633 0.567 0.456 0.536 0.608 0.649 0.705 0.721 0.744 0.674 0.675 0.657 0.577 0.526 0.591 0.613 0.577 0.579 0.589 0.715 0.737 0.65 0.614 0.561 0.601 0.575 0.608 0.669 0.657 0.592 0.617 0.62 0.626 0.649 0.597 0.587 0.586 0.616 0.665
0.482 0.506 0.491 0.45 0.476 0.424 0.389 0.471 0.474 0.465 0.465 0.495 0.5 0.471 0.469 0.445 0.472 0.5 0.532 0.502 0.495 0.516 0.476 0.522 0.472 0.516 0.53 0.57 0.514 0.503 0.38 0.567 0.447 0.513 0.634 0.659 0.663 0.732 0.721 0.67 0.656 0.639 0.61 0.631 0.626 0.671 0.616 0.66 0.658 0.589 0.568 0.541 0.591 0.615 0.606 0.599 0.596 0.724 0.742 0.725 0.709 0.657 0.654 0.657 0.695 0.709 0.697 0.648 0.671 0.708 0.668 0.634 0.603 0.594 0.585 0.543 0.576
0.493 0.502 0.477 0.515 0.48 0.442 0.434 0.492 0.504 0.494 0.519 0.521 0.526 0.494 0.481 0.493 0.513 0.504 0.487 0.465 0.489 0.447 0.472 0.506 0.528 0.52 0.517 0.552 0.505 0.494 0.374 0.305 0.588 0.575 0.624 0.622 0.698 0.673 0.611 0.712 0.738 0.735 0.695 0.678 0.671 0.665 0.667 0.591 0.685 0.633 0.588 0.53 0.551 0.58 0.623 0.633 0.607 0.701 0.741 0.736 0.748 0.739 0.743 0.743 0.728 0.728 0.717 0.733 0.68 0.729 0.692 0.632 0.601 0.61 0.605 0.6 0.552
0.449 0.399 0.525 0.592 0.586 0.529 0.495 0.54 0.516 0.47 0.538 0.516 0.487 0.526 0.502 0.504 0.515 0.454 0.485 0.527 0.444 0.455 0.514 0.596 0.485 0.513 0.573 0.55 0.481 0.527 0.403 0.055 0.536 0.607 0.64 0.614 0.662 0.734 0.713 0.714 0.724 0.74 0.715 0.723 0.721 0.655 0.593 0.616 0.639 0.597 0.529 0.473 0.591 0.578 0.621 0.658 0.67 0.728 0.702 0.741 0.73 0.712 0.747 0.691 0.733 0.746 0.72 0.758 0.722 0.699 0.676 0.637 0.59 0.618 0.626 0.598 0.578
0.457 0.457 0.501 0.505 0.492 0.55 0.565 0.575 0.565 0.551 0.505 0.491 0.499 0.52 0.491 0.498 0.512 0.504 0.504 0.439 0.293 0.312 0.555 0.461 0.498 0.491 0.6 0.588 0.528 0.51 0.385 0.558 0.656 0.699 0.629 0.717 0.706 0.712 0.742 0.706 0.743 0.75 0.701 0.682 0.644 0.621 0.621 0.608 0.602 0.599 0.575 0.554 0.58 0.571 0.636 0.65 0.659 0.707 0.742 0.733 0.654 0.641 0.69 0.668 0.723 0.704 0.711 0.712 0.695 0.652 0.677 0.632 0.607 0.609 0.604 0.583 0.567
0.477 0.453 0.497 0.434 0.459 0.428 0.293 0.614 0.622 0.563 0.506 0.538 0.527 0.503 0.522 0.537 0.533 0.512 0.361 0.355 0.322 0.384 0.582 0.601 0.616 0.611 0.556 0.614 0.586 0.523 0.471 0.652 0.658 0.7 0.682 0.661 0.708 0.605 0.597 0.618 0.738 0.698 0.612 0.599 0.596 0.644 0.696 0.614 0.494 0.462 0.535 0.582 0.648 0.584 0.635 0.618 0.67 0.586 0.631 0.628 0.598 0.602 0.674 0.686 0.693 0.679 0.68 0.677 0.622 0.637 0.646 0.638 0.646 0.631 0.626 0.633 0.624
0.534 0.518 0.502 0.505 0.486 0.49 0.466 0.453 0.595 0.418 0.475 0.452 0.539 0.462 0.523 0.519 0.524 0.456 0.328 0.245 0.384 0.521 0.477 0.644 0.572 0.613 0.549 0.65 0.61 0.576 0.55 0.59 0.738 0.677 0.696 0.71 0.697 0.672 0.643 0.648 0.639 0.612 0.669 0.674 0.655 0.619 0.553 0.576 0.636 0.569 0.566 0.605 0.595 0.619 0.593 0.603 0.664 0.613 0.639 0.648 0.621 0.649 0.654 0.694 0.678 0.702 0.701 0.674 0.67 0.669 0.66 0.639 0.656 0.641 0.633 0.625 0.633
0.378 0.459 0.451 0.435 0.526 0.499 0.469 0.587 0.561 0.544 0.6 0.636 0.687 0.648 0.597 0.509 0.378 0.462 0.367 0.455 0.335 0.544 0.552 0.57 0.591 0.561 0.445 0.554 0.47 0.504 0.587 0.721 0.672 0.682 0.692 0.698 0.705 0.637 0.677 0.622 0.579 0.647 0.682 0.678 0.637 0.581 0.634 0.628 0.585 0.55 0.59 0.593 0.596 0.587 0.556 0.578 0.638 0.604 0.63 0.591 0.596 0.621 0.691 0.706 0.666 0.681 0.643 0.686 0.71 0.631 0.644 0.629 0.636 0.689 0.68 0.64 0.663
0.439 0.448 0.548 0.381 0.448 0.438 0.419 0.509 0.528 0.658 0.669 0.662 0.667 0.717 0.743 0.612 0.543 0.538 0.395 0.593 0.63 0.663 0.552 0.561 0.569 0.609 0.44 0.579 0.648 0.592 0.63 0.668 0.642 0.664 0.704 0.756 0.711 0.63 0.637 0.645 0.615 0.698 0.688 0.623 0.654 0.643 0.599 0.611 0.586 0.565 0.594 0.59 0.594 0.623 0.591 0.635 0.63 0.621 0.613 0.589 0.615 0.612 0.69 0.689 0.657 0.655 0.652 0.63 0.634 0.711 0.656 0.656 0.62 0.696 0.672 0.647 0.637
0.308 0.312 0.504 0.462 0.481 0.374 0.476 0.469 0.573 0.519 0.532 0.526 0.572 0.347 0.439 0.522 0.386 0.512 0.598 0.536 0.606 0.543 0.677 0.676 0.583 0.579 0.601 0.519 0.617 0.597 0.621 0.672 0.68 0.677 0.672 0.727 0.812 0.621 0.643 0.631 0.647 0.713 0.57 0.601 0.646 0.599 0.612 0.604 0.593 0.557 0.568 0.567 0.582 0.604 0.579 0.597 0.608 0.609 0.615 0.612 0.613 0.663 0.692 0.673 0.665 0.652 0.661 0.588 0.682 0.678 0.678 0.655 0.574 0.647 0.698 0.69 0.66
0.548 0.597 0.439 0.591 0.534 0.539 0.468 0.477 0.37 0.524 0.615 0.479 0.716 0.664 0.694 0.698 0.69 0.615 0.644 0.542 0.387 0.328 0.369 0.544 0.672 0.585 0.578 0.514 0.593 0.629 0.716 0.684 0.713 0.675 0.675 0.686 0.648 0.671 0.713 0.639 0.51 0.528 0.568 0.58 0.599 0.61 0.621 0.618 0.579 0.548 0.54 0.532 0.539 0.548 0.571 0.622 0.633 0.611 0.604 0.595 0.539 0.585 0.588 0.599 0.588 0.584 0.605 0.632 0.626 0.649 0.68 0.673 0.618 0.623 0.624 0.667 0.701
0.523 0.491 0.479 0.592 0.627 0.604 0.539 0.626 0.62 0.594 0.63 0.614 0.531 0.567 0.575 0.684 0.699 0.704 0.656 0.555 0.346 0.542 0.51 0.452 0.461 0.622 0.611 0.628 0.545 0.545 0.615 0.606 0.677 0.728 0.689 0.695 0.741 0.686 0.643 0.581 0.55 0.553 0.534 0.544 0.571 0.599 0.6 0.568 0.558 0.547 0.536 0.491 0.557 0.577 0.59 0.612 0.621 0.594 0.552 0.553 0.568 0.574 0.561 0.567 0.575 0.578 0.591 0.652 0.661 0.647 0.65 0.66 0.629 0.608 0.618 0.667 0.707
0.516 0.512 0.484 0.574 0.438 0.562 0.494 0.67 0.5 0.565 0.423 0.584 0.673 0.684 0.45 0.521 0.432 0.529 0.346 0.513 0.692 0.373 0.62 0.691 0.606 0.59 0.634 0.636 0.649 0.673 0.634 0.645 0.688 0.754 0.734 0.733 0.723 0.647 0.586 0.577 0.573 0.562 0.545 0.522 0.543 0.604 0.555 0.537 0.516 0.54 0.552 0.532 0.556 0.598 0.602 0.588 0.602 0.565 0.593 0.603 0.584 0.597 0.582 0.574 0.575 0.571 0.611 0.642 0.661 0.694 0.679 0.657 0.644 0.623 0.644 0.72 0.71
0.537 0.518 0.446 0.441 0.551 0.36 0.402 0.517 0.249 0.545 0.538 0.625 0.631 0.645 0.452 0.438 0.576 0.369 0.394 0.526 0.658 0.469 0.465 0.637 0.72 0.732 0.71 0.682 0.703 0.722 0.595 0.592 0.732 0.698 0.7 0.681 0.621 0.546 0.576 0.569 0.554 0.56 0.528 0.53 0.511 0.551 0.566 0.517 0.538 0.522 0.551 0.544 0.545 0.589 0.577 0.555 0.559 0.568 0.574 0.573 0.59 0.585 0.584 0.603 0.564 0.605 0.582 0.656 0.699 0.685 0.674 0.658 0.611 0.598 0.611 0.651 0.684
0.507 0.588 0.498 0.484 0.427 0.44 0.593 0.435 0.456 0.493 0.512 0.705 0.63 0.676 0.523 0.348 0.507 0.478 0.332 0.421 0.675 0.674 0.336 0.4 0.675 0.598 0.636 0.58 0.688 0.673 0.617 0.553 0.715 0.691 0.693 0.611 0.594 0.566 0.525 0.537 0.553 0.549 0.543 0.535 0.544 0.558 0.569 0.532 0.53 0.555 0.586 0.573 0.532 0.576 0.583 0.574 0.553 0.575 0.569 0.537 0.586 0.594 0.596 0.548 0.602 0.591 0.586 0.633 0.626 0.635 0.646 0.658 0.62 0.586 0.594 0.611 0.659
0.514 0.522 0.51 0.507 0.519 0.363 0.398 0.387 0.41 0.447 0.389 0.562 0.721 0.715 0.552 0.462 0.607 0.698 0.605 0.254 0.563 0.691 0.697 0.738 0.662 0.675 0.712 0.718 0.555 0.577 0.682 0.697 0.729 0.743 0.6 0.558 0.543 0.514 0.543 0.542 0.502 0.543 0.566 0.556 0.55 0.576 0.583 0.621 0.603 0.591 0.59 0.578 0.51 0.55 0.567 0.564 0.551 0.583 0.573 0.574 0.575 0.594 0.559 0.535 0.541 0.57 0.572 0.572 0.576 0.558 0.564 0.553 0.582 0.61 0.619 0.593 0.626
0.451 0.534 0.48 0.486 0.493 0.435 0.44 0.404 0.472 0.52 0.459 0.458 0.593 0.692 0.564 0.515 0.565 0.551 0.419 0.421 0.406 0.476 0.388 0.239 0.491 0.743 0.735 0.726 0.663 0.751 0.745 0.697 0.72 0.633 0.585 0.584 0.539 0.523 0.562 0.539 0.576 0.526 0.549 0.546 0.558 0.571 0.606 0.606 0.6 0.598 0.587 0.586 0.549 0.501 0.535 0.534 0.529 0.571 0.562 0.58 0.58 0.627 0.572 0.552 0.546 0.599 0.616 0.569 0.599 0.578 0.595 0.537 0.587 0.59 0.566 0.587 0.547
0.517 0.465 0.518 0.327 0.497 0.379 0.302 0.518 0.374 0.579 0.48 0.625 0.695 0.627 0.636 0.407 0.559 0.664 0.596 0.406 0.313 0.38 0.562 0.38 0.615 0.61 0.711 0.785 0.742 0.765 0.651 0.724 0.65 0.583 0.574 0.593 0.567 0.528 0.54 0.532 0.549 0.578 0.58 0.558 0.576 0.571 0.552 0.59 0.605 0.597 0.592 0.575 0.547 0.527 0.534 0.54 0.548 0.537 0.548 0.579 0.557 0.538 0.56 0.553 0.535 0.546 0.599 0.551 0.584 0.615 0.59 0.603 0.585 0.571 0.542 0.536 0.526
0.62 0.659 0.522 0.442 0.376 0.317 0.422 0.67 0.506 0.608 0.493 0.619 0.638 0.507 0.35 0.455 0.614 0.692 0.409 0.332 0.402 0.518 0.342 0.502 0.711 0.772 0.698 0.753 0.777 0.721 0.666 0.712 0.627 0.587 0.546 0.582 0.438 0.54 0.54 0.549 0.566 0.584 0.513 0.534 0.569 0.579 0.558 0.596 0.602 0.602 0.594 0.596 0.582 0.558 0.554 0.541 0.567 0.56 0.534 0.555 0.559 0.55 0.548 0.495 0.515 0.564 0.58 0.555 0.527 0.591 0.498 0.547 0.558 0.556 0.551 0.53 0.549
0.468 0.344 0.513 0.505 0.456 0.236 0.484 0.634 0.674 0.594 0.611 0.654 0.586 0.597 0.56 0.538 0.594 0.565 0.573 0.456 0.475 0.525 0.59 0.662 0.784 0.777 0.795 0.729 0.721 0.68 0.653 0.589 0.606 0.563 0.592 0.589 0.526 0.57 0.559 0.547 0.567 0.579 0.538 0.527 0.53 0.556 0.57 0.59 0.59 0.585 0.601 0.574 0.557 0.555 0.568 0.538 0.506 0.535 0.576 0.566 0.533 0.531 0.532 0.512 0.536 0.571 0.546 0.57 0.597 0.511 0.522 0.525 0.542 0.561 0.561 0.566 0.539
0.51 0.693 0.518 0.465 0.62 0.576 0.376 0.464 0.227 0.502 0.699 0.566 0.447 0.461 0.418 0.351 0.512 0.508 0.532 0.574 0.667 0.463 0.669 0.704 0.69 0.697 0.73 0.729 0.619 0.616 0.619 0.614 0.592 0.645 0.586 0.563 0.573 0.526 0.544 0.557 0.57 0.581 0.592 0.577 0.587 0.602 0.493 0.581 0.551 0.542 0.559 0.562 0.537 0.508 0.51 0.528 0.54 0.53 0.549 0.503 0.499 0.54 0.507 0.643 0.585 0.542 0.579 0.528 0.522 0.58 0.49 0.517 0.55 0.552 0.557 0.583 0.543
0.497 0.515 0.676 0.603 0.594 0.554 0.435 0.686 0.673 0.688 0.685 0.701 0.613 0.646 0.682 0.477 0.445 0.537 0.612 0.603 0.596 0.309 0.453 0.673 0.715 0.697 0.663 0.685 0.626 0.621 0.606 0.577 0.595 0.542 0.539 0.58 0.551 0.52 0.539 0.556 0.565 0.585 0.568 0.597 0.597 0.598 0.572 0.604 0.584 0.552 0.559 0.565 0.507 0.46 0.546 0.541 0.546 0.551 0.537 0.541 0.523 0.542 0.523 0.635 0.553 0.55 0.674 0.536 0.665 0.539 0.555 0.584 0.552 0.595 0.575 0.566 0.519
0.555 0.522 0.622 0.332 0.539 0.48 0.538 0.653 0.421 0.505 0.595 0.577 0.684 0.703 0.602 0.438 0.409 0.6 0.635 0.691 0.716 0.666 0.747 0.779 0.74 0.639 0.664 0.643 0.58 0.608 0.563 0.603 0.345 0.375 0.489 0.544 0.577 0.517 0.582 0.563 0.58 0.575 0.595 0.591 0.579 0.583 0.602 0.596 0.573 0.577 0.591 0.541 0.512 0.492 0.547 0.521 0.55 0.558 0.567 0.566 0.555 0.528 0.594 0.575 0.54 0.579 0.561 0.638 0.547 0.486 0.502 0.579 0.57 0.574 0.57 0.572 0.534
0.461 0.436 0.551 0.512 0.329 0.463 0.526 0.35 0.432 0.738 0.635 0.297 0.691 0.741 0.38 0.404 0.636 0.75 0.766 0.772 0.742 0.741 0.761 0.701 0.656 0.688 0.672 0.624 0.564 0.539 0.576 0.612 0.305 0.364 0.487 0.526 0.601 0.534 0.539 0.545 0.565 0.591 0.578 0.589 0.583 0.563 0.573 0.55 0.552 0.575 0.579 0.585 0.496 0.471 0.532 0.515 0.538 0.544 0.552 0.562 0.546 0.5 0.586 0.532 0.551 0.608 0.523 0.55 0.473 0.508 0.57 0.61 0.555 0.563 0.576 0.544 0.582
0.568 0.608 0.51 0.467 0.342 0.514 0.496 0.504 0.538 0.563 0.663 0.364 0.711 0.62 0.352 0.543 0.636 0.665 0.782 0.813 0.719 0.753 0.731 0.741 0.706 0.669 0.667 0.579 0.59 0.591 0.57 0.582 0.471 0.514 0.546 0.557 0.577 0.532 0.537 0.565 0.562 0.586 0.588 0.592 0.576 0.585 0.579 0.489 0.539 0.554 0.545 0.553 0.529 0.541 0.585 0.549 0.59 0.554 0.576 0.55 0.497 0.503 0.586 0.545 0.596 0.558 0.564 0.51 0.524 0.571 0.589 0.592 0.562 0.557 0.567 0.553 0.647
0.627 0.515 0.622 0.653 0.536 0.466 0.52 0.477 0.437 0.268 0.509 0.666 0.678 0.665 0.611 0.731 0.663 0.625 0.717 0.786 0.81 0.746 0.718 0.764 0.705 0.708 0.602 0.579 0.564 0.584 0.581 0.53 0.563 0.587 0.588 0.563 0.581 0.522 0.564 0.55 0.562 0.579 0.601 0.583 0.57 0.574 0.578 0.523 0.516 0.532 0.551 0.612 0.558 0.574 0.593 0.599 0.588 0.574 0.5 0.489 0.614 0.678 0.607 0.569 0.533 0.623 0.538 0.573 0.633 0.554 0.559 0.596 0.523 0.467 0.557 0.647 0.637
