data/china_ndvi_max_2003.asc
ncols         710
nrows         510
xllcorner     70
yllcorner     10
cellsize      0.1
NODATA_value  -9999
[rows 272 to 305 of 510, columns 462 to 538 of 710]
0.564 0.553 0.571 0.568 0.543 0.58 0.571 0.547 0.537 0.567 0.576 0.589 0.596 0.557 0.528 0.568 0.572 0.563 0.552 0.553 0.558 0.572 0.582 0.546 0.51 0.474 0.542 0.549 0.512 0.555 0.535 0.549 0.548 0.533 0.581 0.573 0.566 0.566 0.523 0.53 0.52 0.534 0.38 0.165 -9999 -9999 -9999 -9999 -9999 -9999 -9999 -9999 -9999 -9999 -9999 -9999 -9999 -9999 -9999 -9999 -9999 -9999 -9999 -9999 -9999 -9999 -9999 -9999 -9999 -9999 -9999 -9999 -9999 -9999 -9999 -9999 -9999
0.566 0.555 0.535 0.574 0.522 0.558 0.586 0.53 0.501 0.542 0.609 0.594 0.577 0.589 0.566 0.526 0.535 0.528 0.48 0.496 0.503 0.554 0.583 0.443 0.567 0.527 0.538 0.512 0.365 0.47 0.534 0.572 0.523 0.569 0.526 0.567 0.583 0.592 0.546 0.549 0.525 0.552 0.494 0.415 -9999 -9999 -9999 -9999 -9999 -9999 -9999 -9999 -9999 -9999 -9999 -9999 -9999 -9999 -9999 -9999 -9999 -9999 -9999 -9999 -9999 -9999 -9999 -9999 -9999 -9999 -9999 -9999 -9999 -9999 -9999 -9999 -9999
0.506 0.561 0.568 0.56 0.542 0.541 0.553 0.554 0.513 0.537 0.552 0.571 0.568 0.53 0.543 0.574 0.567 0.537 0.497 0.459 0.494 0.574 0.578 -0.3 0.457 0.525 0.53 0.511 0.367 0.416 0.479 0.548 0.566 0.578 0.549 0.566 0.573 0.588 0.505 0.532 0.508 0.507 0.493 0.371 -9999 -9999 -9999 -9999 -9999 -9999 -9999 -9999 -9999 -9999 -9999 -9999 -9999 -9999 -9999 -9999 -9999 -9999 -9999 -9999 -9999 -9999 -9999 -9999 -9999 -9999 -9999 -9999 -9999 -9999 -9999 -9999 -9999
0.572 0.55 0.531 0.536 0.523 0.551 0.562 0.572 0.513 0.485 0.459 0.484 0.477 0.525 0.503 0.493 0.529 0.526 0.529 0.525 0.518 0.572 0.519 0.394 -0.3 -0.3 -0.3 0.355 0.574 0.573 0.553 0.586 0.564 0.436 0.507 0.536 0.582 0.561 0.494 0.32 0.426 0.544 0.546 0.492 -0.3 -9999 -9999 -9999 -9999 -9999 -9999 -9999 -9999 -9999 -9999 -9999 -9999 -9999 -9999 -9999 -9999 -9999 -9999 -9999 -9999 -9999 -9999 -9999 -9999 -9999 -9999 -9999 -9999 -9999 -9999 -9999 -9999
0.56 0.544 0.551 0.493 0.547 0.556 0.537 0.545 0.508 0.489 0.482 0.447 0.469 0.485 0.5 0.53 0.534 0.537 0.505 0.474 0.423 0.538 0.543 -0.3 -0.3 -0.3 -0.3 0.414 0.555 0.454 0.511 0.541 0.564 0.535 0.495 0.441 0.551 0.574 0.539 0.503 0.512 0.52 0.527 0.504 0.422 -9999 -9999 -9999 -9999 -9999 -9999 -9999 -9999 -9999 -9999 -9999 -9999 -9999 -9999 -9999 -9999 -9999 -9999 -9999 -9999 -9999 -9999 -9999 -9999 -9999 -9999 -9999 -9999 -9999 -9999 -9999 -9999
0.543 0.545 0.543 0.536 0.51 0.522 0.532 0.543 0.506 0.482 0.48 0.469 0.466 0.464 0.494 0.542 0.447 0.484 0.464 0.496 0.446 -0.3 -0.3 -0.3 -0.3 -0.3 0.497 0.551 0.571 0.382 0.448 0.413 0.561 0.519 0.499 0.432 0.468 0.551 0.573 0.539 0.557 0.534 0.524 0.486 0.487 0.47 -9999 -9999 -9999 -9999 -9999 -9999 -9999 -9999 -9999 -9999 -9999 -9999 -9999 -9999 -9999 -9999 -9999 -9999 -9999 -9999 -9999 -9999 -9999 -9999 -9999 -9999 -9999 -9999 -9999 -9999 -9999
0.513 0.554 0.56 0.533 0.545 0.549 0.551 0.502 0.449 0.464 0.44 0.491 0.486 0.508 0.496 0.443 0.512 0.434 0.459 0.483 0.517 0.504 0.482 0.342 0.533 -0.3 0.516 0.559 0.565 0.555 0.522 0.543 0.553 0.569 0.482 0.474 0.439 0.529 0.517 0.546 0.571 0.534 0.532 0.504 0.537 0.556 -9999 -9999 -9999 -9999 -9999 -9999 -9999 -9999 -9999 -9999 -9999 -9999 -9999 -9999 -9999 -9999 -9999 -9999 -9999 -9999 -9999 -9999 -9999 -9999 -9999 -9999 -9999 -9999 -9999 -9999 -9999
0.538 0.516 0.52 0.524 0.539 0.54 0.539 0.541 0.47 0.468 0.477 0.495 0.496 0.539 0.561 0.526 0.55 0.428 0.445 0.445 0.48 0.512 0.435 0.471 0.561 0.474 0.505 0.494 0.449 0.475 0.53 0.244 0.391 0.544 0.558 0.46 0.492 0.527 0.502 0.561 0.564 0.566 0.559 0.534 0.523 0.545 0.433 -9999 -9999 -9999 -9999 -9999 -9999 -9999 -9999 -9999 -9999 -9999 -9999 -9999 -9999 -9999 -9999 -9999 -9999 -9999 -9999 -9999 -9999 -9999 -9999 -9999 -9999 -9999 -9999 -9999 -9999
0.527 0.527 0.51 0.568 0.562 0.575 0.585 0.569 0.547 0.478 0.446 0.469 0.474 0.465 0.466 0.516 0.493 0.492 0.412 0.483 0.366 0.504 0.519 0.494 0.483 0.48 0.513 0.541 0.513 0.335 0.467 -0.3 -0.3 0.49 0.501 0.558 0.559 0.508 0.568 0.594 0.579 0.474 0.542 0.546 0.554 0.536 0.562 -9999 -9999 -9999 -9999 -9999 -9999 -9999 -9999 -9999 -9999 -9999 -9999 -9999 -9999 -9999 -9999 -9999 -9999 -9999 -9999 -9999 -9999 -9999 -9999 -9999 -9999 -9999 -9999 -9999 -9999
0.52 0.537 0.518 0.492 0.574 0.548 0.518 0.538 0.478 0.443 0.498 0.485 0.509 0.504 0.511 0.483 0.489 0.488 0.472 0.501 0.501 0.498 0.527 0.502 0.462 0.45 0.511 0.526 0.493 0.36 -0.3 -0.3 -0.3 0.564 0.552 0.559 0.57 0.578 0.582 0.59 0.59 0.553 0.561 0.563 0.524 0.503 0.512 -9999 -9999 -9999 -9999 -9999 -9999 -9999 -9999 -9999 -9999 -9999 -9999 -9999 -9999 -9999 -9999 -9999 -9999 -9999 -9999 -9999 -9999 -9999 -9999 -9999 -9999 -9999 -9999 -9999 -9999
0.491 0.494 0.551 0.482 0.438 0.445 0.424 0.486 0.423 0.438 0.446 0.469 0.474 0.528 0.497 0.499 0.457 0.489 0.469 0.472 0.511 0.518 0.51 0.488 0.478 0.423 0.529 0.525 0.484 0.47 0.421 0.476 0.344 0.558 0.565 0.576 0.542 0.541 0.582 0.492 0.558 0.597 0.585 0.576 0.558 0.54 0.522 0.488 -9999 -9999 -9999 -9999 -9999 -9999 -9999 -9999 -9999 -9999 -9999 -9999 -9999 -9999 -9999 -9999 -9999 -9999 -9999 -9999 -9999 -9999 -9999 -9999 -9999 -9999 -9999 -9999 -9999
0.501 0.467 0.519 0.492 0.435 0.472 0.406 0.337 0.406 0.482 0.448 0.49 0.465 0.504 0.488 0.476 0.443 0.447 0.462 0.48 0.52 0.521 0.459 0.493 0.455 0.473 0.53 0.523 0.506 0.51 0.492 0.495 0.455 0.494 0.565 0.57 0.547 0.552 0.498 0.551 0.587 0.613 0.593 0.547 0.558 0.528 0.525 0.462 -9999 -9999 -9999 -9999 -9999 -9999 -9999 -9999 -9999 -9999 -9999 -9999 -9999 -9999 -9999 -9999 -9999 -9999 -9999 -9999 -9999 -9999 -9999 -9999 -9999 -9999 -9999 -9999 -9999
0.461 0.435 0.462 0.412 0.405 0.504 0.461 0.366 0.471 0.481 0.453 0.511 0.507 0.452 0.43 0.412 0.431 0.443 0.489 0.476 0.478 0.465 0.463 0.521 0.503 0.49 0.484 0.482 0.499 0.493 0.499 0.481 0.455 0.495 0.539 0.555 0.554 0.531 0.541 0.533 0.592 0.617 0.602 0.58 0.562 0.533 0.527 0.541 0.467 -9999 -9999 -9999 -9999 -9999 -9999 -9999 -9999 -9999 -9999 -9999 -9999 -9999 -9999 -9999 -9999 -9999 -9999 -9999 -9999 -9999 -9999 -9999 -9999 -9999 -9999 -9999 -9999
0.276 0.461 0.386 0.464 0.499 0.523 0.511 0.391 0.434 0.468 0.485 0.435 0.443 0.441 0.403 0.419 0.454 0.492 0.569 0.5 0.485 0.472 0.455 0.481 0.481 0.483 0.458 0.472 0.474 0.473 0.488 0.48 0.364 0.416 0.475 0.531 0.56 0.532 0.581 0.581 0.589 0.604 0.571 0.502 0.55 0.577 0.578 0.59 0.594 0.557 0.511 0.507 -9999 -9999 -9999 -9999 -9999 -9999 -9999 -9999 -9999 -9999 -9999 -9999 -9999 -9999 -9999 -9999 -9999 -9999 -9999 -9999 -9999 -9999 -9999 -9999 -9999
0.333 0.333 0.211 0.497 0.507 0.44 0.494 0.318 0.455 0.449 0.457 0.437 0.436 0.456 0.444 0.455 0.462 0.468 0.546 0.546 0.539 0.433 0.447 0.478 0.496 0.49 0.428 0.475 0.469 0.451 0.453 0.53 0.479 0.484 0.521 0.441 0.38 0.39 0.568 0.56 0.567 0.573 0.555 0.558 0.583 0.58 0.572 0.576 0.572 0.55 0.464 0.493 -9999 -9999 -9999 -9999 -9999 -9999 -9999 -9999 -9999 -9999 -9999 -9999 -9999 -9999 -9999 -9999 -9999 -9999 -9999 -9999 -9999 -9999 -9999 -9999 -9999
0.417 0.437 0.348 0.48 0.496 0.501 0.443 0.438 0.46 0.45 0.445 0.423 0.439 0.463 0.452 0.453 0.446 0.459 0.531 0.579 0.532 0.489 0.49 0.485 0.48 0.43 0.336 0.359 0.378 0.48 0.429 0.37 0.34 0.323 0.349 0.452 0.487 0.389 0.503 0.564 0.558 0.555 0.561 0.544 0.567 0.577 0.552 0.547 0.57 0.529 0.513 0.507 -9999 -9999 -9999 -9999 -9999 -9999 -9999 -9999 -9999 -9999 -9999 -9999 -9999 -9999 -9999 -9999 -9999 -9999 -9999 -9999 -9999 -9999 -9999 -9999 -9999
0.49 0.417 0.407 0.455 0.495 0.488 0.451 0.482 0.436 0.424 0.423 0.4 0.429 0.449 0.431 0.434 0.446 0.514 0.561 0.568 0.516 0.453 0.487 0.489 0.553 0.372 0.285 0.356 0.551 0.615 0.589 0.537 0.526 0.493 0.468 0.496 0.459 0.506 0.543 0.565 0.543 0.569 0.565 0.547 0.564 0.55 0.545 0.572 0.544 0.531 0.538 0.524 0.554 -0.3 -9999 -9999 -9999 -9999 -9999 -9999 -9999 -9999 -9999 -9999 -9999 -9999 -9999 -9999 -9999 -9999 -9999 -9999 -9999 -9999 -9999 -9999 -9999
0.459 0.442 0.427 0.467 0.515 0.492 0.493 0.48 0.426 0.434 0.42 0.413 0.425 0.437 0.42 0.442 0.435 0.484 0.522 0.497 0.509 0.484 0.514 0.535 0.411 0.245 0.347 0.454 0.477 0.52 0.512 0.482 0.483 0.443 0.472 0.501 0.471 0.447 0.555 0.563 0.57 0.511 0.538 -0.3 0.455 0.536 0.389 0.391 0.531 0.554 0.541 0.522 0.517 0.506 0.462 0.445 -9999 -9999 -9999 -9999 -9999 -9999 -9999 -9999 -9999 -9999 -9999 -9999 -9999 -9999 -9999 -9999 -9999 -9999 -9999 -9999 -9999
0.443 0.418 0.413 0.441 0.482 0.467 0.477 0.51 0.43 0.415 0.31 0.217 0.361 0.45 0.476 0.491 0.48 0.547 0.549 0.547 0.533 0.515 0.5 0.317 0.458 0.475 0.389 0.453 0.491 0.509 0.496 0.527 0.508 0.502 0.541 0.532 0.472 0.441 0.471 0.444 0.402 0.354 0.401 0.334 0.428 0.486 0.487 -0.3 0.486 0.472 0.416 0.412 0.485 0.486 0.479 0.49 0.454 -9999 -9999 -9999 -9999 -9999 -9999 -9999 -9999 -9999 -9999 -9999 -9999 -9999 -9999 -9999 -9999 -9999 -9999 -9999 -9999
0.438 0.43 0.425 0.403 0.45 0.47 0.475 0.46 0.45 0.433 0.31 0.352 0.438 0.456 0.447 0.467 0.506 0.536 0.515 0.539 0.537 0.492 0.466 0.428 0.491 0.522 0.438 0.454 0.493 0.479 0.521 0.541 0.51 0.44 0.481 0.507 0.463 0.376 0.375 0.374 0.43 0.428 0.462 0.398 0.406 0.471 0.444 -0.3 -9999 -0.3 0.458 0.523 0.481 -9999 0.473 0.441 0.527 -9999 -9999 -9999 -9999 -9999 -9999 -9999 -9999 -9999 -9999 -9999 -9999 -9999 -9999 -9999 -9999 -9999 -9999 -9999 -9999
0.456 0.442 0.451 0.417 0.442 0.439 0.467 0.485 0.478 0.477 0.432 0.434 0.431 0.454 0.457 0.468 0.541 0.525 0.518 0.522 0.539 0.468 0.38 0.406 0.494 0.552 0.494 0.465 0.426 0.492 0.532 0.551 0.487 0.448 0.481 0.487 0.465 0.362 0.344 0.378 0.42 0.365 0.451 0.459 0.479 0.427 0.427 0.429 0.455 -0.3 -9999 0.554 0.496 0.495 -9999 -9999 0.443 -9999 -9999 -9999 -9999 -9999 -9999 -9999 -9999 -9999 -9999 -9999 -9999 -9999 -9999 -9999 -9999 -9999 -9999 -9999 -9999
0.527 0.477 0.45 0.437 0.441 0.436 0.44 0.442 0.422 0.432 0.468 0.475 -0.3 0.52 -0.3 -0.3 0.389 0.39 0.558 0.542 0.471 0.465 0.361 0.441 0.508 0.488 0.573 0.545 0.447 0.535 0.49 0.51 0.499 -0.3 0.401 0.462 0.408 0.353 0.447 0.445 0.402 0.305 0.335 0.461 0.451 0.376 0.333 0.473 0.475 0.495 0.446 -9999 -9999 0.503 0.511 0.411 -9999 -9999 -9999 -9999 -9999 -9999 -9999 -9999 -9999 -9999 -9999 -9999 -9999 -9999 -9999 -9999 -9999 -9999 -9999 -9999 -9999
0.638 0.539 0.484 0.469 0.452 0.447 0.453 0.451 0.459 0.496 0.51 0.466 0.471 -0.3 -0.3 -0.3 0.456 0.455 0.545 0.478 0.538 0.53 0.305 0.464 0.499 0.46 0.44 0.564 0.529 0.546 0.485 0.462 0.429 0.362 0.428 0.427 -0.3 0.401 0.485 0.454 0.469 0.287 0.333 0.459 0.409 0.379 0.347 0.393 0.47 0.493 0.475 0.416 -9999 -9999 -9999 -9999 0.483 -9999 -9999 -9999 -9999 -9999 -9999 -9999 -9999 -9999 -9999 -9999 -9999 -9999 -9999 -9999 -9999 -9999 -9999 -9999 -9999
0.602 0.576 0.557 0.576 0.638 0.586 0.515 0.517 0.492 0.503 0.489 0.455 0.441 0.455 0.449 0.482 0.453 0.446 0.521 0.536 0.556 0.386 0.265 0.524 0.507 0.47 0.385 0.429 0.545 0.552 0.502 0.479 0.486 0.459 0.473 0.409 0.332 0.485 -0.3 -0.3 -0.3 -0.3 0.325 0.325 0.34 0.339 0.356 0.39 0.364 0.446 0.363 0.383 0.373 0.272 -9999 0.449 -9999 -9999 -9999 -9999 -9999 -9999 -9999 -9999 -9999 -9999 -9999 -9999 -9999 -9999 -9999 -9999 -9999 -9999 -9999 -9999 -9999
0.625 0.608 0.653 0.684 0.603 0.497 0.486 0.515 0.575 0.541 0.476 0.453 0.506 0.453 0.513 0.45 0.455 0.403 0.5 0.495 0.387 0.356 0.33 0.474 0.471 0.439 0.437 0.36 0.531 0.552 0.533 0.511 0.536 0.521 0.454 0.576 0.485 0.435 -9999 -0.3 -0.3 -0.3 0.55 0.32 0.245 0.285 0.325 0.425 0.407 0.425 0.375 0.358 0.327 0.231 0.327 -9999 -9999 -9999 -9999 -9999 -9999 -9999 -9999 -9999 -9999 -9999 -9999 -9999 -9999 -9999 -9999 -9999 -9999 -9999 -9999 -9999 -9999
0.651 0.636 0.601 0.614 0.635 0.626 0.588 0.573 0.507 0.484 0.463 0.441 0.381 0.447 0.457 0.418 0.432 0.466 0.34 0.443 0.506 0.464 0.448 0.44 0.425 0.458 0.499 0.552 0.468 0.488 0.485 0.55 0.628 0.601 0.624 0.669 0.623 0.612 -9999 -0.3 -0.3 -0.3 -0.3 0.412 0.307 0.393 0.353 0.343 0.416 0.396 0.399 0.363 0.255 0.294 0.354 0.367 -9999 -9999 -9999 -9999 -9999 -9999 -9999 -9999 -9999 -9999 -9999 -9999 -9999 -9999 -9999 -9999 -9999 -9999 -9999 -9999 -9999
0.682 0.629 0.646 0.647 0.694 0.664 0.642 0.665 0.505 0.504 0.459 0.456 0.48 0.48 0.412 0.424 0.36 0.375 0.54 0.606 0.54 0.57 0.47 0.446 0.475 0.444 0.411 0.296 0.309 0.496 0.483 0.529 0.597 0.708 0.629 0.621 0.69 0.619 -9999 -0.3 -0.3 0.581 -0.3 -0.3 0.369 0.429 0.396 0.411 0.428 0.379 0.413 0.369 0.303 0.381 0.415 0.444 0.408 -9999 -9999 -9999 -9999 -9999 -9999 -9999 -9999 -9999 -9999 -9999 -9999 -9999 -9999 -9999 -9999 -9999 -9999 -9999 -9999
0.658 0.655 0.645 0.708 0.662 0.69 0.664 0.614 0.483 0.496 0.455 0.445 0.502 0.574 0.399 0.405 0.435 0.466 0.526 0.604 0.601 0.561 0.474 0.515 0.508 0.488 0.508 0.522 0.494 0.546 0.546 0.552 0.599 0.514 0.625 0.646 0.633 0.527 -0.3 -9999 -0.3 -0.3 0.463 0.493 0.441 0.406 0.377 0.365 0.466 0.427 0.374 0.378 0.374 0.438 0.433 0.424 0.457 -9999 -9999 -9999 -9999 -9999 -9999 -9999 -9999 -9999 -9999 -9999 -9999 -9999 -9999 -9999 -9999 -9999 -9999 -9999 -9999
0.644 0.582 0.597 0.631 0.613 0.536 0.524 0.501 0.413 0.276 0.508 0.447 0.489 0.443 0.443 0.443 0.566 0.568 0.598 0.675 0.579 0.553 0.547 0.495 0.532 0.538 0.525 0.507 0.66 0.615 0.615 0.607 0.547 0.522 0.517 0.532 0.474 0.455 0.384 0.359 0.47 0.464 0.45 0.503 0.445 0.401 0.454 0.433 0.486 0.489 0.446 0.483 0.444 0.421 0.431 -0.3 0.421 -9999 -9999 -9999 -9999 -9999 -9999 -9999 -9999 -9999 -9999 -9999 -9999 -9999 -9999 -9999 -9999 -9999 -9999 -9999 -9999
0.642 0.636 0.577 0.653 0.587 0.513 0.498 0.505 0.375 0.297 0.538 0.541 0.409 0.456 0.425 0.388 0.486 0.628 0.607 0.615 0.636 0.573 0.627 0.573 0.556 0.594 0.544 0.538 0.69 0.676 0.634 0.646 0.645 0.593 0.504 0.48 0.506 0.589 0.51 0.425 0.421 0.474 0.486 0.532 0.517 0.438 0.412 0.478 0.521 0.518 0.524 0.508 0.451 -9999 -9999 -9999 -9999 -9999 -9999 -9999 -9999 -9999 -9999 -9999 -9999 -9999 -9999 -9999 -9999 -9999 -9999 -9999 -9999 -9999 -9999 -9999 -9999
0.671 0.637 0.662 0.552 0.513 0.515 0.511 0.527 0.56 0.485 0.426 0.443 0.441 0.465 0.512 0.553 0.515 0.559 0.604 0.651 0.626 0.634 0.596 0.676 0.715 0.682 0.654 0.555 0.641 0.636 0.639 0.63 0.642 0.616 0.614 0.554 0.66 0.695 0.508 0.408 0.389 0.46 0.471 0.453 0.464 0.46 0.485 0.517 0.482 0.566 0.538 -9999 -9999 -9999 -9999 -9999 -9999 -9999 -9999 -9999 -9999 -9999 -9999 -9999 -9999 -9999 -9999 -9999 -9999 -9999 -9999 -9999 -9999 -9999 -9999 -9999 -9999
0.677 0.687 0.653 0.482 0.531 0.523 0.54 0.541 0.57 0.368 0.323 0.47 0.495 0.552 0.624 0.618 0.624 0.522 0.726 0.651 0.564 0.516 0.646 0.744 0.695 0.729 0.751 0.714 0.595 0.673 0.683 0.638 0.691 0.548 0.53 0.507 0.698 0.69 0.455 0.329 0.375 0.422 0.464 0.386 0.446 0.446 0.515 0.551 0.519 0.542 -9999 -9999 -9999 -9999 -9999 -9999 -9999 -9999 -9999 -9999 -9999 -9999 -9999 -9999 -9999 -9999 -9999 -9999 -9999 -9999 -9999 -9999 -9999 -9999 -9999 -9999 -9999
0.6 0.662 0.613 0.515 0.55 0.559 0.575 0.544 0.384 0.418 0.401 0.497 0.528 0.65 0.676 0.655 0.631 0.619 0.667 0.667 0.646 0.614 0.709 0.696 0.77 0.749 0.726 0.674 0.649 0.639 0.683 0.693 0.661 0.621 0.617 0.674 0.71 0.648 0.463 0.383 0.375 0.42 0.467 0.47 0.449 0.431 0.506 0.518 -9999 -9999 -9999 -9999 -9999 -9999 -9999 -9999 -9999 -9999 -9999 -9999 -9999 -9999 -9999 -9999 -9999 -9999 -9999 -9999 -9999 -9999 -9999 -9999 -9999 -9999 -9999 -9999 -9999
0.639 0.545 0.524 0.544 0.481 0.551 0.526 0.445 0.356 0.444 0.587 0.6 0.653 0.672 0.635 0.69 0.651 0.63 0.63 0.692 0.705 0.702 0.604 0.626 0.641 0.685 0.669 0.624 0.63 0.654 0.677 0.647 0.755 0.782 0.78 0.74 0.671 0.516 0.479 0.411 0.504 0.429 0.382 0.334 -0.3 -0.3 0.485 0.476 -9999 -9999 -9999 -9999 -9999 -9999 -9999 -9999 -9999 -9999 -9999 -9999 -9999 -9999 -9999 -9999 -9999 -9999 -9999 -9999 -9999 -9999 -9999 -9999 -9999 -9999 -9999 -9999 -9999
