data/china_ndvi_max_1985.asc
ncols         710
nrows         510
xllcorner     70
yllcorner     10
cellsize      0.1
NODATA_value  -9999
[rows 170 to 203 of 510, columns 462 to 538 of 710]
0.207 0.241 0.224 0.22 0.24 0.259 0.285 0.283 0.28 0.269 0.292 0.295 0.334 0.378 0.355 0.318 0.338 0.336 0.367 0.366 0.329 0.28 0.328 0.357 0.337 0.318 0.332 0.33 0.325 0.452 0.332 0.29 0.308 0.302 0.322 0.287 0.28 0.281 0.253 0.277 0.285 0.29 0.303 0.276 0.316 0.27 0.237 0.239 0.297 0.324 0.285 0.26 0.258 0.321 0.294 0.309 0.297 0.287 0.282 0.287 0.277 0.281 0.314 0.311 0.319 0.282 0.298 0.301 0.303 0.288 0.304 0.291 0.3 0.286 0.279 0.272 0.313
0.226 0.219 0.218 0.239 0.251 0.286 0.27 0.25 0.301 0.314 0.31 0.334 0.376 0.368 0.356 0.35 0.344 0.335 0.413 0.362 0.332 0.309 0.29 0.298 0.303 0.335 0.294 0.316 0.299 0.298 0.279 0.316 0.325 0.304 0.278 0.305 0.285 0.27 0.289 0.298 0.296 0.276 0.287 0.268 0.272 0.274 0.306 0.272 0.248 0.253 0.279 0.307 0.34 0.282 0.287 0.291 0.276 0.266 0.284 0.288 0.291 0.324 0.36 0.339 0.379 0.363 0.357 0.332 0.304 0.309 0.337 0.34 0.276 0.304 0.284 0.301 0.316
0.224 0.217 0.229 0.263 0.24 0.259 0.281 0.294 0.329 0.312 0.33 0.365 0.387 0.39 0.344 0.372 0.45 0.408 0.32 0.305 0.31 0.322 0.287 0.282 0.356 0.411 0.302 0.314 0.272 0.273 0.304 0.358 0.316 0.288 0.293 0.324 0.283 0.309 0.27 0.273 0.276 0.284 0.291 0.285 0.29 0.271 0.273 0.271 0.291 0.307 0.343 0.323 0.285 0.289 0.292 0.292 0.315 0.331 0.324 0.319 0.34 0.338 0.352 0.333 0.304 0.312 0.334 0.365 0.352 0.347 0.347 0.357 0.355 0.331 0.333 0.321 0.339
0.219 0.228 0.23 0.229 0.241 0.232 0.242 0.253 0.277 0.261 0.272 0.349 0.383 0.409 0.441 0.394 0.403 0.279 0.294 0.303 0.3 0.281 0.324 0.389 0.361 0.306 0.29 0.275 0.264 0.28 0.334 0.312 0.298 0.281 0.32 0.279 0.27 0.306 0.262 0.226 0.308 0.315 0.3 0.287 0.284 0.278 0.263 0.281 0.321 0.33 0.301 0.276 0.308 0.255 0.287 0.288 0.317 0.304 0.313 0.321 0.322 0.242 0.362 0.335 0.291 0.327 0.262 0.265 0.321 0.325 0.359 0.352 0.339 0.346 0.347 0.356 0.402
0.228 0.224 0.23 0.227 0.237 0.263 0.278 0.276 0.297 0.341 0.293 0.31 0.342 0.41 0.421 0.489 0.337 0.293 0.308 0.305 0.282 0.244 0.271 0.3 0.318 0.309 0.309 0.289 0.266 0.301 0.276 0.286 0.278 0.265 0.282 0.314 0.294 0.232 0.269 0.251 0.258 0.274 0.29 0.269 0.264 0.275 0.306 0.309 0.329 0.329 0.311 0.302 0.3 0.303 0.29 0.328 0.28 0.298 0.35 0.37 0.368 0.368 0.337 0.302 0.293 0.33 0.309 0.296 0.303 0.31 0.319 0.342 0.364 0.338 0.344 0.359 0.396
0.251 0.236 0.224 0.228 0.205 0.178 0.24 0.262 0.304 0.289 0.305 0.375 0.383 0.341 0.311 0.416 0.348 0.259 0.346 0.317 0.313 0.299 0.28 0.259 0.309 0.392 0.289 0.286 0.268 0.259 0.26 0.243 0.24 0.21 0.187 0.194 0.294 0.297 0.208 0.249 0.333 0.286 0.261 0.334 0.334 0.33 0.308 0.256 0.256 0.263 0.294 0.314 0.342 0.313 0.306 0.26 0.295 0.299 0.315 0.32 0.291 0.286 0.281 0.299 0.298 0.329 0.318 0.3 0.304 0.301 0.307 0.298 0.337 0.353 0.382 0.363 0.349
0.227 0.216 0.222 0.211 -0.3 -0.3 0.247 0.255 0.314 0.253 0.31 0.366 0.354 0.289 0.452 0.405 0.469 0.372 0.333 0.362 0.277 0.256 0.256 0.249 0.296 0.255 0.27 0.286 0.246 0.259 0.267 0.277 0.249 0.253 0.271 0.316 0.282 0.279 0.263 0.265 0.277 0.282 0.268 0.276 0.288 0.248 0.23 0.239 0.229 0.27 0.291 0.298 0.288 0.272 0.255 0.267 0.269 0.269 0.271 0.265 0.276 0.286 0.302 0.282 0.284 0.282 0.284 0.291 0.283 0.306 0.277 0.298 0.353 0.366 0.37 0.374 0.346
0.222 0.214 0.253 0.238 0.229 0.224 0.256 0.27 0.239 0.237 0.226 0.263 0.265 0.287 0.279 0.261 0.252 0.271 0.275 0.274 0.291 0.276 0.3 0.279 0.318 0.248 0.208 0.194 0.207 0.227 0.237 0.205 0.237 0.263 0.24 0.238 0.258 0.239 0.199 0.209 0.269 0.215 0.19 0.219 0.172 0.202 0.225 0.227 0.298 0.281 0.277 0.266 0.25 0.244 0.258 0.249 0.269 0.267 0.282 0.268 0.286 0.275 0.27 0.283 0.296 0.273 0.261 0.262 0.298 0.275 0.285 0.305 0.325 0.377 0.401 0.354 0.369
0.196 0.2 0.22 0.242 0.235 0.232 0.251 0.242 0.22 0.248 0.259 0.292 0.309 0.263 0.251 0.27 0.289 0.301 0.263 0.3 0.27 0.269 0.287 0.273 0.288 0.331 0.282 0.22 0.169 0.159 0.196 0.204 0.181 0.209 0.196 0.183 0.162 0.164 0.193 0.192 0.189 0.169 0.186 0.155 0.202 0.243 0.243 0.284 0.263 0.249 0.26 0.248 0.259 0.253 0.254 0.26 0.267 0.29 0.292 0.305 0.288 0.285 0.276 0.292 0.296 0.28 0.293 0.308 0.307 0.318 0.301 0.327 0.31 0.366 0.394 0.398 0.404
0.243 0.253 0.247 0.234 0.245 0.234 0.215 0.223 0.226 0.243 0.245 0.243 0.254 0.291 0.289 0.352 0.417 0.407 0.287 0.287 0.285 0.292 0.274 0.299 0.291 0.291 0.268 0.276 0.248 0.189 0.187 0.195 0.16 0.192 0.236 0.196 0.175 0.176 0.16 0.163 0.171 0.239 0.211 0.2 0.213 0.227 0.253 0.279 0.255 0.247 0.252 0.26 0.267 0.261 0.276 0.269 0.28 0.292 0.289 0.307 0.291 0.297 0.303 0.285 0.295 0.3 0.312 0.307 0.307 0.315 0.324 0.339 0.346 0.38 0.374 0.382 0.401
0.206 0.211 0.209 0.261 0.263 0.236 0.251 0.278 0.273 0.299 0.302 0.43 0.441 0.413 0.372 0.34 0.348 0.367 0.321 0.309 0.313 0.285 0.279 0.251 0.271 0.255 0.265 0.281 0.271 0.294 0.267 0.322 0.35 0.218 0.244 0.235 0.256 0.263 0.256 0.259 0.288 0.322 0.268 0.305 0.28 0.261 0.281 0.254 0.24 0.244 0.248 0.244 0.217 0.188 0.205 0.209 0.206 0.2 0.262 0.282 0.286 0.314 0.302 0.324 0.34 0.319 0.319 0.323 0.347 0.371 0.386 0.373 0.398 0.4 0.376 0.415 0.398
0.239 0.256 0.21 0.237 0.255 0.276 0.254 0.272 0.32 0.379 0.34 0.348 0.421 0.443 0.359 0.393 0.336 0.354 0.338 0.32 0.3 0.276 0.278 0.277 0.287 0.275 0.252 0.251 0.249 0.278 0.272 0.268 0.255 0.237 0.235 0.291 0.296 0.282 0.261 0.26 0.283 0.268 0.273 0.222 0.274 0.299 0.282 0.251 0.252 0.248 0.272 0.269 0.275 0.295 0.267 0.26 0.286 0.27 0.283 0.313 0.357 0.296 0.291 0.335 0.348 0.375 0.348 0.335 0.38 0.374 0.373 0.367 0.372 0.403 0.398 0.418 0.417
0.257 0.235 0.192 0.25 0.258 0.255 0.28 0.277 0.331 0.335 0.326 0.356 0.402 0.387 0.35 0.338 0.362 0.379 0.341 0.341 0.334 0.278 0.256 0.263 0.262 0.251 0.24 0.244 0.268 0.269 0.265 0.237 0.226 0.308 0.27 0.225 0.289 0.292 0.305 0.283 0.289 0.294 0.3 0.297 0.305 0.316 0.289 0.304 0.314 0.324 0.306 0.288 0.286 0.279 0.253 0.27 0.299 0.33 0.329 0.316 0.341 0.332 0.334 0.346 0.328 0.351 0.378 0.378 0.402 0.399 0.404 0.362 0.378 0.4 0.414 0.414 0.421
0.232 0.198 0.227 0.259 0.274 0.28 0.264 0.259 0.305 0.277 0.301 0.395 0.456 0.363 0.354 0.404 0.398 0.404 0.381 0.344 0.34 0.317 0.275 0.271 0.249 0.259 0.286 0.349 0.271 0.244 0.234 0.295 0.25 0.24 0.239 0.313 0.279 0.273 0.289 0.279 0.296 0.282 0.271 0.347 0.307 0.322 0.299 0.294 0.279 0.284 0.268 0.271 0.287 0.254 0.264 0.29 0.32 0.344 0.342 0.345 0.35 0.38 0.36 0.358 0.369 0.352 0.37 0.38 0.408 0.411 0.414 0.359 0.389 0.406 0.394 0.423 0.424
0.269 0.232 0.244 0.261 0.295 0.273 0.277 0.286 0.299 0.374 0.363 0.37 0.424 0.404 0.38 0.399 0.436 0.402 0.358 0.335 0.312 0.3 0.301 0.298 0.278 0.279 0.257 0.247 0.239 0.236 0.23 0.237 0.249 0.322 0.356 0.293 0.262 0.241 0.266 0.279 0.283 0.288 0.334 0.308 0.294 0.294 0.288 0.276 0.254 0.28 0.283 0.292 0.311 0.27 0.284 0.296 0.348 0.357 0.351 0.332 0.343 0.329 0.353 0.38 0.383 0.38 0.38 0.39 0.392 0.44 0.423 0.421 0.386 0.429 0.39 0.401 0.417
0.294 0.282 0.236 0.325 0.285 0.278 0.332 0.346 0.372 0.375 0.366 0.448 0.451 0.43 0.407 0.439 0.359 0.335 0.347 0.332 0.306 0.301 0.338 0.276 0.249 0.282 0.307 0.354 0.244 0.266 0.337 0.327 0.336 0.286 0.284 0.267 0.279 0.282 0.266 0.274 0.249 0.262 0.24 0.273 0.259 0.273 0.275 0.269 0.315 0.316 0.357 0.325 0.326 0.314 0.332 0.353 0.358 0.355 0.368 0.358 0.354 0.365 0.365 0.317 0.396 0.399 0.404 0.396 0.384 0.388 0.428 0.389 0.401 0.41 0.401 0.412 0.446
0.299 0.293 0.316 0.32 0.268 0.299 0.322 0.299 0.372 0.361 0.377 0.393 0.413 0.495 0.442 0.412 0.405 0.404 0.363 0.347 0.339 0.303 0.297 0.259 0.31 0.295 0.288 0.334 0.313 0.314 0.32 0.28 0.292 0.242 0.262 0.263 0.268 0.268 0.262 0.275 0.268 0.273 0.254 0.286 0.264 0.287 0.295 0.311 0.306 0.31 0.319 0.395 0.332 0.358 0.339 0.341 0.352 0.332 0.383 0.353 0.38 0.362 0.356 0.347 0.381 0.374 0.381 0.399 0.404 0.4 0.41 0.409 0.405 0.394 0.393 0.401 0.39
0.282 0.286 0.267 0.284 0.289 0.296 0.315 0.316 0.331 0.315 0.409 0.514 0.498 0.454 0.461 0.431 0.43 0.453 0.384 0.365 0.337 0.324 0.336 0.292 0.277 0.274 0.283 0.315 0.246 0.256 0.278 0.298 0.291 0.275 0.287 0.262 0.275 0.278 0.267 0.282 0.278 0.275 0.308 0.286 0.301 0.301 0.314 0.294 0.315 0.316 0.325 0.324 0.32 0.341 0.368 0.377 0.38 0.398 0.343 0.364 0.36 0.362 0.348 0.376 0.377 0.37 0.368 0.375 0.405 0.409 0.396 0.386 0.404 0.395 0.439 0.416 0.461
0.29 0.284 0.303 0.257 0.27 0.274 0.313 0.3 0.317 0.416 0.509 0.495 0.529 0.452 0.415 0.402 0.386 0.352 0.39 0.393 0.32 0.425 0.475 0.301 0.292 0.313 0.295 0.263 0.275 0.311 0.306 0.338 0.309 0.275 0.291 0.266 0.279 0.291 0.326 0.297 0.288 0.303 0.302 0.342 0.321 0.336 0.329 0.306 0.321 0.304 0.307 0.339 0.323 0.318 0.337 0.358 0.396 0.407 0.361 0.358 0.365 0.368 0.362 0.378 0.357 0.354 0.368 0.391 0.373 0.404 0.393 0.388 0.426 0.454 0.394 0.452 0.471
0.301 0.299 0.305 0.296 0.314 0.322 0.289 0.445 0.465 0.502 0.486 0.475 0.466 0.437 0.394 0.379 0.405 0.396 0.442 0.436 0.384 0.398 0.348 0.371 0.302 0.31 0.299 0.298 0.304 0.294 0.299 0.3 0.367 0.299 0.292 0.271 0.318 0.28 0.296 0.295 0.31 0.326 0.366 0.427 0.33 0.348 0.333 0.303 0.32 0.286 0.316 0.341 0.331 0.353 0.315 0.286 0.33 0.408 0.372 0.365 0.373 0.375 0.353 0.377 0.376 0.37 0.364 0.401 0.397 0.389 0.429 0.393 0.413 0.429 0.413 0.481 0.52
0.325 0.309 0.311 0.335 0.356 0.365 0.457 0.447 0.424 0.471 0.414 0.453 0.407 0.421 0.474 0.464 0.406 0.391 0.417 0.395 0.388 0.393 0.422 0.372 0.355 0.373 0.453 0.461 0.309 0.344 0.284 0.334 0.272 0.256 0.31 0.305 0.288 0.321 0.296 0.304 0.367 0.435 0.382 0.304 0.298 0.316 0.328 0.321 0.324 0.33 0.347 0.363 0.361 0.347 0.344 0.37 0.449 0.403 0.363 0.352 0.395 0.399 0.37 0.373 0.379 0.401 0.384 0.348 0.443 0.435 0.383 0.409 0.323 0.387 0.431 0.377 0.398
0.307 0.284 0.298 0.402 0.422 0.414 0.468 0.529 0.485 0.479 0.486 0.46 0.477 0.502 0.544 0.476 0.365 0.402 0.462 0.474 0.434 0.449 0.45 0.426 0.425 0.443 0.459 0.363 0.322 0.296 0.331 0.334 0.305 0.271 0.289 0.286 0.334 0.309 0.286 0.317 0.377 0.32 0.351 0.312 0.323 0.28 0.281 0.307 0.323 0.367 0.422 0.376 0.351 0.397 0.371 0.437 0.462 0.388 0.388 0.391 0.392 0.372 0.384 0.415 0.422 0.404 0.387 0.384 0.407 0.424 0.377 0.281 0.188 0.316 0.367 0.378 0.319
0.304 0.359 0.355 0.467 0.493 0.497 0.472 0.514 0.492 0.503 0.455 0.413 0.433 0.464 0.503 0.513 0.424 0.415 0.498 0.53 0.546 0.471 0.402 0.498 0.448 0.47 0.419 0.341 0.312 0.298 0.285 0.301 0.273 0.332 0.315 0.32 0.348 0.335 0.322 0.369 0.317 0.31 0.298 0.299 0.315 0.308 0.313 0.292 0.333 0.384 0.428 0.363 0.359 0.35 0.402 0.511 0.435 0.366 0.396 0.366 0.386 0.386 0.38 0.4 0.39 0.377 0.405 0.374 0.422 0.381 0.361 0.352 0.31 0.368 0.392 0.389 0.462
0.356 0.388 0.334 0.458 0.48 0.527 0.479 0.46 0.429 0.484 0.522 0.527 0.521 0.495 0.487 0.476 0.39 0.473 0.532 0.548 0.544 0.5 0.458 0.49 0.445 0.454 0.345 0.343 0.313 0.292 0.352 0.349 0.312 0.286 0.276 0.311 0.325 0.309 0.315 0.33 0.326 0.32 0.303 0.299 0.308 0.317 0.331 0.34 0.366 0.393 0.351 0.347 0.369 0.413 0.453 0.472 0.36 0.369 0.4 0.362 0.397 0.402 0.387 0.392 0.403 0.384 0.405 0.412 0.407 0.388 0.443 0.399 0.387 0.373 0.436 0.482 0.527
0.403 0.376 0.407 0.482 0.427 0.469 0.519 0.477 0.441 0.459 0.454 0.452 0.452 0.466 0.451 0.366 0.377 0.477 0.501 0.506 0.549 0.559 0.541 0.472 0.399 0.366 0.325 0.316 0.335 0.362 0.357 0.316 0.324 0.296 0.328 0.305 0.298 0.39 0.37 0.343 0.33 0.32 0.311 0.338 0.335 0.319 0.323 0.312 0.351 0.347 0.347 0.359 0.381 0.452 0.48 0.39 0.357 0.392 0.393 0.41 0.404 0.395 0.373 0.392 0.378 0.358 0.381 0.394 0.392 0.396 0.384 0.38 0.405 0.389 0.384 0.447 0.5
0.487 0.464 0.455 0.363 0.371 0.453 0.44 0.418 0.476 0.479 0.447 0.453 0.451 0.368 0.349 0.457 0.432 0.521 0.478 0.477 0.493 0.561 0.578 0.481 0.412 0.395 0.368 0.327 0.337 0.323 0.325 0.332 0.336 0.358 0.26 0.307 0.321 0.297 0.317 0.302 0.351 0.375 0.347 0.337 0.344 0.353 0.367 0.332 0.399 0.41 0.383 0.375 0.376 0.434 0.406 0.409 0.383 0.421 0.427 0.375 0.368 0.374 0.378 0.413 0.388 0.4 0.384 0.383 0.405 0.397 0.38 0.424 0.433 0.483 0.516 0.496 0.483
0.497 0.518 0.513 0.341 0.394 0.48 0.436 0.487 0.46 0.448 0.397 0.428 0.438 0.477 0.436 0.362 0.389 0.382 0.412 0.464 0.451 0.479 0.537 0.49 0.443 0.398 0.373 0.4 0.404 0.352 0.342 0.33 0.356 0.417 0.457 0.446 0.351 0.315 0.312 0.342 0.417 0.355 0.332 0.335 0.342 0.364 0.383 0.359 0.408 0.42 0.397 0.366 0.375 0.35 0.369 0.397 0.353 0.376 0.391 0.42 0.382 0.38 0.402 0.389 0.395 0.404 0.389 0.391 0.386 0.366 0.291 0.383 0.371 0.473 0.509 0.41 0.405
0.498 0.511 0.538 0.354 0.34 0.409 0.405 0.457 0.463 0.428 0.403 0.441 0.432 0.457 0.459 0.436 0.442 0.425 0.44 0.442 0.459 0.492 0.514 0.458 0.421 0.394 0.393 0.409 0.411 0.372 0.376 0.376 0.342 0.361 0.374 0.349 0.349 0.343 0.358 0.392 0.44 0.342 0.332 0.339 0.358 0.371 0.375 0.36 0.426 0.426 0.377 0.38 0.326 0.423 0.392 0.419 0.453 0.375 0.321 0.36 0.385 0.413 0.397 0.397 0.397 0.412 0.394 0.369 0.328 0.355 0.356 0.406 0.438 0.461 0.44 0.452 0.522
0.454 0.537 0.527 0.381 0.342 0.508 0.503 0.471 0.438 0.477 0.396 0.427 0.463 0.432 0.401 0.385 0.464 0.463 0.408 0.401 0.43 0.472 0.522 0.497 0.41 0.411 0.383 0.415 0.389 0.383 0.431 0.382 0.366 0.367 0.368 0.343 0.344 0.362 0.434 0.437 0.377 0.344 0.37 0.37 0.364 0.406 0.442 0.448 0.364 0.182 0.313 0.374 0.362 0.367 0.378 0.424 0.406 0.37 0.273 0.342 0.399 0.4 0.388 0.397 0.403 0.383 0.395 0.402 0.312 0.349 0.476 0.501 0.473 0.453 0.512 0.496 0.504
0.504 0.51 0.48 0.444 0.48 0.501 0.451 0.411 0.418 0.427 0.476 0.449 0.424 0.414 0.454 0.43 0.42 0.437 0.421 0.419 0.43 0.447 0.504 0.46 0.437 0.374 0.415 0.415 0.368 0.384 0.409 0.406 0.443 0.362 0.34 0.356 0.359 0.364 0.45 0.385 0.378 0.345 0.365 0.384 0.375 0.383 0.391 0.395 0.368 0.328 0.361 0.38 0.382 0.372 0.373 0.383 -9999 0.405 0.374 0.411 0.434 0.412 0.41 0.379 0.381 0.404 0.4 0.387 0.386 0.46 0.532 0.515 0.513 0.521 0.538 0.541 0.498
0.38 0.449 0.49 0.492 0.463 0.461 0.461 0.47 0.436 0.483 0.436 0.414 0.476 0.423 0.441 0.4 0.35 0.351 0.41 0.407 0.401 0.427 0.478 0.421 0.373 0.383 0.395 0.401 0.457 0.471 0.471 0.435 0.388 0.413 0.36 0.386 0.405 0.4 0.375 0.342 0.353 0.416 0.408 0.416 0.401 0.443 0.413 0.361 -0.3 -0.3 -9999 -9999 -9999 -9999 0.297 -9999 -9999 -9999 0.391 0.412 0.449 0.409 0.428 0.383 0.344 0.328 0.339 0.41 0.494 0.51 0.53 0.549 0.56 0.597 0.633 0.584 0.574
0.414 0.409 0.439 0.466 0.476 0.429 0.467 0.5 0.412 0.473 0.433 0.442 0.452 0.57 0.544 0.505 0.477 0.37 0.416 0.423 0.417 0.477 0.478 0.412 0.387 0.476 0.469 0.493 0.446 0.424 0.457 0.39 0.374 0.377 0.391 0.426 0.386 0.431 0.379 0.353 0.392 0.474 0.373 0.387 0.421 0.399 0.375 0.376 -9999 -9999 -9999 -9999 -9999 -9999 -9999 -9999 -9999 -9999 0.344 0.366 0.369 0.379 0.377 0.388 0.345 0.381 0.387 0.41 0.523 0.505 0.533 0.548 0.584 0.601 0.55 0.568 0.563
0.468 0.482 0.417 0.424 0.444 0.479 0.505 0.499 0.504 0.431 0.397 0.41 0.443 0.572 0.498 0.49 0.497 0.521 0.472 0.457 0.507 0.523 0.486 0.477 0.466 0.497 0.454 0.447 0.442 0.426 0.43 0.443 0.444 0.437 0.431 0.4 0.392 0.373 0.397 0.429 0.431 0.432 0.426 0.397 0.426 0.425 0.356 0.397 -9999 -9999 -9999 -9999 -9999 -9999 -9999 -9999 -9999 -9999 -9999 -9999 0.269 0.313 0.33 0.365 0.444 0.397 0.432 0.43 0.498 0.553 0.546 0.533 0.516 0.514 0.55 0.558 0.553
0.468 0.525 0.558 0.504 0.538 0.473 0.482 0.44 0.437 0.381 0.397 0.396 0.474 0.602 0.56 0.547 0.502 0.565 0.453 0.421 0.48 0.471 0.502 0.421 0.478 0.49 0.475 0.461 0.394 0.409 0.473 0.431 0.416 0.403 0.384 0.423 0.457 0.422 0.394 0.419 0.413 0.412 0.354 0.371 0.434 0.313 -9999 -9999 -9999 -9999 -9999 -9999 -9999 -9999 -9999 -9999 -9999 -9999 -9999 -9999 0.189 0.228 0.282 0.252 0.365 0.449 0.51 0.406 0.527 0.559 0.553 0.525 0.492 0.507 0.532 0.544 0.56
