data/china_ndvi_max_1983.asc
ncols         710
nrows         510
xllcorner     70
yllcorner     10
cellsize      0.1
NODATA_value  -9999
[rows 204 to 237 of 510, columns 154 to 230 of 710]
0.049 0.049 0.05 0.048 0.049 0.049 0.049 0.048 0.048 0.048 0.048 0.049 0.05 0.049 0.05 0.049 0.049 0.05 0.05 0.05 0.065 0.047 0.091 0.09 0.084 0.094 0.054 0.052 0.047 0.039 0.037 0.034 0.032 0.036 0.037 0.037 0.037 0.037 0.038 0.037 0.039 0.04 0.04 0.036 0.036 0.037 0.046 0.05 0.036 -0.3 0.037 0.037 0.043 0.048 0.035 0.042 0.051 0.048 0.053 0.044 0.045 0.046 0.041 0.042 0.042 0.043 0.04 0.038 0.038 0.041 0.047 0.043 0.059 0.068 0.08 0.069 0.049
0.053 0.057 0.052 0.053 0.053 0.052 0.053 0.053 0.054 0.054 0.054 0.054 0.053 0.053 0.053 0.052 0.051 0.05 0.05 0.05 0.051 0.049 0.048 0.048 0.048 0.052 0.065 0.063 0.086 0.099 0.075 0.041 0.043 0.041 0.04 0.04 0.041 0.041 0.04 0.039 0.042 0.042 0.043 0.041 0.039 0.04 0.04 0.041 0.034 -0.3 0.037 0.052 0.053 0.053 0.055 0.055 0.043 0.042 0.038 0.046 0.042 0.039 0.042 0.04 0.045 0.053 0.051 0.059 0.075 0.079 0.074 0.076 0.072 0.06 0.053 0.051 0.063
0.056 0.057 0.056 0.056 0.055 0.055 0.054 0.055 0.054 0.054 0.054 0.054 0.054 0.053 0.053 0.052 0.052 0.051 0.051 0.051 0.051 0.049 0.048 0.048 0.048 0.048 0.051 0.077 0.064 0.073 0.069 0.046 0.045 0.043 0.041 0.041 0.042 0.042 0.042 0.042 0.043 0.043 0.041 0.04 0.038 0.039 0.04 0.039 0.037 -0.3 -0.3 0.052 0.052 0.051 0.053 0.054 0.045 0.046 0.05 0.049 0.047 0.049 0.056 0.065 0.069 0.07 0.07 0.069 0.068 0.073 0.077 0.064 0.056 0.053 0.048 0.038 0.077
0.055 0.057 0.057 0.057 0.057 0.057 0.056 0.055 0.056 0.055 0.055 0.054 0.055 0.054 0.053 0.053 0.052 0.052 0.052 0.051 0.053 0.048 0.049 0.048 0.047 0.048 0.05 0.058 0.06 0.065 0.06 0.044 0.044 0.044 0.043 0.042 0.042 0.043 0.043 0.043 0.043 0.043 0.041 0.041 0.04 0.04 0.045 0.04 0.039 0.04 -0.3 0.053 0.052 0.052 0.055 0.053 0.051 0.055 0.054 0.056 0.059 0.06 0.067 0.072 0.067 0.062 0.065 0.068 0.069 0.064 0.063 0.055 0.051 0.048 0.041 0.035 0.068
0.058 0.059 0.06 0.06 0.059 0.059 0.057 0.057 0.057 0.056 0.056 0.055 0.056 0.054 0.054 0.053 0.053 0.053 0.052 0.05 0.052 0.051 0.051 0.05 0.049 0.05 0.049 0.049 0.06 0.065 0.074 0.044 0.044 0.046 0.044 0.043 0.043 0.042 0.044 0.044 0.046 0.044 0.043 0.041 0.042 0.043 0.046 0.048 0.046 0.048 0.052 0.051 0.049 0.051 0.054 0.054 0.057 0.057 0.056 0.058 0.058 0.062 0.064 0.061 0.062 0.066 0.062 0.062 0.06 0.057 0.055 0.047 0.042 0.037 0.034 0.03 0.054
0.06 0.061 0.061 0.061 0.061 0.06 0.059 0.058 0.059 0.057 0.057 0.056 0.056 0.056 0.054 0.054 0.053 0.053 0.053 0.052 0.052 0.051 0.052 0.051 0.05 0.051 0.05 0.051 0.055 0.053 0.068 0.047 0.045 0.045 0.043 0.044 0.044 0.044 0.045 0.046 0.046 0.044 0.043 0.043 0.043 0.046 0.048 0.048 0.048 0.051 0.048 0.051 0.051 0.052 0.057 0.058 0.057 0.058 0.06 0.063 0.059 0.06 0.064 0.063 0.061 0.061 0.061 0.057 0.055 0.053 0.051 0.041 0.038 0.039 0.037 0.037 0.038
0.061 0.061 0.06 0.062 0.061 0.06 0.06 0.059 0.057 0.056 0.056 0.056 0.056 0.057 0.055 0.054 0.054 0.054 0.053 0.054 0.053 0.053 0.053 0.053 0.053 0.053 0.051 0.052 0.053 0.05 0.051 0.051 0.048 0.048 0.045 0.045 0.044 0.045 0.045 0.044 0.044 0.041 0.043 0.049 0.048 0.042 0.055 0.06 0.06 0.061 0.061 0.052 0.051 0.046 0.032 0.034 0.042 0.051 0.06 0.067 0.067 0.056 0.052 0.056 0.052 0.053 0.051 0.049 0.05 0.049 0.048 0.046 0.044 0.044 0.042 0.05 0.047
0.06 0.06 0.06 0.061 0.06 0.059 0.057 0.057 0.057 0.055 0.056 0.055 0.056 0.056 0.056 0.054 0.054 0.054 0.054 0.053 0.054 0.053 0.053 0.054 0.054 0.054 0.052 0.053 0.051 0.049 0.056 0.056 0.052 0.049 0.045 0.045 0.045 0.045 0.044 0.042 0.043 0.047 0.053 0.057 0.049 0.048 0.051 0.057 0.059 0.06 0.06 0.044 0.035 0.035 0.033 0.04 0.059 0.064 0.067 0.067 0.057 0.055 0.055 0.055 0.052 0.051 0.053 0.057 0.058 0.054 0.055 0.049 0.05 0.05 0.052 0.056 0.058
0.06 0.063 0.062 0.06 0.059 0.059 0.056 0.055 0.055 0.054 0.054 0.053 0.054 0.054 0.054 0.053 0.054 0.055 0.054 0.053 0.054 0.054 0.054 0.055 0.055 0.053 0.053 0.051 0.047 0.047 0.046 0.051 0.049 0.046 0.045 0.045 0.043 0.04 0.041 0.041 0.045 0.07 0.083 0.082 0.057 0.058 0.054 0.058 0.057 0.054 0.04 0.04 0.038 0.039 0.044 0.052 0.061 0.065 0.065 0.059 0.053 0.057 0.055 0.058 0.056 0.052 0.06 0.068 0.069 0.068 0.07 0.059 0.063 0.068 0.065 0.06 0.063
0.062 0.061 0.061 0.059 0.059 0.059 0.056 0.054 0.053 0.053 0.051 0.051 0.05 0.05 0.053 0.056 0.053 0.055 0.055 0.054 0.054 0.054 0.054 0.054 0.054 0.052 0.051 0.043 0.046 0.048 0.049 0.048 0.046 0.047 0.047 0.047 0.041 0.042 0.039 0.047 0.051 0.082 0.088 0.069 0.054 0.058 0.054 0.055 0.058 0.052 0.041 0.038 0.046 0.045 0.06 0.069 0.06 0.065 0.063 0.06 0.062 0.059 0.052 0.058 0.06 0.056 0.066 0.073 0.068 0.06 0.056 0.071 0.073 0.071 0.061 0.056 0.053
0.062 0.06 0.06 0.059 0.058 0.057 0.056 0.054 0.052 0.052 0.052 0.051 0.05 0.05 0.05 0.052 0.051 0.054 0.055 0.055 0.054 0.054 0.054 0.054 0.053 0.052 0.085 0.044 0.036 0.047 0.055 0.047 0.048 0.048 0.048 0.046 0.045 0.044 0.05 0.059 0.084 0.067 0.057 0.044 0.039 0.037 0.038 0.044 0.047 0.042 0.045 0.042 0.053 0.054 0.066 0.072 0.061 0.066 0.065 0.062 0.063 0.061 0.053 0.057 0.062 0.059 0.071 0.075 0.061 0.045 0.045 0.056 0.06 0.058 0.06 0.061 0.059
0.059 0.056 0.056 0.055 0.054 0.055 0.052 0.052 0.052 0.054 0.05 0.049 0.048 0.049 0.05 0.055 0.054 0.053 0.054 0.054 0.055 0.057 0.05 0.053 0.062 0.112 0.063 0.058 0.049 0.044 0.044 0.052 0.052 0.048 0.063 0.077 0.052 0.052 0.055 0.071 0.142 0.029 0.046 0.035 0.037 0.038 0.037 0.042 0.038 0.042 0.04 0.047 0.05 0.053 0.063 0.068 0.068 0.074 0.072 0.065 0.068 0.067 0.072 0.071 0.06 0.054 0.06 0.057 0.041 0.036 0.042 0.054 0.06 0.066 0.071 0.069 0.074
0.058 0.056 0.056 0.055 0.054 0.053 0.051 0.051 0.051 0.051 0.05 0.049 0.049 0.049 0.053 0.052 0.049 0.049 0.052 0.054 0.059 0.086 0.067 0.076 0.114 0.097 0.08 0.06 0.051 0.045 0.043 0.067 0.097 0.097 0.112 0.178 0.141 0.103 0.07 0.075 0.047 0.047 0.042 0.038 0.031 0.036 0.037 0.037 0.045 0.048 0.05 0.052 0.065 0.068 0.074 0.076 0.078 0.079 0.081 0.075 0.074 0.068 0.065 0.063 0.062 0.06 0.053 0.053 0.05 0.044 0.054 0.066 0.076 0.085 0.079 0.078 0.082
0.057 0.055 0.056 0.055 0.052 0.052 0.051 0.051 0.051 0.049 0.05 0.051 0.048 0.049 0.048 0.048 0.047 0.046 0.048 0.057 0.065 0.044 0.045 0.045 0.048 0.051 0.05 0.052 0.065 0.052 0.046 -0.121 0.073 0.044 0.025 0.053 0.038 0.037 0.037 0.03 0.03 0.044 0.031 0.036 0.038 0.045 0.048 0.052 0.059 0.063 0.063 0.059 0.058 0.071 0.077 0.073 0.086 0.088 0.078 0.079 0.073 0.07 0.079 0.08 0.079 0.075 0.07 0.074 0.067 0.062 0.072 0.078 0.085 0.096 0.096 0.09 0.094
0.057 0.055 0.055 0.055 0.052 0.052 0.052 0.05 0.049 0.053 0.054 0.047 0.047 0.047 0.045 0.045 0.047 0.042 0.043 0.07 0.051 0.039 0.051 0.048 0.048 0.047 0.05 0.074 0.085 0.088 0.044 0.049 0.026 0.026 0.045 0.031 0.036 0.033 0.034 0.031 0.028 0.048 0.044 0.047 0.049 0.059 0.061 0.071 0.08 0.091 0.078 0.056 0.056 0.061 0.069 0.066 0.071 0.072 0.079 0.08 0.07 0.084 0.088 0.082 0.083 0.074 0.063 0.072 0.078 0.072 0.081 0.083 0.086 0.073 0.063 0.062 0.058
0.057 0.055 0.053 0.054 0.052 0.051 0.052 0.052 0.051 0.05 0.05 0.048 0.047 0.047 0.047 0.049 0.042 0.043 0.052 0.044 0.035 0.055 0.062 0.064 0.055 0.064 0.078 0.175 0.189 0.12 0.128 0.069 0.032 0.036 0.041 0.038 0.042 0.042 0.039 0.044 0.041 0.045 0.057 0.061 0.066 0.067 0.065 0.077 0.07 0.068 0.07 0.06 0.061 0.065 0.076 0.07 0.086 0.077 0.073 0.069 0.053 0.068 0.066 0.058 0.053 0.055 0.057 0.058 0.051 0.058 0.068 0.072 0.063 0.043 0.029 0.031 0.037
0.057 0.055 0.053 0.053 0.054 0.05 0.051 0.051 0.052 0.052 0.051 0.05 0.047 0.043 0.041 0.044 0.045 0.047 0.053 0.069 0.072 0.106 0.119 0.121 0.092 0.025 0.024 0.017 0.035 0.035 0.042 0.044 0.054 0.048 0.048 0.043 0.063 0.066 0.067 0.064 0.064 0.077 0.073 0.07 0.089 0.086 0.057 0.062 0.056 0.054 0.053 0.05 0.049 0.046 0.045 0.052 0.051 0.053 0.06 0.053 0.053 0.055 0.06 0.055 0.053 0.052 0.052 0.047 0.045 0.04 0.04 0.052 0.049 0.049 0.049 0.05 0.052
0.057 0.055 0.054 0.055 0.053 0.05 0.051 0.051 0.052 0.05 0.049 0.046 0.052 0.07 0.078 0.063 0.054 0.087 0.09 0.105 0.124 0.092 0.081 0.069 0.044 0.035 0.036 0.037 0.048 0.047 0.048 0.065 0.085 0.065 0.053 0.049 0.068 0.069 0.072 0.071 0.062 0.054 0.055 0.045 0.044 0.048 0.059 0.055 0.055 0.049 0.048 0.046 0.041 0.04 0.041 0.05 0.053 0.049 0.047 0.045 0.045 0.041 0.043 0.049 0.056 0.051 0.052 0.05 0.043 0.048 0.051 0.048 0.044 0.046 0.048 0.045 0.052
0.057 0.055 0.055 0.052 0.05 0.052 0.049 0.048 0.046 0.047 0.057 0.121 0.1 0.061 0.057 0.051 0.063 0.08 0.103 0.135 0.205 0.03 0.031 0.033 0.036 0.038 0.047 0.051 0.053 0.069 0.083 0.067 0.059 0.069 0.071 0.054 0.062 0.068 0.066 0.064 0.069 0.05 0.05 0.049 0.047 0.043 0.052 0.051 0.047 0.037 0.033 0.046 0.053 0.046 0.035 0.031 0.043 0.046 0.043 0.056 0.056 0.057 0.051 0.054 0.053 0.054 0.046 0.053 0.045 0.052 0.053 0.048 0.046 0.048 0.048 0.051 0.051
0.057 0.054 0.052 0.053 0.054 0.051 0.046 0.057 0.093 0.155 0.132 0.061 0.057 0.05 0.043 0.064 0.034 0.036 0.042 0.029 0.033 0.033 0.035 0.034 0.043 0.048 0.053 0.061 0.067 0.054 0.07 0.074 0.068 0.071 0.058 0.059 0.081 0.075 0.058 0.054 0.047 0.042 0.044 0.045 0.046 0.043 0.042 0.039 0.041 0.048 0.048 0.046 0.031 0.025 0.035 0.036 0.036 0.043 0.04 0.049 0.053 0.053 0.051 0.046 0.046 0.048 0.049 0.045 0.05 0.048 0.05 0.045 0.048 0.044 0.048 0.046 0.046
0.055 0.054 0.052 0.052 0.067 0.091 0.146 0.13 0.108 0.09 0.059 0.053 0.049 0.046 0.039 0.038 0.034 0.038 0.038 0.032 0.032 0.034 0.036 0.038 0.048 0.052 0.056 0.054 0.062 0.066 0.06 0.062 0.056 0.065 0.068 0.065 0.069 0.07 0.06 0.05 0.051 0.048 0.052 0.049 0.043 0.042 0.048 0.044 0.053 0.056 0.056 0.031 0.029 0.034 0.037 0.041 0.043 0.036 0.047 0.052 0.049 0.053 0.049 0.05 0.052 0.054 0.052 0.046 0.044 0.045 0.048 0.044 0.049 0.045 0.043 0.045 0.05
0.069 0.187 0.119 0.101 0.112 0.113 0.068 0.072 0.071 0.047 0.044 0.041 0.043 0.041 0.038 0.035 0.035 0.043 0.047 0.041 0.043 0.051 0.052 0.055 0.06 0.065 0.097 0.062 0.055 0.064 0.065 0.065 0.074 0.076 0.097 0.079 0.09 0.072 0.071 0.067 0.075 0.057 0.054 0.042 0.054 0.054 0.055 0.035 0.042 0.052 0.053 0.037 0.046 0.04 0.049 0.051 0.054 0.051 0.039 0.041 0.05 0.052 0.053 0.055 0.054 0.054 0.051 0.044 0.05 0.052 0.049 0.041 0.047 0.051 0.047 0.043 0.039
0.125 0.228 0.172 0.124 0.114 0.077 0.051 0.046 0.044 0.044 0.042 0.041 0.041 0.04 0.034 0.038 0.043 0.051 0.053 0.057 0.058 0.054 0.057 0.069 0.071 0.074 0.078 0.066 0.062 0.063 0.067 0.079 0.087 0.084 0.062 0.061 0.054 0.084 0.061 0.034 0.067 0.03 0.048 0.048 0.054 0.058 0.056 0.048 0.032 0.065 0.073 0.069 0.098 0.063 0.046 0.057 0.056 0.051 0.049 0.037 0.037 0.049 0.048 0.05 0.053 0.055 0.049 0.044 0.054 0.057 0.054 0.048 0.049 0.05 0.053 0.046 0.04
0.132 0.118 0.051 0.045 0.044 0.044 0.045 0.045 0.045 0.041 0.035 0.044 0.049 0.047 0.045 0.048 0.049 0.048 0.053 0.058 0.067 0.058 0.061 0.062 0.086 0.072 0.069 0.064 0.064 0.065 0.067 0.078 0.082 0.039 0.046 0.036 0.061 0.071 0.055 0.042 0.06 0.046 0.057 0.056 0.054 0.056 0.053 0.05 0.041 0.052 0.111 0.093 0.092 0.069 -0.034 0.043 0.055 0.048 0.05 0.052 0.044 0.038 0.041 0.047 0.05 0.053 0.051 0.046 0.053 0.054 0.057 0.049 0.051 0.051 0.053 0.049 0.041
0.039 0.218 0.063 0.044 0.045 0.044 0.045 0.046 0.047 0.043 0.042 0.056 0.059 0.053 0.056 0.057 0.059 0.051 0.06 0.079 0.091 0.075 0.075 0.066 0.077 0.072 0.085 0.069 0.067 0.07 0.071 0.064 0.052 0.054 0.064 0.061 0.061 0.056 0.058 0.059 0.056 0.027 0.043 0.051 0.045 0.042 0.042 0.043 0.039 0.038 0.067 0.096 0.202 0.25 -0.3 -0.043 0.056 0.053 0.048 0.048 0.051 0.039 0.029 0.041 0.046 0.048 0.051 0.05 0.057 0.054 0.052 0.057 0.064 0.054 0.053 0.052 0.042
0.032 0.069 0.07 0.045 0.044 0.043 0.045 0.048 0.046 0.049 0.052 0.052 0.049 0.054 0.064 0.07 0.062 0.057 0.057 0.07 0.081 0.072 0.07 0.07 0.076 0.078 0.06 0.063 0.069 0.076 0.078 0.053 0.044 0.054 0.058 0.052 0.055 0.052 0.045 0.072 0.089 0.067 0.048 0.048 0.052 0.056 0.046 0.047 0.046 0.037 0.042 0.028 0.04 0.049 0.037 -0.3 0.027 0.043 0.045 0.047 0.048 0.043 0.041 0.037 0.038 0.041 0.046 0.044 0.051 0.054 0.052 0.048 0.056 0.053 0.053 0.055 0.047
0.038 0.038 0.036 0.047 0.046 0.048 0.053 0.057 0.058 0.065 0.066 0.063 0.062 0.069 0.074 0.066 0.065 0.045 0.052 0.03 -0.007 0.065 0.057 0.061 0.068 0.078 0.062 0.059 0.057 0.051 0.044 0.06 0.079 0.082 0.062 0.047 0.059 0.063 0.076 0.086 0.082 0.071 0.069 0.068 0.067 0.069 0.076 0.083 0.097 0.109 0.091 0.078 0.069 0.063 0.054 0.049 0.048 0.048 0.04 0.041 0.045 0.048 0.041 0.037 0.043 0.036 0.036 0.041 0.046 0.045 0.052 0.058 0.059 0.066 0.061 0.06 0.052
0.043 0.042 0.041 0.048 0.049 0.054 0.06 0.062 0.067 0.086 0.1 0.074 0.062 0.058 0.042 0.049 0.049 0.048 0.045 0.048 0.046 0.056 0.048 0.076 0.073 0.074 0.087 0.084 0.096 0.092 0.085 0.079 0.093 0.066 0.049 0.046 0.061 0.061 0.056 0.048 0.065 0.069 0.07 0.068 0.071 0.067 0.068 0.063 0.065 0.059 0.067 0.082 0.084 0.08 0.072 0.062 0.058 0.058 0.051 0.045 0.048 0.052 0.047 0.052 0.06 0.041 0.036 0.037 0.042 0.049 0.049 0.054 0.056 0.059 0.059 0.057 0.06
0.044 0.046 0.045 0.051 0.058 0.061 0.07 0.083 0.104 0.109 0.105 0.052 0.057 0.073 0.092 0.075 0.037 0.035 0.029 0.047 0.069 0.066 0.063 0.077 0.067 0.066 0.084 0.039 0.042 0.032 0.061 0.042 0.046 0.052 0.059 0.052 0.052 0.053 0.057 0.054 0.06 0.066 0.07 0.085 0.082 0.075 0.068 0.063 0.071 0.073 0.065 0.071 0.077 0.07 0.089 0.082 0.076 0.072 0.066 0.058 0.055 0.051 0.04 0.034 0.05 0.045 0.041 0.045 0.046 0.046 0.048 0.055 0.055 0.058 0.057 0.062 0.059
0.041 0.051 0.049 0.057 0.067 0.074 0.083 0.099 0.098 0.088 0.076 0.055 0.068 0.056 0.084 0.081 0.047 0.038 0.042 0.057 0.065 0.112 0.106 0.067 0.064 0.061 0.02 0.012 0.013 0.046 0.042 0.058 0.061 0.068 0.055 0.049 0.052 0.045 -0.3 0.019 -0.006 0.033 0.045 0.06 0.098 0.108 0.077 0.078 0.076 0.073 0.069 0.067 0.069 0.066 0.07 0.091 0.078 0.084 0.072 0.07 0.063 0.059 0.053 0.045 0.039 0.04 0.042 0.051 0.057 0.057 0.054 0.048 0.051 0.052 0.06 0.061 0.057
0.046 0.062 0.061 0.067 0.075 0.072 0.11 0.111 0.087 0.078 0.064 0.055 0.05 0.043 0.059 0.064 0.073 0.07 0.061 0.059 0.066 0.082 0.072 0.083 0.043 0.042 0.025 0.04 0.03 0.065 0.067 0.078 0.074 0.064 0.061 0.054 0.041 0.023 -0.3 -0.3 -0.3 -0.3 -0.3 -0.06 0.067 0.067 0.077 0.09 0.085 0.088 0.07 0.077 0.074 0.076 0.07 0.07 0.077 0.091 0.099 0.09 0.075 0.073 0.074 0.064 0.051 0.048 0.039 0.042 0.048 0.058 0.058 0.046 0.046 0.054 0.053 0.059 0.058
0.073 0.084 0.098 0.116 0.097 0.088 0.054 0.06 0.049 0.049 0.043 0.046 0.054 0.054 0.064 0.061 0.052 0.055 0.059 0.078 0.076 0.056 0.059 0.003 -0.008 0.051 0.053 0.05 0.055 0.053 0.056 0.077 0.076 0.07 0.065 0.067 0.061 0.059 0.057 0.056 0.051 0.057 0.059 0.057 0.055 0.055 0.049 0.059 0.1 0.065 0.078 0.064 0.129 0.106 0.106 0.127 0.1 0.1 0.083 0.068 0.068 0.077 0.07 0.063 0.056 0.05 0.052 0.051 0.049 0.046 0.046 0.046 0.048 0.058 0.061 0.083 0.052
0.112 0.131 0.122 0.09 0.017 0.057 0.036 0.034 0.05 0.051 0.046 0.056 0.057 0.057 0.058 0.045 0.036 0.051 0.043 0.049 0.046 0.042 0.044 0.051 0.064 0.08 0.063 0.066 0.064 0.071 0.065 0.066 0.066 0.066 0.064 0.063 0.063 0.061 0.061 0.059 0.056 0.06 0.061 0.063 0.064 0.062 0.053 0.064 0.056 0.056 0.1 0.08 0.069 0.095 0.097 0.069 0.075 0.067 0.073 0.102 0.077 0.075 0.073 0.072 0.064 0.056 0.054 0.057 0.054 0.047 0.042 0.082 0.07 0.058 0.067 0.069 0.099
0.147 0.068 0.037 0.041 0.019 0.028 0.037 0.047 0.047 0.049 0.055 0.049 0.053 0.056 0.046 0.051 0.044 0.06 0.051 0.057 0.037 0.046 0.052 0.062 0.061 0.053 0.042 0.054 0.063 0.059 0.051 0.063 0.062 0.061 0.063 0.068 0.066 0.074 0.082 0.067 0.057 0.062 0.068 0.067 0.06 0.063 0.067 0.06 0.054 0.057 0.06 0.051 0.059 0.069 0.064 0.057 0.057 0.059 0.066 0.11 0.118 0.089 0.082 0.08 0.067 0.064 0.054 0.056 0.055 0.049 0.048 0.063 0.178 0.102 0.069 0.182 0.15
