data/china_ndvi_max_1997.asc
ncols         710
nrows         510
xllcorner     70
yllcorner     10
cellsize      0.1
NODATA_value  -9999
[rows 170 to 203 of 510, columns 154 to 230 of 710]
0.407 0.394 0.441 0.377 0.311 0.381 0.329 0.257 0.296 0.21 0.194 0.13 0.139 0.143 0.136 0.156 0.128 0.151 0.203 0.226 0.178 0.178 0.177 0.153 0.197 0.301 0.427 0.409 0.306 0.048 0.16 0.146 0.261 0.384 0.312 0.234 0.182 0.184 0.157 0.22 0.224 0.188 0.283 0.242 0.248 0.23 0.159 0.115 0.154 0.21 0.114 0.105 0.093 0.1 0.1 0.098 0.092 0.105 0.124 0.119 0.118 0.159 0.231 0.192 0.145 0.147 0.164 0.126 0.106 0.1 0.09 0.133 0.136 0.113 0.083 0.094 0.114
0.273 0.245 0.171 0.305 0.398 0.493 0.442 0.372 0.413 0.42 0.388 0.253 0.236 0.208 0.156 0.123 0.182 0.16 0.129 0.108 0.133 0.146 0.164 0.17 0.229 0.376 0.333 0.249 0.175 0.036 0.174 0.04 0.145 0.229 0.358 0.346 0.271 0.27 0.214 0.203 0.215 0.239 0.271 0.224 0.262 0.212 0.183 0.181 0.194 0.202 0.119 0.103 0.095 0.09 0.093 0.087 0.093 0.105 0.125 0.136 0.125 0.138 0.107 0.11 0.138 0.097 0.104 0.097 0.097 0.109 0.095 0.123 0.132 0.113 0.098 0.093 0.156
0.209 0.09 0.157 0.312 0.297 0.273 0.347 0.371 0.372 0.317 0.418 0.43 0.453 0.405 0.265 0.175 0.148 0.13 0.113 0.123 0.125 0.161 0.143 0.174 0.201 0.2 0.169 0.181 0.18 0.165 0.171 0.174 0.138 0.169 0.163 0.146 0.398 0.405 0.411 0.44 0.375 0.283 0.252 0.251 0.258 0.239 0.32 0.352 0.371 0.221 0.184 0.169 0.141 0.136 0.112 0.092 0.101 0.132 0.163 0.129 0.107 0.073 0.084 0.059 0.071 0.099 0.135 0.132 0.119 0.101 0.095 0.095 0.116 0.116 0.047 0.176 0.245
-0.013 0.174 0.22 0.242 0.189 0.093 0.242 0.295 0.278 0.305 0.436 0.442 0.335 0.292 0.32 0.23 0.16 0.138 0.141 0.152 0.197 0.127 0.178 0.13 0.089 0.077 0.093 0.118 0.155 0.156 0.153 0.211 0.203 0.238 0.097 0.117 0.218 0.197 0.243 0.407 0.522 0.397 0.312 0.307 0.303 0.356 0.48 0.452 0.397 0.382 0.371 0.304 0.254 0.26 0.205 0.129 0.187 0.173 0.15 0.113 0.095 0.045 0.043 0.063 0.102 0.083 0.129 0.13 0.116 0.106 0.116 0.123 0.108 0.124 0.01 0.298 0.265
0.008 0.168 0.166 0.182 0.157 0.074 0.193 0.078 0.181 0.236 0.394 0.462 0.43 0.347 0.303 0.33 0.234 0.27 0.246 0.228 0.23 0.122 0.111 0.147 0.107 0.099 0.062 0.072 0.083 0.099 0.122 0.127 0.154 0.195 0.188 0.13 0.156 0.127 0.194 0.203 0.324 0.453 0.477 0.452 0.425 0.459 0.389 0.283 0.276 0.317 0.397 0.313 0.3 0.28 0.228 0.227 0.176 0.161 0.146 0.07 0.059 0.032 0.032 0.057 0.08 0.083 0.114 0.14 0.143 0.155 0.151 0.197 0.201 0.188 0.225 0.244 0.216
0.097 -0 0.086 0.17 0.149 0.162 0.149 0.033 0.142 0.237 0.277 0.316 0.378 0.339 0.462 0.426 0.356 0.331 0.376 0.354 0.467 0.31 0.311 0.261 0.211 0.14 0.05 0.02 0.096 0.154 0.105 0.162 0.175 0.134 0.185 0.187 0.189 0.206 0.196 0.218 0.21 0.161 0.113 0.109 0.187 0.193 0.216 0.175 0.192 0.2 0.189 0.16 0.151 0.129 0.084 0.079 0.072 0.05 0.073 0.092 0.089 0.063 0.068 0.067 0.069 0.063 0.077 0.065 0.086 0.08 0.094 0.105 0.109 0.089 0.109 0.122 0.192
0.046 0.13 0.126 0.138 0.152 0.163 0.229 0.239 0.23 0.229 0.171 0.28 0.3 0.24 0.4 0.326 0.331 0.373 0.295 0.337 0.311 0.2 0.185 0.156 0.142 0.119 0.102 0.082 0.084 0.116 0.073 0.089 0.085 0.072 0.089 0.082 0.145 0.14 0.164 0.195 0.139 0.197 0.208 0.224 0.182 0.174 0.158 0.124 0.121 0.125 0.107 0.082 0.065 0.073 0.083 0.075 0.064 0.077 0.069 0.079 0.084 0.074 0.076 0.066 0.067 0.075 0.084 0.058 0.071 0.065 0.089 0.084 0.073 0.055 0.072 0.07 0.138
0.132 0.114 0.168 0.123 0.145 0.159 0.156 0.184 0.202 0.265 0.188 0.265 0.294 0.218 0.182 0.195 0.273 0.343 0.348 0.222 0.315 0.142 0.094 0.122 0.138 0.125 0.103 0.063 0.055 0.065 0.063 0.05 0.042 0.054 0.088 0.096 0.102 0.091 0.096 0.102 0.079 0.093 0.138 0.115 0.125 0.111 0.09 0.085 0.104 0.086 0.074 0.087 0.066 0.055 0.068 0.059 0.053 0.056 0.054 0.052 0.07 0.069 0.082 0.07 0.064 0.075 0.062 0.063 0.052 0.051 0.063 0.075 0.071 0.067 0.088 0.057 0.06
0.224 0.259 0.257 0.286 0.27 0.252 0.189 0.168 0.167 0.136 0.091 0.118 0.115 0.156 0.078 0.146 0.294 0.261 0.152 0.088 0.109 0.219 0.143 0.115 0.098 0.096 0.059 0.05 0.063 0.04 0.056 0.065 0.051 0.059 0.061 0.055 0.07 0.064 0.083 0.059 0.058 0.062 0.071 0.075 0.078 0.096 0.085 0.071 0.077 0.072 0.063 0.06 0.068 0.06 0.064 0.059 0.059 0.068 0.061 0.06 0.061 0.077 0.087 0.067 0.066 0.073 0.058 0.067 0.046 0.06 0.062 0.074 0.066 0.06 0.054 0.043 0.04
0.194 0.266 0.284 0.232 0.224 0.196 0.189 0.196 0.193 0.197 0.229 0.233 0.23 0.254 0.241 0.173 0.149 0.168 0.187 0.173 0.169 0.164 0.106 0.094 0.084 0.072 0.047 0.052 0.059 0.06 0.043 0.043 0.046 0.073 0.06 0.06 0.075 0.071 0.094 0.06 0.047 0.077 0.069 0.069 0.076 0.064 0.064 0.056 0.059 0.064 0.064 0.093 0.141 0.11 0.072 0.076 0.071 0.072 0.056 0.06 0.072 0.073 0.071 0.079 0.072 0.074 0.07 0.067 0.044 0.053 0.047 0.052 0.058 0.052 0.063 0.159 0.063
0.166 0.219 0.269 0.311 0.248 0.199 0.235 0.283 0.239 0.24 0.196 0.274 0.285 0.312 0.313 0.246 0.205 0.221 0.194 0.188 0.152 0.14 0.141 0.109 0.07 0.073 0.05 0.04 0.054 0.052 0.028 0.054 0.127 0.182 0.078 0.085 0.233 0.087 0.221 0.231 0.145 0.251 0.102 0.094 0.089 0.147 0.107 0.071 0.184 0.247 0.117 0.094 0.086 0.078 0.08 0.08 0.07 0.078 0.073 0.059 0.065 0.062 0.059 0.074 0.068 0.064 0.065 0.071 0.067 0.049 0.046 0.07 0.069 0.06 0.117 0.108 0.075
0.27 0.252 0.274 0.284 0.235 0.249 0.155 0.198 0.206 0.216 0.195 0.287 0.274 0.248 0.194 0.202 0.284 0.259 0.26 0.238 0.231 0.219 0.192 0.157 0.074 0.095 0.052 0.044 0.04 0.041 0.104 0.3 0.312 0.313 0.232 0.119 0.125 0.164 0.16 0.144 0.136 0.168 0.198 0.203 0.126 0.107 0.084 0.106 0.101 0.096 0.098 0.101 0.085 0.087 0.077 0.079 0.079 0.082 0.068 0.058 0.064 0.056 0.064 0.061 0.051 0.046 0.056 0.06 0.076 0.059 0.058 0.075 0.082 0.067 0.078 0.074 0.079
0.139 0.207 0.201 0.292 0.277 0.334 0.179 0.163 0.182 0.186 0.233 0.295 0.273 0.158 0.238 0.264 0.208 0.209 0.265 0.276 0.279 0.314 0.308 0.252 0.196 0.113 0.052 0.052 0.045 0.041 0.039 0.071 0.039 0.082 0.19 0.012 0.091 0.076 0.086 0.076 0.094 0.1 0.143 0.255 0.197 0.074 0.069 0.075 0.072 0.076 0.082 0.105 0.09 0.086 0.096 0.098 0.085 0.076 0.067 0.052 0.058 0.049 0.043 0.041 0.043 0.039 0.045 0.057 0.067 0.06 0.056 0.064 0.067 0.073 0.07 0.075 0.084
0.17 0.057 0.103 0.124 0.133 0.122 0.18 0.209 0.191 0.16 0.209 0.262 0.208 0.252 0.269 0.26 0.218 0.272 0.324 0.315 0.288 0.355 0.359 0.296 0.189 0.156 0.132 0.052 0.046 0.047 0.047 0.05 0.052 0.042 0.038 0.044 0.063 0.056 0.065 0.052 0.063 0.083 0.081 0.084 0.123 0.078 0.058 0.058 0.06 0.068 0.073 0.094 0.076 0.071 0.087 0.094 0.074 0.079 0.076 0.059 0.054 0.048 0.046 0.043 0.035 0.027 0.04 0.044 0.054 0.043 0.037 0.049 0.058 0.068 0.078 0.076 0.082
0.128 0.071 0.219 0.135 0.15 0.157 0.165 0.188 0.142 0.142 0.222 0.223 0.25 0.242 0.276 0.229 0.305 0.294 0.302 0.296 0.263 0.255 0.291 0.282 0.263 0.23 0.138 0.115 0.078 0.072 0.07 0.044 0.036 0.04 0.046 0.049 0.044 0.045 0.049 0.048 0.055 0.065 0.072 0.078 0.098 0.109 0.052 0.05 0.053 0.054 0.058 0.069 0.073 0.071 0.077 0.093 0.087 0.077 0.098 0.071 0.06 0.052 0.046 0.053 0.047 0.032 0.047 0.058 0.05 0.043 0.041 0.045 0.05 0.057 0.06 0.061 0.063
0.129 0.106 0.097 0.091 0.102 0.079 0.094 0.216 0.08 0.127 0.091 0.054 0.056 0.062 0.069 0.053 0.119 0.124 0.162 0.173 0.136 0.118 0.119 0.11 0.067 0.044 0.046 0.05 0.049 0.054 0.061 0.077 0.076 0.069 0.049 0.054 0.05 0.054 0.055 0.056 0.055 0.051 0.052 0.057 0.078 0.075 0.064 0.058 0.057 0.07 0.075 0.079 0.081 0.077 0.072 0.072 0.101 0.092 0.087 0.094 0.078 0.076 0.055 0.058 0.057 0.043 0.079 0.061 0.059 0.057 0.042 0.055 0.052 0.061 0.075 0.079 0.075
0.209 0.134 0.101 0.076 0.065 0.069 0.268 0.343 0.22 0.201 0.246 0.226 0.188 0.172 0.176 0.128 0.104 0.142 0.081 0.107 0.129 0.116 0.129 0.113 0.096 0.079 0.045 0.052 0.056 0.055 0.054 0.057 0.057 0.056 0.054 0.047 0.053 0.054 0.046 0.043 0.04 0.062 0.054 0.061 0.068 0.058 0.06 0.063 0.059 0.059 0.079 0.078 0.077 0.07 0.069 0.075 0.094 0.08 0.072 0.087 0.074 0.072 0.066 0.055 0.048 0.048 0.055 0.056 0.062 0.06 0.047 0.055 0.054 0.057 0.068 0.069 0.068
0.178 0.245 0.204 0.148 0.113 0.12 0.12 0.134 0.2 0.318 0.353 0.338 0.258 0.28 0.333 0.288 0.251 0.275 0.13 0.144 0.184 0.084 0.098 0.088 0.097 0.095 0.081 0.073 0.067 0.082 0.097 0.056 0.065 0.06 0.055 0.055 0.044 0.042 0.041 0.045 0.041 0.049 0.052 0.054 0.055 0.063 0.061 0.054 0.054 0.052 0.061 0.07 0.063 0.061 0.062 0.069 0.081 0.079 0.093 0.078 0.08 0.084 0.053 0.046 0.054 0.056 0.059 0.059 0.048 0.054 0.045 0.064 0.066 0.068 0.079 0.08 0.073
0.225 0.286 0.265 0.221 0.139 0.13 0.087 0.06 0.081 0.146 0.308 0.321 0.317 0.271 0.388 0.316 0.059 0.121 0.234 0.11 0.121 0.09 0.095 0.094 0.08 0.089 0.072 0.052 0.053 0.052 0.052 0.074 0.059 0.049 0.063 0.064 0.051 0.052 0.04 0.039 0.034 0.039 0.039 0.043 0.048 0.057 0.066 0.053 0.052 0.058 0.057 0.077 0.077 0.073 0.072 0.093 0.078 0.076 0.084 0.087 0.086 0.057 0.073 0.052 0.054 0.055 0.046 0.046 0.057 0.046 0.05 0.05 0.048 0.051 0.045 0.057 0.052
0.126 0.178 0.212 0.24 0.212 0.18 0.083 0.074 0.098 0.203 0.221 0.308 0.322 0.304 0.345 -0.3 -0.3 0.139 0.135 0.118 0.072 0.086 0.083 0.075 0.08 0.099 0.067 0.067 0.067 0.064 0.057 0.066 0.061 0.065 0.073 0.056 0.045 0.048 0.042 0.051 0.055 0.049 0.037 0.051 0.05 0.056 0.053 0.061 0.065 0.076 0.079 0.079 0.066 0.066 0.065 0.069 0.072 0.095 0.081 0.085 0.088 0.086 0.086 0.069 0.063 0.06 0.059 0.052 0.048 0.042 0.039 0.066 0.057 0.058 0.072 0.081 0.074
0.065 0.315 0.212 0.091 0.057 0.078 0.06 0.054 0.074 0.066 0.123 0.372 0.356 0.375 -0.3 0.037 0.081 0.091 0.104 0.127 -0.3 0.097 0.078 0.078 0.08 0.086 0.082 0.104 0.082 0.072 0.099 0.076 0.066 0.062 0.069 0.069 0.065 0.061 0.061 0.068 0.057 0.048 0.057 0.062 0.06 0.059 0.063 0.066 0.069 0.072 0.072 0.07 0.067 0.068 0.064 0.066 0.072 0.066 0.068 0.067 0.07 0.071 0.064 0.052 0.056 0.059 0.062 0.054 0.065 0.078 0.07 0.087 0.079 0.082 0.086 0.085 0.079
0.046 0.311 0.291 0.285 0.224 0.252 0.261 0.178 0.098 0.073 0.183 0.346 0.293 0.2 0.102 0.103 0.094 0.102 0.138 0.097 0.083 0.097 0.113 0.084 0.075 0.068 0.089 0.099 0.097 0.086 0.08 0.071 0.069 0.067 0.072 0.073 0.064 0.06 0.053 0.055 0.056 0.047 0.057 0.06 0.061 0.062 0.06 0.063 0.06 0.066 0.066 0.075 0.066 0.069 0.057 0.072 0.064 0.059 0.075 0.08 0.081 0.059 0.056 0.056 0.054 0.042 0.069 0.072 0.074 0.076 0.067 0.084 0.077 0.078 0.073 0.078 0.075
0.047 0.051 0.043 0.049 0.248 0.299 0.333 0.334 0.159 0.051 0.044 0.073 0.066 0.068 0.102 0.084 0.077 0.087 0.105 0.085 0.078 0.073 0.065 0.063 0.064 0.073 0.059 0.071 0.085 0.082 0.077 0.07 0.079 0.078 0.082 0.082 0.069 0.059 0.062 0.058 0.054 0.061 0.073 0.067 0.058 0.055 0.06 0.063 0.063 0.062 0.061 0.062 0.06 0.055 0.054 0.043 0.065 0.072 0.07 0.068 0.065 0.062 0.052 0.058 0.054 0.057 0.053 0.06 0.061 0.044 0.047 0.075 0.069 0.061 0.069 0.065 0.061
0.048 0.046 0.035 0.039 0.17 0.12 0.327 0.117 0.168 0.018 0.029 0.063 0.064 0.066 0.081 0.106 0.117 0.117 0.093 0.079 0.079 0.078 0.075 0.077 0.075 0.077 0.064 0.065 0.093 0.091 0.083 0.079 0.067 0.071 0.079 0.078 0.057 0.054 0.06 0.064 0.065 0.06 0.058 0.067 0.063 0.059 0.059 0.061 0.062 0.065 0.061 0.065 0.064 0.058 0.064 0.047 0.062 0.064 0.065 0.055 0.059 0.053 0.052 0.057 0.049 0.051 0.053 0.049 0.04 0.05 0.052 0.063 0.06 0.055 0.06 0.062 0.069
0.046 0.045 0.037 0.044 0.158 0.165 0.247 0.157 0.141 0.041 0.033 0.051 0.049 0.05 0.057 0.067 0.095 0.113 0.125 0.121 0.14 0.114 0.106 0.12 0.086 0.094 0.086 0.082 0.067 0.072 0.067 0.064 0.069 0.066 0.056 0.052 0.049 0.045 0.047 0.055 0.055 0.055 0.054 0.059 0.062 0.076 0.063 0.062 0.06 0.056 0.056 0.053 0.058 0.062 0.072 0.053 0.056 0.054 0.055 0.046 0.049 0.051 0.046 0.05 0.046 0.053 0.057 0.076 0.05 0.052 0.05 0.054 0.056 0.056 0.06 0.063 0.057
0.064 0.065 0.073 0.089 0.314 0.329 0.296 0.348 0.288 0.162 0.066 0.042 0.052 0.045 0.043 0.048 0.051 0.07 0.103 0.076 0.074 0.098 0.11 0.098 0.081 0.124 0.121 0.104 0.11 0.108 0.119 0.061 0.067 0.065 0.054 0.047 0.057 0.055 0.066 0.059 0.056 0.066 0.056 0.061 0.063 0.06 0.057 0.06 0.056 0.05 0.046 0.05 0.049 0.056 0.064 0.06 0.063 0.065 0.059 0.061 0.072 0.055 0.083 0.05 0.053 0.051 0.057 0.053 0.056 0.051 0.052 0.052 0.051 0.049 0.051 0.053 0.055
0.113 0.139 0.141 0.143 0.149 0.256 0.145 0.169 0.277 0.317 0.234 0.155 0.167 0.119 0.063 0.052 0.049 0.054 0.062 0.059 0.061 0.097 0.099 0.085 0.081 0.083 0.09 0.077 0.071 0.07 0.071 0.059 0.053 0.049 0.046 0.048 0.051 0.045 0.053 0.053 0.076 0.058 0.052 0.058 0.053 0.052 0.059 0.059 0.066 0.06 0.054 0.056 0.046 0.047 0.055 0.056 0.056 0.057 0.055 0.062 0.079 0.054 0.061 0.057 0.049 0.051 0.067 0.066 0.065 0.059 0.061 0.056 0.054 0.059 0.054 0.059 0.06
0.076 0.07 0.09 0.076 0.082 0.094 0.194 0.167 0.159 0.189 0.207 0.11 0.103 0.112 0.121 0.143 0.075 0.057 0.036 0.034 0.034 0.04 0.042 0.053 0.066 0.07 0.071 0.077 0.068 0.063 0.067 0.054 0.05 0.051 0.054 0.053 0.052 0.047 0.048 0.048 0.051 0.059 0.061 0.073 0.076 0.076 0.065 0.063 0.073 0.058 0.051 0.047 0.045 0.044 0.049 0.045 0.046 0.049 0.056 0.052 0.06 0.059 0.064 0.064 0.071 0.07 0.067 0.064 0.06 0.067 0.063 0.057 0.056 0.052 0.052 0.049 0.049
0.096 0.085 0.111 0.132 0.134 0.126 0.154 0.166 0.141 0.105 0.159 0.094 0.076 0.064 0.064 0.085 0.072 0.069 0.072 0.03 0.027 0.031 0.03 0.037 0.034 0.036 0.051 0.062 0.061 0.064 0.046 0.058 0.055 0.077 0.056 0.052 0.059 0.049 0.048 0.044 0.04 0.051 0.057 0.064 0.071 0.06 0.059 0.056 0.058 0.051 0.053 0.048 0.053 0.061 0.047 0.046 0.058 0.048 0.055 0.053 0.061 0.053 0.054 0.061 0.066 0.064 0.063 0.059 0.054 0.053 0.061 0.056 0.051 0.05 0.043 0.049 0.049
0.101 0.127 0.143 0.149 0.116 0.1 0.097 0.097 0.128 0.131 0.12 0.122 0.116 0.128 0.077 0.059 0.077 0.065 0.063 0.061 0.069 0.037 0.041 0.052 0.039 0.038 0.032 0.043 0.05 0.056 0.057 0.054 0.041 0.046 0.05 0.048 0.052 0.05 0.042 0.043 0.044 0.057 0.071 0.056 0.056 0.058 0.065 0.063 0.059 0.052 0.051 0.054 0.053 0.059 0.054 0.058 0.053 0.055 0.062 0.054 0.055 0.056 0.064 0.065 0.063 0.06 0.054 0.056 0.056 0.056 0.052 0.052 0.053 0.049 0.042 0.043 0.05
0.063 0.076 0.078 0.059 0.058 0.059 0.053 0.053 0.052 0.052 0.053 0.051 0.044 0.055 0.081 0.111 0.14 0.132 0.058 0.041 0.043 0.055 0.052 0.041 0.041 0.037 0.037 0.044 0.04 0.045 0.049 0.04 0.036 0.044 0.045 0.043 0.046 0.051 0.048 0.043 0.044 0.053 0.056 0.056 0.052 0.054 0.052 0.055 0.055 0.049 0.045 0.052 0.052 0.057 0.048 0.049 0.056 0.061 0.056 0.064 0.059 0.046 0.056 0.057 0.065 0.063 0.062 0.053 0.049 0.053 0.038 0.035 0.035 0.038 0.039 0.05 0.052
0.054 0.055 0.056 0.06 0.056 0.052 0.052 0.051 0.05 0.049 0.049 0.045 0.046 0.05 0.051 0.061 0.144 0.172 0.174 0.09 0.044 0.045 0.053 0.05 0.041 0.05 0.033 0.03 0.035 0.043 0.038 0.034 0.037 0.042 0.047 0.042 0.048 0.045 0.042 0.039 0.045 0.054 0.06 0.057 0.051 0.053 0.053 0.054 -0.3 0.056 0.052 0.048 0.047 0.052 0.049 0.062 0.06 0.061 0.055 0.059 0.062 0.053 0.062 0.062 0.06 0.061 0.064 0.057 0.056 0.054 0.052 0.049 0.046 0.045 0.043 0.039 0.044
0.053 0.053 0.051 0.05 0.051 0.05 0.049 0.049 0.049 0.047 0.046 0.046 0.046 0.047 0.052 0.051 0.06 0.082 0.107 0.101 0.082 0.102 0.125 0.171 0.17 0.153 0.038 0.035 0.032 0.035 0.044 0.038 0.038 0.042 0.043 0.041 0.044 0.04 0.04 0.043 0.042 0.05 0.052 0.05 0.044 0.042 0.055 -0.3 -0.3 0.033 0.055 0.043 0.043 0.046 0.052 0.063 0.062 0.058 0.052 0.06 0.058 0.06 0.063 0.056 0.05 0.052 0.051 0.05 0.051 0.046 0.043 0.039 0.039 0.036 0.034 0.035 0.046
0.051 0.052 0.053 0.051 0.048 0.048 0.048 0.048 0.047 0.047 0.047 0.047 0.047 0.048 0.049 0.048 0.05 0.05 0.049 0.069 0.147 0.112 0.081 0.155 0.209 0.122 0.051 0.038 0.033 0.034 0.043 0.03 0.028 0.034 0.035 0.037 0.036 0.041 0.041 0.041 0.045 0.045 0.044 0.046 0.045 0.05 0.052 0.054 -0.3 0.028 0.051 0.045 0.044 0.047 0.053 0.062 0.054 0.051 0.057 0.057 0.044 0.05 0.046 0.047 0.051 0.049 0.048 0.045 0.045 0.039 0.03 0.036 0.037 0.032 0.038 0.035 0.047
