data/china_ndvi_max_1989.asc
ncols         710
nrows         510
xllcorner     70
yllcorner     10
cellsize      0.1
NODATA_value  -9999
[rows 238 to 271 of 510, columns 462 to 538 of 710]
0.417 0.45 0.451 0.442 0.446 0.439 0.468 0.467 0.44 0.464 0.458 0.43 0.433 0.435 0.461 0.451 0.405 0.414 0.455 0.361 0.488 0.489 0.485 0.444 0.373 0.339 0.364 0.384 0.182 0.053 -0.041 -0.049 0.067 0.175 0.26 0.05 0.405 0.404 0.412 0.367 0.373 0.343 0.358 0.427 0.397 0.382 0.379 0.415 0.373 0.372 0.382 0.462 0.429 0.447 0.384 0.42 0.489 0.458 0.482 0.495 0.479 0.479 0.469 -9999 -9999 -9999 -9999 -9999 -9999 -9999 -9999 -9999 -9999 -9999 -9999 -9999 -9999
0.424 0.47 0.439 0.452 0.474 0.459 0.469 0.451 0.47 0.474 0.46 0.418 0.38 0.448 0.452 0.421 0.433 0.414 0.507 0.543 0.468 0.462 0.443 0.434 0.367 0.362 0.413 0.472 0.159 0.046 0.079 0.191 0.228 0.185 0.128 0.367 0.404 0.394 0.357 0.367 0.364 0.354 0.404 0.402 0.375 0.41 0.355 0.365 0.404 0.405 0.431 0.41 0.395 0.432 0.41 0.417 0.439 0.447 0.458 0.481 0.437 0.478 -9999 -0.3 -9999 -9999 -9999 -9999 -9999 -9999 -9999 -9999 -9999 -9999 -9999 -9999 -9999
0.319 0.419 0.446 0.446 0.447 0.447 0.456 0.427 0.441 0.469 0.383 0.402 0.428 0.454 0.375 0.359 0.368 0.429 0.433 0.38 0.427 0.49 0.486 0.463 0.517 0.367 0.333 0.386 0.551 0.465 0.447 0.394 0.407 0.486 0.448 0.444 0.43 0.397 0.354 0.325 0.383 0.403 0.408 0.336 0.438 0.407 0.421 0.401 0.385 0.412 0.502 0.418 0.43 0.401 0.428 0.45 -9999 -9999 -9999 -9999 0.394 0.404 -0.3 -9999 -9999 -9999 -9999 -9999 -9999 -9999 -9999 -9999 -9999 -9999 -9999 -9999 -9999
0.384 0.45 0.475 0.475 0.489 0.451 0.409 0.434 0.405 0.404 0.432 0.442 0.469 0.432 0.354 0.374 0.377 0.403 0.303 0.303 0.363 0.353 0.408 0.492 0.499 0.405 0.381 0.366 0.461 0.491 0.444 0.436 0.363 0.477 0.44 0.4 0.459 0.414 0.39 0.391 0.39 0.438 0.439 0.406 0.398 0.379 0.394 0.401 0.434 0.405 0.38 0.444 0.402 -9999 0.352 -9999 -9999 -9999 -9999 -9999 -9999 -9999 -9999 -9999 -9999 -9999 -9999 -9999 -9999 -9999 -9999 -9999 -9999 -9999 -9999 -9999 -9999
0.459 0.481 0.507 0.455 0.481 0.471 0.396 0.41 0.251 0.291 0.319 0.37 0.419 0.341 0.417 0.359 0.372 0.333 0.3 0.346 0.345 0.349 0.365 0.408 0.453 0.4 0.368 0.345 0.372 0.257 0.351 0.408 0.361 0.466 0.426 0.407 0.435 0.43 0.432 0.445 0.392 0.407 0.462 0.444 0.437 0.418 0.422 0.448 0.406 0.382 0.306 -9999 -9999 -9999 -9999 -9999 -9999 -9999 -9999 -9999 -9999 -9999 -9999 -9999 -9999 -9999 -9999 -9999 -9999 -9999 -9999 -9999 -9999 -9999 -9999 -9999 -9999
0.437 0.474 0.465 0.46 0.492 0.455 0.441 0.428 0.325 0.333 0.349 0.354 0.385 0.356 0.379 0.335 0.326 0.343 0.312 0.346 0.343 0.409 0.359 0.402 0.45 0.394 0.39 0.366 0.401 0.358 0.407 0.41 0.436 0.419 0.446 0.443 0.444 0.461 0.447 0.435 0.412 0.433 0.432 0.476 0.454 0.422 -9999 -9999 -9999 -9999 -9999 -9999 -9999 -9999 -9999 -9999 -9999 -9999 -9999 -9999 -9999 -9999 -9999 -9999 -9999 -9999 -9999 -9999 -9999 -9999 -9999 -9999 -9999 -9999 -9999 -9999 -9999
0.433 0.456 0.461 0.463 0.423 0.439 0.371 0.357 0.348 0.403 0.381 0.4 0.405 0.396 0.403 0.487 0.372 0.28 0.384 0.367 0.411 0.424 0.411 0.387 0.442 0.416 0.371 0.4 0.413 0.367 0.387 0.41 0.45 0.376 0.409 0.447 0.455 0.465 0.452 0.397 0.413 0.479 0.454 0.449 0.449 0.416 0.391 0.418 -9999 -9999 -9999 -9999 -9999 -9999 -9999 -9999 -9999 -9999 -9999 -9999 -9999 -9999 -9999 -9999 -9999 -9999 -9999 -9999 -9999 -9999 -9999 -9999 -9999 -9999 -9999 -9999 -9999
0.461 0.439 0.447 0.38 0.324 0.365 0.352 0.328 0.401 0.384 0.424 0.424 0.434 0.394 0.405 0.356 0.376 0.396 0.396 0.438 0.446 0.397 0.419 0.351 0.414 0.378 0.363 0.431 0.426 0.41 0.409 0.439 0.456 0.488 0.454 0.353 0.306 0.455 0.439 0.379 0.333 0.404 0.351 0.346 0.359 -9999 -9999 -9999 -9999 -9999 -9999 -9999 -9999 -9999 -9999 -9999 -9999 -9999 -9999 -9999 -9999 -9999 -9999 -9999 -9999 -9999 -9999 -9999 -9999 -9999 -9999 -9999 -9999 -9999 -9999 -9999 -9999
0.441 0.391 0.389 0.335 0.386 0.336 0.373 0.373 0.46 0.524 0.422 0.409 0.416 0.405 0.413 0.342 0.31 0.352 0.462 0.464 0.434 0.413 0.418 0.397 0.411 0.377 0.395 0.42 0.416 0.454 0.412 0.454 0.448 0.458 0.411 0.424 0.402 0.458 0.325 0.37 0.383 0.354 0.269 0.448 0.428 -9999 -9999 -9999 -9999 -9999 -9999 -9999 -9999 -9999 -9999 -9999 -9999 -9999 -9999 -9999 -9999 -9999 -9999 -9999 -9999 -9999 -9999 -9999 -9999 -9999 -9999 -9999 -9999 -9999 -9999 -9999 -9999
0.43 0.393 0.383 0.388 0.436 0.404 0.391 0.387 0.346 0.339 0.375 0.496 0.397 0.392 0.335 0.292 0.351 0.342 0.378 0.388 0.377 0.377 0.429 0.377 0.521 0.388 0.382 0.358 0.393 0.426 0.407 0.423 0.429 0.464 0.397 0.419 0.397 0.407 0.356 0.223 -9999 -0.3 0.218 0.448 0.501 -9999 -9999 -9999 -9999 -9999 -9999 -9999 -9999 -9999 -9999 -9999 -9999 -9999 -9999 -9999 -9999 -9999 -9999 -9999 -9999 -9999 -9999 -9999 -9999 -9999 -9999 -9999 -9999 -9999 -9999 -9999 -9999
0.359 0.375 0.344 0.412 0.395 0.374 0.38 0.37 0.282 0.298 0.449 0.395 0.365 0.347 0.347 0.335 0.315 0.358 0.379 0.393 0.395 0.396 0.395 0.395 0.396 0.376 0.362 0.308 0.417 0.42 0.385 0.454 0.432 0.509 0.418 0.467 0.438 0.417 0.402 -0.3 -9999 -9999 0.206 -0.3 -9999 -9999 -9999 -9999 -9999 -9999 -9999 -9999 -9999 -9999 -9999 -9999 -9999 -9999 -9999 -9999 -9999 -9999 -9999 -9999 -9999 -9999 -9999 -9999 -9999 -9999 -9999 -9999 -9999 -9999 -9999 -9999 -9999
0.324 0.352 0.382 0.427 0.388 0.348 0.341 0.42 0.408 0.4 0.339 0.45 0.427 0.397 0.285 0.357 0.318 0.337 0.36 0.396 0.426 0.422 0.414 0.385 0.371 0.405 0.385 0.423 0.466 0.429 0.48 0.491 0.409 0.472 0.484 0.455 0.444 0.391 0.402 0.37 -9999 -9999 -9999 -9999 -9999 -9999 -9999 -9999 -9999 -9999 -9999 -9999 -9999 -9999 -9999 -9999 -9999 -9999 -9999 -9999 -9999 -9999 -9999 -9999 -9999 -9999 -9999 -9999 -9999 -9999 -9999 -9999 -9999 -9999 -9999 -9999 -9999
0.453 0.495 0.523 0.47 0.437 0.461 0.457 0.463 0.409 0.382 0.402 0.431 0.39 0.362 0.339 0.326 0.377 0.341 0.409 0.399 0.438 0.4 0.398 0.367 0.429 0.363 0.374 0.384 0.378 0.343 0.374 0.413 0.438 0.385 0.4 0.364 0.405 0.426 0.264 -9999 -9999 -9999 -9999 -9999 -9999 -9999 -9999 -9999 -9999 -9999 -9999 -9999 -9999 -9999 -9999 -9999 -9999 -9999 -9999 -9999 -9999 -9999 -9999 -9999 -9999 -9999 -9999 -9999 -9999 -9999 -9999 -9999 -9999 -9999 -9999 -9999 -9999
0.501 0.535 0.575 0.492 0.433 0.514 0.447 0.452 0.384 0.343 0.373 0.34 0.334 0.348 0.346 0.352 0.379 0.351 0.381 0.413 0.4 0.373 0.381 0.421 0.329 0.391 0.4 0.399 0.398 0.367 0.369 0.383 0.413 0.413 0.384 0.396 0.404 0.4 0.52 -9999 -9999 -9999 -9999 -9999 -9999 -9999 -9999 -9999 -9999 -9999 -9999 -9999 -9999 -9999 -9999 -9999 -9999 -9999 -9999 -9999 -9999 -9999 -9999 -9999 -9999 -9999 -9999 -9999 -9999 -9999 -9999 -9999 -9999 -9999 -9999 -9999 -9999
0.472 0.503 0.539 0.492 0.507 0.51 0.496 0.473 0.477 0.424 0.391 0.386 0.382 0.341 0.348 0.394 0.386 0.368 0.343 0.355 0.38 0.362 0.425 0.398 0.441 0.378 0.454 0.473 0.378 0.394 0.411 0.457 0.447 0.446 0.462 0.457 0.428 0.417 -9999 -9999 -9999 -9999 -9999 -9999 -9999 -9999 -9999 -9999 -9999 -9999 -9999 -9999 -9999 -9999 -9999 -9999 -9999 -9999 -9999 -9999 -9999 -9999 -9999 -9999 -9999 -9999 -9999 -9999 -9999 -9999 -9999 -9999 -9999 -9999 -9999 -9999 -9999
0.483 0.488 0.513 0.52 0.509 0.518 0.525 0.49 0.425 0.416 0.339 0.37 0.368 0.363 0.382 0.399 0.45 0.417 0.388 0.367 0.365 0.388 0.396 0.484 0.43 0.411 0.485 0.5 0.411 0.423 0.395 0.383 0.411 0.449 0.461 -9999 -9999 -9999 -9999 -9999 -9999 -9999 -9999 -9999 -9999 -9999 -9999 -9999 -9999 -9999 -9999 -9999 -9999 -9999 -9999 -9999 -9999 -9999 -9999 -9999 -9999 -9999 -9999 -9999 -9999 -9999 -9999 -9999 -9999 -9999 -9999 -9999 -9999 -9999 -9999 -9999 -9999
0.464 0.465 0.484 0.523 0.536 0.526 0.431 0.472 0.472 0.444 0.364 0.316 0.347 0.383 0.376 0.387 0.427 0.538 0.474 0.455 0.412 0.371 0.391 0.465 0.464 0.427 0.439 0.459 0.421 0.409 0.432 0.401 0.415 0.443 -0.3 -9999 -9999 -9999 -9999 -9999 -9999 -9999 -9999 -9999 -9999 -9999 -9999 -9999 -9999 -9999 -9999 -9999 -9999 -9999 -9999 -9999 -9999 -9999 -9999 -9999 -9999 -9999 -9999 -9999 -9999 -9999 -9999 -9999 -9999 -9999 -9999 -9999 -9999 -9999 -9999 -9999 -9999
0.446 0.435 0.419 0.484 0.386 0.477 0.522 0.42 0.293 0.323 0.302 0.355 0.373 0.37 0.369 0.388 0.365 0.371 0.417 0.458 0.498 0.438 0.389 0.468 0.451 0.444 0.46 0.38 0.44 0.446 0.462 0.463 0.449 -0.3 -9999 -9999 -9999 -9999 -9999 -9999 -9999 -9999 -9999 -9999 -9999 -9999 -9999 -9999 -9999 -9999 -9999 -9999 -9999 -9999 -9999 -9999 -9999 -9999 -9999 -9999 -9999 -9999 -9999 -9999 -9999 -9999 -9999 -9999 -9999 -9999 -9999 -9999 -9999 -9999 -9999 -9999 -9999
0.422 0.424 0.44 0.538 0.434 0.523 0.522 0.526 0.375 0.372 0.38 0.341 0.371 0.382 0.393 0.381 0.411 0.381 0.401 0.459 0.423 0.441 0.428 0.498 0.482 0.487 0.449 0.387 0.403 0.413 0.446 0.474 0.508 -9999 -9999 -9999 -9999 -9999 -9999 -9999 -9999 -9999 -9999 -9999 -9999 -9999 -9999 -9999 -9999 -9999 -9999 -9999 -9999 -9999 -9999 -9999 -9999 -9999 -9999 -9999 -9999 -9999 -9999 -9999 -9999 -9999 -9999 -9999 -9999 -9999 -9999 -9999 -9999 -9999 -9999 -9999 -9999
0.443 0.46 0.441 0.541 0.353 0.374 0.478 0.381 0.414 0.415 0.413 0.498 0.408 0.368 0.431 0.43 0.397 0.38 0.426 0.433 0.443 0.489 0.54 0.569 0.542 0.46 0.463 0.411 0.428 0.429 0.459 0.459 -9999 -9999 -9999 -9999 -9999 -9999 -9999 -9999 -9999 -9999 -9999 -9999 -9999 -9999 -9999 -9999 -9999 -9999 -9999 -9999 -9999 -9999 -9999 -9999 -9999 -9999 -9999 -9999 -9999 -9999 -9999 -9999 -9999 -9999 -9999 -9999 -9999 -9999 -9999 -9999 -9999 -9999 -9999 -9999 -9999
0.453 0.469 0.437 0.576 0.548 0.356 0.363 0.478 0.459 0.433 0.46 0.474 0.413 0.374 0.385 0.468 0.391 0.38 0.385 0.443 0.396 0.433 0.47 0.53 0.503 0.457 0.405 0.436 0.467 0.45 0.462 -9999 -9999 -9999 -9999 -9999 -9999 -9999 -9999 -9999 -9999 -9999 -9999 -9999 -9999 -9999 -9999 -9999 -9999 -9999 -9999 -9999 -9999 -9999 -9999 -9999 -9999 -9999 -9999 -9999 -9999 -9999 -9999 -9999 -9999 -9999 -9999 -9999 -9999 -9999 -9999 -9999 -9999 -9999 -9999 -9999 -9999
0.529 0.445 0.471 0.533 0.604 0.543 0.218 0.377 0.558 0.494 0.421 0.421 0.413 0.365 0.407 0.395 0.395 0.389 0.438 0.376 0.409 0.301 0.271 0.484 0.477 0.434 0.409 0.436 0.429 0.463 0.49 -9999 -9999 -9999 -9999 -9999 -9999 -9999 -9999 -9999 -9999 -9999 -9999 -9999 -9999 -9999 -9999 -9999 -9999 -9999 -9999 -9999 -9999 -9999 -9999 -9999 -9999 -9999 -9999 -9999 -9999 -9999 -9999 -9999 -9999 -9999 -9999 -9999 -9999 -9999 -9999 -9999 -9999 -9999 -9999 -9999 -9999
0.477 0.502 0.459 0.506 0.529 0.481 0.498 0.529 0.441 0.521 0.54 0.386 0.415 0.321 0.395 0.391 0.326 0.447 0.397 0.38 0.403 0.446 0.448 0.466 0.46 0.461 0.46 0.478 0.54 0.543 -9999 -9999 -9999 -9999 -9999 -9999 -9999 -9999 -9999 -9999 -9999 -9999 -9999 -9999 -9999 -9999 -9999 -9999 -9999 -9999 -9999 -9999 -9999 -9999 -9999 -9999 -9999 -9999 -9999 -9999 -9999 -9999 -9999 -9999 -9999 -9999 -9999 -9999 -9999 -9999 -9999 -9999 -9999 -9999 -9999 -9999 -9999
0.465 0.471 0.487 0.499 0.521 0.509 0.451 0.529 0.35 0.42 0.512 0.369 0.37 0.334 0.395 0.412 0.404 0.464 0.461 0.463 0.485 0.404 0.506 0.439 0.452 0.462 0.374 0.428 0.564 0.499 -0.028 -9999 -9999 -9999 -9999 -9999 -9999 -9999 -9999 -9999 -9999 -9999 -9999 -9999 -9999 -9999 -9999 -9999 -9999 -9999 -9999 -9999 -9999 -9999 -9999 -9999 -9999 -9999 -9999 -9999 -9999 -9999 -9999 -9999 -9999 -9999 -9999 -9999 -9999 -9999 -9999 -9999 -9999 -9999 -9999 -9999 -9999
0.473 0.494 0.518 0.526 0.477 0.487 0.51 0.53 0.524 0.391 0.387 0.461 0.459 0.434 0.482 0.527 0.494 0.498 0.462 0.477 0.494 0.509 0.533 0.372 0.441 0.45 0.496 0.558 0.62 0.572 0.314 0.408 0.456 -9999 -9999 -9999 -9999 -9999 -9999 -9999 -9999 -9999 -9999 -9999 -9999 -9999 -9999 -9999 -9999 -9999 -9999 -9999 -9999 -9999 -9999 -9999 -9999 -9999 -9999 -9999 -9999 -9999 -9999 -9999 -9999 -9999 -9999 -9999 -9999 -9999 -9999 -9999 -9999 -9999 -9999 -9999 -9999
0.478 0.477 0.468 0.502 0.498 0.487 0.474 0.511 0.556 0.515 -0.3 -0.3 0.462 0.515 0.515 0.525 0.507 0.53 0.479 0.476 0.467 0.494 0.401 0.389 0.431 0.463 0.584 0.61 0.593 0.565 0.412 0.633 0.464 -0.3 -9999 -9999 -9999 -9999 -9999 -9999 -9999 -9999 -9999 -9999 -9999 -9999 -9999 -9999 -9999 -9999 -9999 -9999 -9999 -9999 -9999 -9999 -9999 -9999 -9999 -9999 -9999 -9999 -9999 -9999 -9999 -9999 -9999 -9999 -9999 -9999 -9999 -9999 -9999 -9999 -9999 -9999 -9999
0.512 0.454 0.472 0.507 0.475 0.454 0.446 0.428 0.508 0.538 -0.3 0.353 0.39 0.453 0.484 0.469 0.474 0.467 0.494 0.448 0.531 0.543 0.444 0.448 0.453 0.471 0.525 0.554 0.596 0.507 0.462 0.551 0.572 0.357 -9999 0.33 -9999 -9999 -9999 -9999 -9999 -9999 -9999 -9999 -9999 -9999 -9999 -9999 -9999 -9999 -9999 -9999 -9999 -9999 -9999 -9999 -9999 -9999 -9999 -9999 -9999 -9999 -9999 -9999 -9999 -9999 -9999 -9999 -9999 -9999 -9999 -9999 -9999 -9999 -9999 -9999 -9999
0.544 0.487 0.488 0.508 0.453 0.496 0.483 0.473 0.521 0.452 0.515 0.444 0.432 0.537 0.497 0.503 0.477 0.477 0.498 0.477 0.469 0.434 0.382 0.501 0.481 0.468 0.534 0.587 0.555 0.54 0.556 0.547 0.561 0.412 0.428 0.469 0.422 0.384 -0.01 -9999 -9999 -9999 -9999 -9999 -9999 -9999 -9999 -9999 -9999 -9999 -9999 -9999 -9999 -9999 -9999 -9999 -9999 -9999 -9999 -9999 -9999 -9999 -9999 -9999 -9999 -9999 -9999 -9999 -9999 -9999 -9999 -9999 -9999 -9999 -9999 -9999 -9999
0.568 0.513 0.476 0.464 0.468 0.485 0.473 0.472 0.479 0.347 0.35 0.438 0.452 0.583 0.577 0.559 0.502 0.54 0.511 0.519 0.515 0.526 0.492 0.498 0.521 0.543 0.533 0.553 0.537 0.531 0.511 0.533 0.54 0.424 0.499 0.502 0.49 0.509 0.419 0.367 0.358 -9999 -9999 -9999 -9999 -9999 -9999 -9999 -9999 -9999 -9999 -9999 -9999 -9999 -9999 -9999 -9999 -9999 -9999 -9999 -9999 -9999 -9999 -9999 -9999 -9999 -9999 -9999 -9999 -9999 -9999 -9999 -9999 -9999 -9999 -9999 -9999
0.53 0.552 0.523 0.495 0.487 0.49 0.449 0.424 0.421 0.408 0.411 0.466 0.465 0.543 0.571 0.537 0.535 0.533 0.539 0.41 0.461 0.454 0.492 0.516 0.476 0.461 0.513 0.554 0.484 0.474 0.501 0.503 0.536 0.502 0.496 0.562 0.515 0.503 0.552 0.573 0.56 0.572 -9999 -9999 -9999 -9999 -9999 -9999 -9999 -9999 -9999 -9999 -9999 -9999 -9999 -9999 -9999 -9999 -9999 -9999 -9999 -9999 -9999 -9999 -9999 -9999 -9999 -9999 -9999 -9999 -9999 -9999 -9999 -9999 -9999 -9999 -9999
0.553 0.547 0.543 0.514 0.48 0.496 0.429 0.416 0.43 0.477 0.474 0.505 0.485 0.445 0.523 0.422 0.489 0.483 0.617 0.394 0.06 0.439 0.545 0.527 0.549 0.502 0.372 0.555 0.544 0.51 0.534 0.53 0.536 0.545 0.53 0.556 0.564 0.557 0.542 0.535 0.562 0.537 -9999 -9999 -9999 -9999 -9999 -9999 -9999 -9999 -9999 -9999 -9999 -9999 -9999 -9999 -9999 -9999 -9999 -9999 -9999 -9999 -9999 -9999 -9999 -9999 -9999 -9999 -9999 -9999 -9999 -9999 -9999 -9999 -9999 -9999 -9999
0.524 0.541 0.525 0.515 0.504 0.517 0.415 0.433 0.439 0.512 0.532 0.501 0.461 0.542 0.577 0.512 0.536 0.506 0.558 0.46 -0.3 0.413 0.531 0.584 0.545 0.562 0.535 0.605 0.576 0.582 0.552 0.538 0.504 0.542 0.543 0.565 0.551 0.496 0.54 0.56 0.544 0.535 -9999 -9999 -9999 -9999 -9999 -9999 -9999 -9999 -9999 -9999 -9999 -9999 -9999 -9999 -9999 -9999 -9999 -9999 -9999 -9999 -9999 -9999 -9999 -9999 -9999 -9999 -9999 -9999 -9999 -9999 -9999 -9999 -9999 -9999 -9999
0.557 0.553 0.534 0.539 0.551 0.525 0.453 0.485 0.479 0.569 0.563 0.497 0.566 0.542 0.496 0.549 0.584 0.604 0.569 0.551 0.581 0.493 0.569 0.567 0.584 0.56 0.566 0.541 0.577 0.555 0.579 0.559 0.546 0.543 0.531 0.549 0.585 0.569 0.594 0.596 0.56 0.555 0.54 -9999 -9999 -9999 -9999 -9999 -9999 -9999 -9999 -9999 -9999 -9999 -9999 -9999 -9999 -9999 -9999 -9999 -9999 -9999 -9999 -9999 -9999 -9999 -9999 -9999 -9999 -9999 -9999 -9999 -9999 -9999 -9999 -9999 -9999
0.538 0.54 0.56 0.549 0.525 0.498 0.492 0.518 0.459 0.529 0.559 0.557 0.579 0.531 0.556 0.591 0.57 0.591 0.589 0.592 0.612 0.563 0.511 0.555 0.557 0.54 0.536 0.57 0.537 0.57 0.549 0.523 0.588 0.535 0.508 0.544 0.504 0.588 0.573 0.54 0.531 0.496 0.562 -9999 -9999 -9999 -9999 -9999 -9999 -9999 -9999 -9999 -9999 -9999 -9999 -9999 -9999 -9999 -9999 -9999 -9999 -9999 -9999 -9999 -9999 -9999 -9999 -9999 -9999 -9999 -9999 -9999 -9999 -9999 -9999 -9999 -9999
