data/china_ndvi_max_2006.asc
ncols         710
nrows         510
xllcorner     70
yllcorner     10
cellsize      0.1
NODATA_value  -9999
[rows 140 to 174 of 510, columns 462 to 538 of 710]
-9999 -9999 -9999 -9999 -9999 -9999 -9999 -9999 -9999 -9999 -9999 -9999 -9999 -9999 -9999 -9999 -9999 -9999 -9999 -9999 -9999 -9999 -9999 -9999 -9999 -9999 -9999 -9999 -9999 -9999 -9999 -9999 -9999 -9999 -9999 -9999 -9999 -9999 0.486 0.503 0.479 0.477 0.474 0.475 0.492 0.487 0.464 0.456 0.503 0.457 0.448 0.441 0.474 0.49 0.514 0.495 0.423 0.374 0.4 0.362 0.377 0.401 0.404 0.368 0.351 0.348 0.372 0.362 0.36 0.285 0.3 0.405 0.38 0.389 0.36 0.349 0.336
-9999 -9999 -9999 -9999 -9999 -9999 -9999 -9999 -9999 -9999 -9999 -9999 -9999 -9999 -9999 -9999 -9999 -9999 -9999 -9999 -9999 -9999 -9999 -9999 -9999 -9999 -9999 -9999 -9999 -9999 -9999 -9999 -9999 -9999 -9999 -9999 -9999 -9999 0.437 0.469 0.457 0.452 0.47 0.454 0.488 0.483 0.446 0.44 0.472 0.489 0.432 0.445 0.455 0.492 0.486 0.448 0.414 0.419 0.358 0.331 0.333 0.349 0.363 0.343 0.311 0.333 0.36 0.339 0.372 0.325 0.391 0.426 0.415 0.368 0.36 0.306 0.366
-9999 -9999 -9999 -9999 -9999 -9999 -9999 -9999 -9999 -9999 -9999 -9999 -9999 -9999 -9999 -9999 -9999 -9999 -9999 -9999 -9999 0.297 0.272 -9999 -9999 -9999 0.314 0.321 0.337 -9999 -9999 -9999 -9999 -9999 -9999 -9999 -9999 -9999 0.424 0.449 0.448 0.435 0.428 0.434 0.42 0.419 0.406 0.406 0.433 0.459 0.427 0.461 0.438 0.474 0.446 0.422 0.478 0.449 0.41 0.387 0.356 0.356 0.349 0.336 0.325 0.335 0.33 0.312 0.381 0.387 0.386 0.41 0.437 0.392 0.368 0.375 0.356
-9999 -9999 -9999 -9999 -9999 -9999 -9999 -9999 -9999 -9999 -9999 -9999 -9999 -9999 -9999 -9999 -9999 -9999 0.265 0.277 0.269 0.272 0.256 0.274 0.286 0.283 0.29 0.293 0.308 0.297 0.326 0.384 0.353 0.325 0.357 -9999 0.457 0.465 0.445 0.436 0.432 0.417 0.402 0.407 0.421 0.404 0.405 0.466 0.445 0.421 0.396 0.447 0.436 0.427 0.43 0.408 0.46 0.491 0.412 0.371 0.366 0.354 0.351 0.331 0.33 0.324 0.329 0.316 0.401 0.413 0.413 0.418 0.444 0.367 0.364 0.377 0.34
-9999 -9999 -9999 -9999 -9999 -9999 -9999 -9999 -9999 -9999 -9999 -9999 -9999 0.24 0.237 0.231 0.252 0.255 0.268 0.261 0.246 0.238 0.273 0.278 0.281 0.319 0.323 0.313 0.286 0.306 0.323 0.34 0.324 0.337 0.4 0.426 0.386 0.403 0.381 0.405 0.415 0.392 0.393 0.38 0.387 0.4 0.405 0.472 0.423 0.44 0.458 0.423 0.38 0.462 0.416 0.428 0.458 0.421 0.4 0.379 0.338 0.326 0.316 0.34 0.35 0.338 0.332 0.339 0.37 0.377 0.416 0.409 0.405 0.373 0.349 0.359 0.309
-9999 -9999 -9999 -9999 -9999 -9999 -9999 -9999 -9999 -9999 -9999 -9999 0.208 0.2 0.189 0.208 0.206 0.182 0.263 0.252 0.259 0.275 0.294 0.253 0.263 0.271 0.259 0.289 0.306 0.34 0.344 0.319 0.322 0.376 0.344 0.342 0.346 0.365 0.377 0.408 0.373 0.37 0.387 0.369 0.401 0.401 0.448 0.415 0.359 0.345 0.36 0.333 0.373 0.429 0.393 0.389 0.402 0.332 0.328 0.363 0.324 0.343 0.324 0.337 0.342 0.34 0.323 0.317 0.316 0.335 0.365 0.346 0.37 0.282 0.293 0.314 0.354
-9999 -9999 -9999 -9999 -9999 0.215 0.222 0.217 0.194 0.194 0.189 0.216 0.21 0.207 0.2 0.215 0.228 0.235 0.26 0.237 0.259 0.257 0.245 0.228 0.232 0.244 0.271 0.288 0.317 0.309 0.317 0.327 0.324 0.338 0.345 0.327 0.341 0.364 0.364 0.37 0.372 0.361 0.35 0.364 0.387 0.373 0.411 0.362 0.331 0.362 0.384 0.381 0.367 0.449 0.476 0.436 0.359 0.313 0.331 0.339 0.343 0.346 0.354 0.336 0.336 0.322 0.341 0.342 0.266 0.22 0.255 0.357 0.37 0.298 0.308 0.294 0.373
-9999 -9999 -9999 -9999 0.229 0.215 0.229 0.215 0.198 0.195 0.195 0.195 0.197 0.198 0.194 0.211 0.245 0.241 0.23 0.228 0.246 0.225 0.218 0.241 0.313 0.321 0.283 0.282 0.306 0.289 0.299 0.278 0.307 0.341 0.351 0.328 0.353 0.376 0.343 0.351 0.358 0.35 0.328 0.358 0.343 0.351 0.372 0.327 0.379 0.407 0.43 0.408 0.361 0.362 0.362 0.371 0.37 0.368 0.376 0.358 0.353 0.349 0.361 0.343 0.344 0.325 0.339 0.324 0.287 0.282 0.215 0.299 0.334 0.323 0.337 0.364 0.401
-9999 -9999 0.236 0.24 0.223 0.226 0.221 0.215 0.193 0.174 0.191 0.191 0.178 0.193 0.197 0.197 0.233 0.248 0.232 0.201 0.22 0.227 0.252 0.267 0.298 0.322 0.316 0.296 0.311 0.261 0.306 0.29 0.299 0.34 0.321 0.327 0.35 0.395 0.35 0.334 0.344 0.324 0.319 0.358 0.341 0.335 0.33 0.33 0.402 0.441 0.396 0.446 0.387 0.379 0.36 0.377 0.354 0.359 0.345 0.354 0.339 0.345 0.355 0.335 0.329 0.309 0.298 0.31 0.32 0.272 0.243 0.186 0.236 0.277 0.3 0.329 0.408
-9999 0.238 0.261 0.241 0.224 0.218 0.223 0.205 0.18 0.175 0.184 0.186 0.183 0.2 0.204 0.205 0.227 0.252 0.233 0.209 0.241 0.284 0.281 0.258 0.292 0.29 0.297 0.299 0.307 0.277 0.296 0.285 0.31 0.319 0.299 0.331 0.337 0.339 0.318 0.336 0.348 0.34 0.33 0.326 0.31 0.318 0.366 0.374 0.378 0.411 0.386 0.444 0.45 0.411 0.376 0.339 0.346 0.359 0.309 0.355 0.366 0.344 0.327 0.327 0.319 0.291 0.318 0.337 0.282 0.275 0.259 0.266 0.247 0.234 0.271 0.331 0.387
-9999 0.25 0.238 0.245 0.249 0.242 0.223 0.202 0.189 0.179 0.175 0.178 0.182 0.199 0.206 0.21 0.209 0.216 0.223 0.232 0.24 0.258 0.281 0.264 0.256 0.245 0.28 0.281 0.257 0.275 0.281 0.278 0.266 0.28 0.284 0.286 0.321 0.383 0.356 0.364 0.357 0.331 0.319 0.341 0.357 0.354 0.373 0.403 0.39 0.371 0.356 0.411 0.393 0.338 0.342 0.349 0.344 0.326 0.341 0.364 0.365 0.375 0.344 0.279 0.314 0.282 0.299 0.32 0.286 0.334 0.272 0.26 0.291 0.225 0.266 0.299 0.356
-9999 0.232 0.231 0.245 0.226 0.222 0.219 0.197 0.197 0.193 0.186 0.188 0.195 0.201 0.186 0.197 0.192 0.214 0.222 0.218 0.22 0.248 0.253 0.255 0.26 0.25 0.246 0.255 0.248 0.268 0.274 0.284 0.279 0.277 0.29 0.302 0.302 0.381 0.345 0.335 0.324 0.327 0.336 0.333 0.362 0.344 0.369 0.377 0.372 0.386 0.356 0.385 0.386 0.354 0.337 0.356 0.313 0.326 0.305 0.334 0.331 0.326 0.36 0.296 0.296 0.284 0.31 0.349 0.285 0.264 0.274 0.289 0.306 0.264 0.296 0.356 0.344
0.235 0.199 0.191 0.222 0.219 0.221 0.205 0.199 0.198 0.202 0.198 0.184 0.195 0.19 0.193 0.194 0.204 0.219 0.221 0.22 0.214 0.231 0.245 0.255 0.246 0.262 0.242 0.255 0.263 0.265 0.284 0.266 0.266 0.306 0.29 0.303 0.357 0.387 0.334 0.321 0.347 0.335 0.32 0.329 0.349 0.366 0.326 0.401 0.453 0.415 0.364 0.356 0.341 0.327 0.332 0.324 0.307 0.311 0.325 0.324 0.337 0.329 0.373 0.404 0.37 0.351 0.354 0.383 0.307 0.271 0.307 0.328 0.35 0.357 0.349 0.328 0.279
0.215 0.187 0.146 0.23 0.215 0.221 0.213 0.191 0.201 0.206 0.219 0.204 0.213 0.191 0.168 0.197 0.197 0.19 0.201 0.222 0.225 0.252 0.234 0.23 0.245 0.277 0.24 0.255 0.264 0.244 0.269 0.259 0.262 0.297 0.28 0.31 0.353 0.359 0.314 0.33 0.329 0.325 0.372 0.304 0.347 0.402 0.37 0.338 0.375 0.455 0.419 0.396 0.348 0.366 0.323 0.322 0.347 0.316 0.295 0.309 0.31 0.352 0.336 0.396 0.391 0.37 0.308 0.266 0.309 0.317 0.349 0.348 0.326 0.301 0.261 0.263 0.319
0.199 0.179 0.15 0.231 0.247 0.242 0.217 0.19 0.213 0.221 0.21 0.199 0.203 0.211 0.138 0.161 0.146 0.175 0.21 0.173 0.205 0.234 0.237 0.244 0.242 0.229 0.261 0.269 0.235 0.247 0.273 0.263 0.273 0.319 0.285 0.282 0.322 0.36 0.346 0.37 0.389 0.371 0.343 0.32 0.319 0.354 0.324 0.3 0.333 0.343 0.357 0.339 0.326 0.355 0.342 0.343 0.308 0.282 0.314 0.302 0.288 0.336 0.356 0.371 0.384 0.385 0.357 0.381 0.292 0.313 0.336 0.303 0.275 0.299 0.295 0.329 0.308
0.213 0.219 0.231 0.232 0.234 0.233 0.226 0.231 0.208 0.198 0.195 0.142 0.184 0.193 0.21 0.192 0.183 0.183 0.223 0.221 0.23 0.242 0.262 0.245 0.258 0.252 0.258 0.266 0.279 0.28 0.268 0.273 0.268 0.294 0.336 0.357 0.362 0.371 0.324 0.373 0.359 0.384 0.416 0.438 0.366 0.337 0.336 0.439 0.273 0.258 0.276 0.317 0.327 0.287 0.32 0.319 0.327 0.317 0.29 0.271 0.245 0.264 0.238 0.267 0.357 0.366 0.357 0.337 0.309 0.327 0.294 0.3 0.277 0.26 0.206 0.226 0.221
0.209 0.216 0.212 0.188 0.196 0.219 0.23 0.249 0.214 0.198 0.208 0.192 0.187 0.209 0.21 0.204 0.21 0.216 0.221 0.214 0.239 0.264 0.263 0.245 0.252 0.258 0.265 0.264 0.29 0.274 0.293 0.254 0.276 0.274 0.313 0.369 0.379 0.34 0.377 0.387 0.377 0.373 0.411 0.39 0.344 0.349 0.432 0.42 0.351 0.285 0.3 0.267 0.283 0.319 0.304 0.312 0.311 0.313 0.3 0.282 0.258 0.264 0.3 0.328 0.328 0.313 0.262 0.281 0.275 0.249 0.256 0.248 0.273 0.29 0.245 0.231 0.215
0.191 0.174 0.196 0.178 0.188 0.22 0.249 0.241 0.198 0.197 0.202 0.207 0.212 0.223 0.218 0.223 0.214 0.213 0.202 0.246 0.235 0.258 0.235 0.252 0.271 0.276 0.28 0.259 0.294 0.294 0.279 0.258 0.276 0.324 0.373 0.452 0.431 0.359 0.413 0.435 0.388 0.368 0.356 0.333 0.429 0.426 0.454 0.433 0.302 0.314 0.292 0.3 0.292 0.282 0.284 0.276 0.276 0.253 0.256 0.28 0.26 0.28 0.279 0.336 0.336 0.339 0.332 0.303 0.238 0.216 0.254 0.258 0.279 0.26 0.19 0.215 0.2
0.158 0.158 0.175 0.203 0.202 0.226 0.248 0.24 0.221 0.208 0.218 0.227 0.247 0.229 0.213 0.216 0.201 0.199 0.233 0.235 0.237 0.261 0.268 0.261 0.248 0.293 0.266 0.307 0.32 0.291 0.307 0.338 0.354 0.385 0.46 0.474 0.408 0.367 0.412 0.356 0.361 0.39 0.314 0.362 0.41 0.373 0.489 0.448 0.29 0.284 0.303 0.315 0.317 0.287 0.282 0.273 0.266 0.281 0.252 0.266 0.271 0.279 0.278 0.307 0.338 0.323 0.309 0.286 0.252 0.268 0.261 0.237 0.268 0.201 0.21 0.248 0.217
0.153 0.162 0.18 0.203 0.219 0.229 0.233 0.226 0.222 0.217 0.224 0.24 0.22 0.232 0.222 0.214 0.206 0.206 0.209 0.238 0.251 0.246 0.253 0.26 0.252 0.321 0.279 0.319 0.328 0.322 0.285 0.298 0.327 0.439 0.457 0.396 0.417 0.422 0.391 0.38 0.386 0.33 0.328 0.363 0.426 0.395 0.403 0.409 0.318 0.291 0.292 0.319 0.291 0.291 0.264 0.285 0.3 0.29 0.276 0.262 0.267 0.238 0.257 0.268 0.272 0.253 0.26 0.257 0.28 0.287 0.301 0.257 0.225 0.227 0.218 0.204 0.248
0.183 0.205 0.21 0.223 0.23 0.243 0.226 0.211 0.201 0.221 0.242 0.247 0.245 0.237 0.238 0.256 0.251 0.238 0.245 0.255 0.259 0.274 0.293 0.255 0.252 0.271 0.297 0.344 0.359 0.366 0.394 0.46 0.477 0.352 0.325 0.354 0.325 0.334 0.344 0.31 0.322 0.379 0.423 0.373 0.314 0.348 0.311 0.312 0.376 0.329 0.286 0.267 0.298 0.295 0.283 0.31 0.313 0.295 0.305 0.314 0.293 0.298 0.282 0.278 0.261 0.265 0.278 0.279 0.263 0.239 0.247 0.221 0.199 0.3 0.28 0.24 0.321
0.212 0.208 0.202 0.212 0.222 0.233 0.219 0.209 0.216 0.214 0.232 0.242 0.255 0.242 0.241 0.24 0.253 0.254 0.256 0.252 0.269 0.269 0.278 0.281 0.266 0.29 0.301 0.306 0.349 0.425 0.438 0.478 0.457 0.381 0.357 0.325 0.371 0.345 0.33 0.301 0.34 0.386 0.341 0.35 0.318 0.305 0.273 0.315 0.319 0.287 0.289 0.314 0.259 0.237 0.24 0.265 0.273 0.277 0.264 0.272 0.277 0.281 0.295 0.278 0.284 0.283 0.28 0.276 0.254 0.256 0.25 0.222 0.196 0.339 0.237 0.219 0.342
0.213 0.207 0.224 0.211 0.207 0.232 0.229 0.223 0.218 0.222 0.221 0.226 0.245 0.262 0.241 0.244 0.266 0.264 0.279 0.287 0.296 0.285 0.252 0.329 0.337 0.295 0.305 0.376 0.396 0.459 0.464 0.453 0.363 0.432 0.328 0.301 0.339 0.327 0.325 0.295 0.378 0.359 0.327 0.322 0.305 0.284 0.288 0.301 0.341 0.31 0.29 0.274 0.288 0.264 0.222 0.246 0.242 0.24 0.248 0.242 0.269 0.259 0.244 0.256 0.286 0.29 0.292 0.291 0.287 0.293 0.3 0.282 0.249 0.296 0.299 0.332 0.331
0.203 0.215 0.23 0.209 0.23 0.228 0.23 0.25 0.231 0.241 0.237 0.236 0.23 0.256 0.251 0.275 0.296 0.271 0.28 0.313 0.342 0.341 0.319 0.317 0.368 0.298 0.338 0.456 0.464 0.463 0.392 0.432 0.469 0.402 0.369 0.323 0.303 0.312 0.292 0.355 0.357 0.33 0.285 0.295 0.305 0.297 0.291 0.302 0.302 0.332 0.305 0.247 0.271 0.25 0.205 0.217 0.231 0.222 0.225 0.258 0.25 0.263 0.285 0.257 0.24 0.287 0.307 0.286 0.272 0.249 0.27 0.313 0.276 0.297 0.28 0.308 0.274
0.181 0.198 0.208 0.225 0.23 0.234 0.234 0.247 0.239 0.243 0.246 0.253 0.255 0.265 0.244 0.26 0.275 0.267 0.305 0.331 0.353 0.372 0.344 0.296 0.362 0.36 0.341 0.401 0.43 0.39 0.347 0.388 0.471 0.384 0.343 0.339 0.319 0.302 0.282 0.414 0.375 0.305 0.286 0.343 0.299 0.308 0.294 0.303 0.288 0.273 0.255 0.227 0.248 0.254 0.243 0.25 0.257 0.258 0.238 0.23 0.24 0.251 0.282 0.284 0.277 0.271 0.283 0.284 0.271 0.306 0.267 0.286 0.303 0.271 0.306 0.304 0.294
0.243 0.23 0.232 0.234 0.244 0.253 0.259 0.244 0.253 0.26 0.258 0.254 0.258 0.271 0.274 0.267 0.297 0.271 0.302 0.329 0.35 0.44 0.451 0.353 0.364 0.351 0.403 0.398 0.336 0.324 0.386 0.348 0.298 0.424 0.365 0.339 0.372 0.28 0.263 0.282 0.27 0.282 0.305 0.305 0.349 0.295 0.299 0.325 0.25 0.293 0.258 0.289 0.261 0.261 0.273 0.27 0.247 0.255 0.233 0.233 0.246 0.257 0.284 0.261 0.281 0.284 0.282 0.26 0.277 0.235 0.257 0.29 0.284 0.306 0.295 0.289 0.315
0.241 0.239 0.241 0.244 0.246 0.273 0.273 0.264 0.281 0.284 0.255 0.256 0.273 0.255 0.253 0.273 0.268 0.263 0.286 0.315 0.365 0.417 0.469 0.319 0.345 0.352 0.393 0.363 0.347 0.327 0.347 0.332 0.363 0.367 0.363 0.313 0.292 0.271 0.262 0.272 0.28 0.286 0.291 0.298 0.291 0.274 0.269 0.294 0.243 0.244 0.273 0.271 0.272 0.27 0.26 0.261 0.256 0.261 0.266 0.261 0.267 0.265 0.282 0.27 0.265 0.27 0.259 0.298 0.291 0.283 0.261 0.271 0.288 0.295 0.301 0.303 0.278
0.226 0.23 0.233 0.247 0.272 0.279 0.273 0.261 0.263 0.264 0.24 0.231 0.225 0.266 0.257 0.271 0.286 0.283 0.346 0.389 0.405 0.39 0.392 0.301 0.266 0.379 0.463 0.435 0.334 0.334 0.356 0.35 0.314 0.35 0.389 0.341 0.287 0.282 0.278 0.258 0.263 0.265 0.282 0.269 0.281 0.289 0.276 0.27 0.249 0.28 0.286 0.272 0.269 0.28 0.278 0.283 0.3 0.295 0.276 0.262 0.271 0.282 0.285 0.304 0.276 0.264 0.199 0.165 0.251 0.286 0.294 0.28 0.283 0.319 0.328 0.346 0.278
0.226 0.227 0.224 0.242 0.263 0.273 0.264 0.237 0.231 0.255 0.245 0.267 0.287 0.289 0.293 0.291 0.298 0.333 0.42 0.506 0.392 0.341 0.293 0.31 0.296 0.284 0.361 0.438 0.385 0.362 0.361 0.327 0.286 0.338 0.406 0.359 0.272 0.253 0.271 0.281 0.275 0.272 0.273 0.272 0.274 0.277 0.277 0.246 0.286 0.268 0.279 0.303 0.274 0.277 0.283 0.306 0.285 0.278 0.281 0.274 0.307 0.326 0.316 0.272 0.306 0.283 0.285 0.268 0.232 0.28 0.284 0.278 0.243 0.353 0.353 0.352 0.367
0.21 0.215 0.223 0.255 0.259 0.247 0.249 0.251 0.24 0.279 0.286 0.33 0.321 0.338 0.367 0.362 0.324 0.331 0.384 0.41 0.34 0.317 0.277 0.306 0.354 0.29 0.341 0.43 0.356 0.372 0.338 0.317 0.34 0.29 0.346 0.287 0.268 0.286 0.263 0.278 0.267 0.252 0.242 0.258 0.287 0.266 0.27 0.254 0.289 0.299 0.314 0.292 0.269 0.274 0.337 0.305 0.302 0.303 0.345 0.328 0.318 0.314 0.311 0.257 0.244 0.256 0.3 0.333 0.33 0.284 0.293 0.301 0.331 0.286 0.279 0.309 0.346
0.201 0.22 0.23 0.23 0.247 0.254 0.297 0.296 0.293 0.288 0.301 0.291 0.363 0.396 0.403 0.324 0.343 0.335 0.364 0.357 0.318 0.243 0.278 0.321 0.325 0.304 0.314 0.316 0.324 0.413 0.301 0.277 0.287 0.312 0.353 0.296 0.278 0.281 0.243 0.278 0.285 0.253 0.261 0.267 0.298 0.266 0.228 0.229 0.27 0.295 0.288 0.286 0.259 0.331 0.311 0.306 0.292 0.295 0.299 0.311 0.3 0.297 0.338 0.332 0.348 0.298 0.316 0.321 0.312 0.283 0.317 0.322 0.325 0.33 0.327 0.294 0.37
0.237 0.231 0.225 0.227 0.226 0.254 0.281 0.27 0.303 0.317 0.317 0.332 0.392 0.383 0.389 0.352 0.356 0.349 0.377 0.339 0.288 0.279 0.263 0.284 0.29 0.337 0.276 0.3 0.268 0.287 0.275 0.284 0.285 0.286 0.277 0.313 0.283 0.261 0.254 0.275 0.258 0.236 0.261 0.252 0.24 0.26 0.26 0.253 0.246 0.275 0.289 0.338 0.365 0.312 0.292 0.292 0.28 0.271 0.324 0.313 0.322 0.351 0.388 0.386 0.404 0.397 0.381 0.374 0.351 0.342 0.35 0.367 0.32 0.349 0.332 0.338 0.347
0.235 0.222 0.234 0.247 0.234 0.26 0.278 0.284 0.339 0.342 0.341 0.367 0.401 0.395 0.38 0.38 0.43 0.398 0.302 0.3 0.289 0.301 0.272 0.278 0.319 0.376 0.298 0.302 0.268 0.266 0.273 0.319 0.294 0.263 0.286 0.285 0.263 0.306 0.258 0.245 0.265 0.262 0.266 0.246 0.286 0.292 0.272 0.274 0.308 0.335 0.353 0.332 0.31 0.306 0.313 0.313 0.331 0.344 0.353 0.359 0.353 0.354 0.388 0.373 0.33 0.331 0.357 0.379 0.373 0.371 0.374 0.374 0.373 0.375 0.368 0.364 0.396
0.229 0.237 0.222 0.242 0.237 0.248 0.246 0.257 0.311 0.301 0.304 0.37 0.469 0.427 0.46 0.389 0.384 0.282 0.302 0.291 0.29 0.288 0.307 0.348 0.334 0.284 0.276 0.253 0.239 0.252 0.273 0.271 0.285 0.262 0.29 0.273 0.257 0.327 0.25 0.228 0.271 0.279 0.269 0.276 0.274 0.266 0.267 0.289 0.365 0.37 0.336 0.311 0.355 0.278 0.305 0.306 0.33 0.329 0.338 0.343 0.307 0.244 0.389 0.337 0.306 0.33 0.293 0.29 0.338 0.357 0.379 0.377 0.379 0.391 0.391 0.398 0.396
0.245 0.235 0.24 0.226 0.24 0.245 0.263 0.262 0.316 0.342 0.323 0.352 0.438 0.457 0.434 0.421 0.33 0.296 0.318 0.317 0.281 0.253 0.248 0.256 0.274 0.29 0.283 0.273 0.25 0.264 0.249 0.266 0.277 0.245 0.263 0.282 0.282 0.238 0.265 0.241 0.243 0.273 0.269 0.287 0.281 0.306 0.348 0.348 0.369 0.38 0.357 0.344 0.334 0.323 0.304 0.322 0.288 0.305 0.367 0.392 0.371 0.368 0.365 0.296 0.284 0.319 0.312 0.31 0.315 0.324 0.328 0.355 0.386 0.371 0.378 0.399 0.42
