data/china_ndvi_max_1986.asc
ncols         710
nrows         510
xllcorner     70
yllcorner     10
cellsize      0.1
NODATA_value  -9999
[rows 238 to 271 of 510, columns 77 to 153 of 710]
0.114 0.097 0.1 0.102 0.106 0.104 0.096 0.077 0.083 0.086 0.076 0.081 0.063 0.063 0.07 0.07 0.069 0.06 0.061 0.08 0.297 0.368 0.313 0.184 0.216 0.329 0.288 0.158 0.061 0.066 0.058 0.073 0.069 0.083 0.08 0.089 0.09 0.098 0.073 0.087 0.065 0.067 0.062 0.057 0.053 0.047 0.065 0.074 0.102 0.112 0.112 0.153 0.065 0.087 0.057 0.062 0.061 0.058 0.051 0.059 0.063 0.062 0.045 0.061 0.058 0.061 0.061 0.068 0.065 0.072 0.091 0.086 0.09 0.114 0.131 0.173 0.118
0.132 0.146 0.107 0.166 0.132 0.133 0.099 0.11 0.088 0.087 0.088 0.089 0.068 0.068 0.074 0.071 0.063 0.061 0.053 0.055 0.219 0.257 0.243 0.33 0.312 0.193 0.077 0.081 0.078 0.066 0.082 0.213 0.166 0.227 0.124 0.166 0.151 0.166 0.093 0.16 0.099 0.065 0.067 0.055 0.049 0.047 0.05 0.053 0.044 0.068 0.118 0.089 0.05 0.061 0.059 0.065 0.067 0.063 0.061 0.061 0.071 0.072 0.056 0.075 0.067 0.068 0.066 0.075 0.063 0.066 0.084 0.098 0.071 0.07 0.072 0.078 0.042
0.087 0.109 0.145 0.097 0.037 0.109 0.1 0.16 0.153 0.166 0.134 0.106 0.131 0.087 0.087 0.08 0.07 0.076 0.072 0.091 0.071 0.058 0.052 0.051 0.051 0.06 0.05 0.052 0.054 0.05 0.048 0.047 0.044 0.104 0.112 0.126 0.111 0.193 0.282 0.251 0.192 0.051 0.094 0.055 0.048 0.05 0.04 0.04 0.05 0.045 0.045 0.05 0.053 0.059 0.065 0.066 0.078 0.081 0.083 0.083 0.086 0.079 0.08 0.104 0.079 0.064 0.087 0.08 0.115 0.104 0.037 0.026 0.039 0.059 0.003 0.044 0.029
0.089 0.109 0.053 0.064 0.114 0.113 0.133 0.094 0.149 0.166 0.139 0.154 0.146 0.1 0.094 0.089 0.078 0.075 0.074 0.084 0.07 0.072 0.06 0.069 0.063 0.074 0.052 0.057 0.057 0.054 0.052 0.045 0.041 0.055 0.057 0.058 0.077 0.059 0.17 0.26 0.15 0.053 0.099 0.054 0.051 0.051 0.047 0.045 0.048 0.051 0.047 0.053 0.055 0.062 0.069 0.069 0.082 0.082 0.081 0.082 0.085 0.094 0.101 0.103 0.087 0.083 0.096 0.082 0.052 0.014 0.02 0.009 0.023 0.004 0.028 0.04 0.049
0.026 0.026 0.043 0.048 0.059 0.079 0.068 0.03 0.102 0.145 0.124 0.093 0.119 0.095 0.1 0.079 0.08 0.068 0.083 0.088 0.094 0.076 0.063 0.086 0.088 0.087 0.08 0.071 0.058 0.054 0.048 0.048 0.041 0.031 0.036 0.037 0.046 0.048 0.078 0.067 0.057 0.063 0.063 0.063 0.061 0.056 0.058 0.058 0.056 0.054 0.053 0.062 0.063 0.075 0.078 0.086 0.089 0.088 0.104 0.093 0.107 0.134 0.125 0.077 0.067 0.054 0.054 0.031 0.047 0.037 0.045 0.058 0.064 0.046 0.045 0.053 0.053
0.045 0.051 0.044 0.069 0.064 0.067 0.089 0.07 0.073 0.083 0.079 0.084 0.091 0.089 0.072 0.09 0.118 0.116 0.097 0.121 0.099 0.076 0.066 0.114 0.132 0.131 0.114 0.1 0.072 0.051 0.06 0.044 0.044 0.043 0.044 0.057 0.058 0.056 0.058 0.051 0.064 0.072 0.078 0.068 0.078 0.069 0.067 0.07 0.067 0.061 0.063 0.074 0.072 0.078 0.099 0.105 0.122 0.121 0.067 0.067 0.108 0.133 0.084 0.044 0.048 0.041 0.052 0.069 0.047 0.046 0.049 0.043 0.045 0.055 0.056 0.057 0.055
-0.027 -0 -0.013 0.08 0.071 0.08 0.096 0.083 0.075 0.086 0.132 0.16 0.128 0.095 0.133 0.164 0.162 0.14 0.136 0.137 0.12 0.081 0.073 0.142 0.146 0.117 0.118 0.114 0.074 0.058 0.079 0.061 0.047 0.046 0.049 0.052 0.061 0.056 0.062 0.072 0.07 0.075 0.083 0.084 0.09 0.091 0.083 0.09 0.086 0.082 0.085 0.085 0.088 0.1 0.106 0.109 0.125 0.09 0.076 0.072 0.082 0.066 0.048 0.055 0.049 0.053 0.067 0.063 0.055 0.057 0.068 0.067 0.065 0.048 0.048 0.053 0.044
0.047 0.058 0.057 0.078 0.082 0.076 0.036 0.059 0.071 0.026 0.034 -0.006 -0.021 0.215 0.158 0.15 0.125 0.054 0.135 0.138 0.11 0.153 0.093 0.072 0.078 0.078 0.099 0.115 0.071 0.065 0.079 0.061 0.061 0.055 0.071 0.074 0.089 0.096 0.096 0.094 0.093 0.101 0.114 0.121 0.061 0.062 0.062 0.049 0.015 0.05 0.04 0.051 0.037 0.003 0.04 0.034 0.039 0.046 0.025 0.017 0.04 0.039 0.043 0.048 0.046 0.051 0.05 0.048 0.044 0.05 0.054 0.054 0.067 0.058 0.06 0.063 0.077
0.024 0.034 0.019 0.052 0.062 0.061 0.063 0.065 0.023 0.032 0.024 0.016 0.051 0.088 0.111 0.132 0.071 0.093 0.16 0.15 0.147 0.17 0.113 0.101 0.139 0.144 0.115 0.091 0.085 0.09 0.088 0.094 0.091 0.127 0.09 0.107 0.111 0.103 0.104 0.121 0.122 0.159 0.187 0.09 0.06 0.054 0.056 0.057 0.051 0.034 0.037 0.05 0.048 0.027 0.034 0.04 0.043 0.048 0.036 0.04 0.04 0.044 0.051 0.061 0.068 0.071 0.068 0.071 0.057 0.059 0.067 0.072 0.072 0.063 0.05 0.057 0.053
0.034 0.036 0.028 -0.01 0.039 0.029 0.047 0.048 0.077 0.074 0.071 0.056 0.05 0.033 0.008 0.028 0.002 0.039 0.123 0.197 0.183 0.183 0.172 0.224 0.212 0.228 0.191 0.172 0.11 0.108 0.112 0.103 0.124 0.115 0.108 0.125 0.122 0.12 0.133 0.171 0.153 0.121 0.098 0.033 0.036 0.016 0.027 0.038 0.038 0.062 0.053 0.062 0.058 0.046 0.039 0.045 0.041 0.045 0.046 0.047 0.052 0.052 0.046 0.046 0.049 0.05 0.052 0.053 0.048 0.051 0.054 0.048 0.047 0.051 0.051 0.048 0.055
0.051 0.055 0.068 0.029 0.008 0.004 -0.005 0.009 0.036 0.07 0.071 0.054 0.067 0.052 0.053 0.041 0.016 0.02 -0.012 0.017 0.056 0.208 0.201 0.093 0.054 0.112 0.197 0.257 0.19 0.209 0.191 0.174 0.187 0.198 0.189 0.205 0.278 0.223 0.218 0.089 0.076 0.065 0.068 0.053 0.044 0.035 0.047 0.05 0.064 0.077 0.054 0.066 0.059 0.051 0.05 0.047 0.052 0.059 0.052 0.048 0.048 0.055 0.046 0.052 0.057 0.056 0.059 0.06 0.052 0.06 0.064 0.069 0.071 0.048 0.042 0.044 0.045
0.073 0.069 0.074 0.06 0.055 0.045 0.028 0.05 0.051 0.031 0.041 0.022 0.019 0.064 0.045 0.015 -0.02 -0.037 -0.035 -0.036 0.026 0.063 0.059 0.068 0.005 0.031 0.023 0.072 0.129 0.052 0.191 0.189 0.23 0.198 0.207 0.149 0.094 0.056 0.059 0.028 0.035 0.052 0.049 0.043 0.048 0.054 0.053 0.043 0.049 0.044 0.037 0.058 0.04 0.05 0.051 0.051 0.047 0.043 0.048 0.045 0.044 0.059 0.055 0.055 0.06 0.057 0.058 0.054 0.057 0.06 0.063 0.054 0.047 0.047 0.051 0.052 0.049
0.052 0.069 0.053 0.069 0.068 0.065 0.06 0.05 0.041 0.055 0.014 0.061 0.057 0.074 0.076 0.073 0.042 0.044 -0.04 -0.031 0.014 -0.006 -0.026 0.061 0.062 0.054 0.01 0.004 0.041 0.037 0.033 0.037 0.05 0.042 0.048 0.057 0.054 0.047 0.039 0.031 0.053 0.06 0.063 0.057 0.053 0.057 0.056 0.056 0.064 0.056 0.052 0.05 0.041 0.05 0.055 0.056 0.055 0.052 0.058 0.052 0.054 0.057 0.055 0.055 0.052 0.054 0.053 0.049 0.051 0.053 0.052 0.05 0.054 0.065 0.062 0.055 0.041
0.062 0.041 0.041 0.075 0.076 0.075 0.06 0.06 0.021 0.059 0.06 0.092 0.071 0.066 0.055 0.037 0.05 0.05 0.009 -0.03 -0.023 -0.013 -0.013 0.025 0.017 0.035 -0.013 -0.008 0.019 0.044 0.037 0.04 0.04 0.018 0.021 0.044 0.062 0.052 0.069 0.086 0.08 0.065 0.063 0.051 0.031 0.048 0.05 0.041 0.054 0.062 0.059 0.05 0.05 0.052 0.055 0.055 0.06 0.06 0.05 0.05 0.054 0.057 0.056 0.057 0.056 0.056 0.059 0.061 0.063 0.056 0.06 0.061 0.065 0.058 0.051 0.05 0.056
0.055 0.069 0.053 0.069 0.059 0.054 0.046 0.032 0.06 0.075 0.043 0.005 0.048 0.043 0.039 0.039 0.044 -0.006 0.041 0.035 -0.005 0.01 -0.005 0.017 0.023 0.003 -0.011 -0.001 0.028 0.005 0.012 0.032 0.023 0.054 0.048 0.04 0.036 0.063 0.064 0.052 0.081 0.067 0.059 0.053 0.057 0.045 0.018 -0.025 0.039 0.059 0.051 0.05 0.048 0.05 0.047 0.054 0.052 0.057 0.055 0.053 0.052 0.055 0.059 0.059 0.06 0.062 0.059 0.058 0.058 0.058 0.052 0.056 0.058 0.053 0.049 0.052 0.041
0.069 0.082 0.071 0.052 -0.001 0.027 0.067 0.072 0.047 0.057 0.022 -0.019 0.033 0.051 0.046 0.057 0.063 0.058 0.063 0.044 0.027 0.012 0.02 -0.04 -0.006 0 -0.015 0.006 0.008 0.008 0.021 -0.006 0.038 0.055 0.06 0.056 0.051 0.06 0.077 0.08 0.072 0.061 0.056 0.072 0.057 0.033 -0.027 -0.046 0.019 0.022 0.018 0.013 0.038 0.054 0.054 0.05 0.054 0.056 0.052 0.06 0.061 0.057 0.059 0.065 0.066 0.065 0.061 0.053 0.048 0.044 0.051 0.052 0.052 0.052 0.057 0.054 0.041
0.021 0.027 0.045 0.024 -9999 0.07 0.077 0.062 0.024 0.055 0.06 0.026 0.05 0.058 0.053 0.052 0.044 0.058 0.072 0.068 0.06 0.046 0.038 0.027 0.036 0.01 -0.027 -0.007 -0.03 -0.036 -0.013 0.019 0.002 -0.024 -0.004 0.029 0.043 0.037 0.023 0.008 0.005 0.032 0.042 0.06 0.008 -0.02 -0.03 -0.004 0.023 0.01 0 0.026 0.059 0.059 0.007 0.051 0.054 0.059 0.061 0.059 0.059 0.061 0.059 0.063 0.058 0.056 0.051 0.038 0.046 0.049 0.055 0.052 0.051 0.047 0.047 0.059 0.054
-9999 -9999 -9999 -9999 0.089 0.079 0.076 0.074 0.093 0.076 0.078 0.071 0.078 0.079 0.041 0.066 0.067 0.069 0.066 0.068 0.057 0.058 0.073 0.068 0.055 0.064 0.052 0.044 -0.046 -0.046 -0.045 -0.044 -0.045 -0.043 -0.054 -0.042 -0.037 -0.047 -0.036 0.041 0.054 0.062 0.051 0.025 0.061 0.053 0.053 0.047 0.045 0.05 0.05 0.051 0.049 0.055 0.061 0.06 0.068 0.073 0.048 0.04 0.044 0.046 0.041 0.043 0.055 0.062 0.059 0.059 0.036 0.02 0.063 0.06 0.061 0.07 0.085 0.089 0.078
-9999 -9999 -9999 -9999 0.081 0.082 0.071 0.064 0.112 0.077 0.082 0.069 0.065 0.081 0.087 0.088 0.088 0.09 0.069 0.055 0.067 0.04 0.048 0.056 0.059 0.066 0.046 0.043 0.004 -0.029 -0.037 -0.052 -0.046 -0.041 -0.044 -0.041 0.005 0.006 -0.008 0.018 0.023 -0.011 -0.022 0.01 0.071 0.061 0.061 0.065 0.076 0.056 0.047 0.04 0.047 0.003 -0.3 0.025 0.068 0.064 0.044 0.051 0.056 0.059 0.059 0.066 0.066 0.066 0.064 0.062 0.059 0.063 0.064 0.067 0.064 0.068 0.076 0.078 0.075
-9999 -9999 -9999 -9999 0.083 0.077 0.016 0.027 0.018 -0.003 0.003 0.074 0.071 0.073 0.091 0.096 0.102 0.093 0.084 0.084 0.076 -0.3 -0.3 0.054 0.053 0.045 0.046 0.048 0.05 0.051 0.018 -0.001 -0.026 0.009 0.022 0.031 0.036 0.024 0.018 0.027 0.018 -0.003 0.008 0.039 0.039 0.043 0.019 -0.027 0.073 0.061 0.07 0.073 0.055 0.058 0.065 0.057 0.063 0.056 0.056 0.055 0.052 0.071 0.078 0.064 0.072 0.07 0.072 0.076 0.073 0.059 0.059 0.069 0.071 0.067 0.068 0.072 0.072
-9999 -9999 -9999 -9999 -9999 0.025 0.011 0.051 0.064 0.04 0.054 0.071 -0.002 0.096 0.097 0.087 0.101 0.098 0.082 0.087 0.096 0.044 0.023 0.031 0.042 0.052 0.053 0.049 0.04 0.045 0.049 0.043 0.006 0.062 0.068 0.064 0.042 0.013 0.031 0.044 0.053 0.048 0.047 0.037 0.039 0.044 0.032 0.022 0.047 0.064 0.064 0.06 0.069 0.073 0.072 0.06 0.073 0.067 0.067 0.075 0.078 0.081 0.099 0.07 0.059 0.066 0.066 0.06 0.059 0.061 0.068 0.086 0.091 0.073 0.073 0.081 0.075
-9999 -9999 -9999 -9999 -9999 0.07 0.087 0.082 0.046 0.085 0.094 0.07 0.042 0.053 0.077 0.092 0.089 0.094 0.103 0.092 0.085 0.063 0.06 0.078 0.038 -0.001 -0.01 0.024 0.049 0.037 0.035 0.032 0.026 0.018 -0.3 -0.007 0.059 0.068 0.054 0.057 0.049 0.058 0.056 0.046 0.042 0.064 0.05 0.05 0.058 0.08 0.081 0.099 0.099 0.076 -0.3 -0.001 0.067 0.067 0.073 0.072 0.075 0.086 0.087 0.079 0.078 0.084 0.075 0.074 0.074 0.082 0.081 0.079 0.078 0.071 0.071 0.079 0.087
-9999 -9999 -9999 -9999 -9999 -9999 0.02 0.087 0.003 0.038 0.043 0.089 0.099 0.09 0.089 0.078 0.022 -0.032 0.064 0.062 0.073 0.097 0.088 0.082 0.093 0.082 0.081 0.104 0.056 0.081 0.1 0.086 0.107 0.095 0.111 0.111 0.106 0.079 0.049 0.064 0.063 0.082 0.086 0.066 0.074 0.057 0.051 0.066 0.086 0.09 0.081 0.082 0.066 0.076 0.081 0.088 0.052 0.063 0.082 0.079 0.086 0.084 0.089 0.066 0.067 0.074 0.083 0.086 0.087 0.076 0.08 0.067 0.076 0.09 0.089 0.083 0.101
-9999 -9999 -9999 -9999 -9999 -9999 0.06 0.028 0.055 0.057 0.064 0.101 0.104 0.087 0.076 0.056 0.047 0.063 0.061 0.06 0.067 0.061 0.066 0.081 0.086 0.081 0.064 0.082 0.092 0.074 0.093 0.077 0.086 0.095 0.106 0.094 0.084 0.088 0.087 0.093 0.078 0.071 0.045 0.066 0.077 0.069 0.026 -0.037 0.084 0.082 0.075 0.066 0.098 0.083 0.085 0.077 0.069 0.083 0.072 0.07 0.081 0.084 0.064 0.086 0.078 0.083 0.071 0.1 0.081 0.083 0.082 0.074 0.077 0.084 0.074 0.076 0.082
-9999 -9999 -9999 -9999 -9999 -9999 0.038 0.024 0.058 0.044 0.068 0.079 0.075 0.086 0.089 0.079 0.083 0.081 0.067 0.048 0.005 0.057 0.055 0.05 0.055 0.051 0.081 0.076 0.077 0.077 0.087 0.079 0.087 0.084 0.085 0.092 0.082 0.083 0.086 0.083 0.08 0.054 -0.103 0.057 0.066 0.08 0.022 -0.029 0.087 0.055 0.086 0.104 0.105 0.1 0.094 0.102 0.101 0.09 0.054 0.094 0.089 0.076 -0.002 0.066 0.057 0.071 0.09 0.07 0.067 0.067 0.069 0.074 0.073 0.074 0.085 0.074 0.087
-9999 -9999 -9999 -9999 -9999 -9999 -9999 -9999 0.034 0.069 0.057 0.041 0.052 0.071 0.076 0.075 0.076 0.078 0.078 0.068 0.068 0.069 0.07 0.059 0.057 0.032 0.022 0.02 0.055 0.075 0.088 0.077 0.067 0.075 0.081 0.075 0.099 0.086 0.096 0.079 0.068 0.026 0.051 0.077 0.078 0.072 0.057 0.055 0.071 0.027 0.093 0.068 0.075 0.077 0.08 0.105 0.1 0.113 0.085 0.082 0.09 0.086 0.078 0.07 0.088 0.077 0.068 0.056 0.06 0.084 0.081 0.074 0.074 0.087 0.096 0.097 0.082
-9999 -9999 -9999 -9999 -9999 -9999 -9999 -9999 -9999 -9999 -9999 0.065 0.061 0.046 0.065 0.066 0.076 0.073 0.073 0.077 0.076 0.074 0.076 0.055 0.048 0.038 0.058 0.063 0.068 0.085 0.059 0.056 0.091 -0.3 0.08 0.083 0.091 0.081 0.072 0.082 0.084 0.062 0.068 0.079 0.072 0.073 0.07 0.064 0.077 0.07 0.06 0.053 0.077 0.073 0.079 0.097 0.096 0.086 0.087 0.072 0.077 0.089 0.077 0.082 0.09 0.064 0.06 0.075 0.079 0.072 0.017 0.065 0.066 0.073 0.065 0.047 0.036
-9999 -9999 -9999 -9999 -9999 -9999 -9999 -9999 -9999 -9999 -9999 -9999 0.065 0.05 0.063 0.056 0.055 0.057 0.079 0.029 0.067 0.003 -0.038 0.027 0.03 0.023 0.045 0.09 0.074 0.073 0.078 0.065 -0.049 0.062 -0.044 0.065 0.087 0.066 0.048 0.001 -0.005 0.109 0.107 0.089 0.068 0.074 0.052 0.061 0.044 0.07 0.066 0.062 0.055 0.063 0.063 0.077 0.081 0.064 0.1 0.076 0.058 0.084 0.084 0.09 0.088 0.002 0.005 0.07 0.065 0.072 0.071 0.08 0.08 0.081 0.09 0.034 0.076
-9999 -9999 -9999 -9999 -9999 -9999 -9999 -9999 -9999 -9999 -9999 -9999 -9999 0.07 0.068 0.062 0.066 0.061 0.008 -0.029 0.038 0.051 0.006 -0.036 0.007 0.043 0.083 0.091 0.068 0.072 0.073 0.019 -0.03 0.037 0.087 0.1 0.086 0.091 0.08 0.092 0.074 0.045 0.083 0.025 0.068 0.066 0.074 0.06 0.066 0.072 0.071 0.077 0.074 0.07 0.06 0.056 0.064 0.071 0.126 0.113 0.092 -0.009 0.076 0.091 0.101 0.081 0.052 0.064 0.07 0.081 0.088 0.084 0.086 0.038 0.09 0.038 0.036
-9999 -9999 -9999 -9999 -9999 -9999 -9999 -9999 -9999 -9999 -9999 -9999 -9999 0.059 0.066 0.058 0.059 0.044 0.013 0.014 0.065 0.02 0.056 0.062 0.075 0.062 0.075 0.073 0.078 0.083 0.077 0.047 0.001 0.051 0.023 0.063 0.096 0.107 0.082 0.091 0.1 0.093 0.066 0.036 0.064 0.064 -0.3 0.022 0.082 0.07 0.078 0.019 0.075 0.071 -0.085 -0.017 0.089 0.113 0.105 0.101 0.103 -0.032 0.012 0.106 0.092 0.063 0.067 0.083 0.092 0.082 0.075 0.083 0.087 0.098 0.104 0.097 0.098
-9999 -9999 -9999 -9999 -9999 -9999 -9999 -9999 -9999 -9999 -9999 0.017 -0.018 0.009 0.045 0.044 0.047 0.057 0.081 0.058 0.04 0.002 -0.042 0.085 0.076 0.036 0.056 0.062 0.082 0.083 0.072 0.064 0.068 0.066 0.08 0.087 0.1 0.1 0.071 0.102 0.092 0.084 0.085 0.074 -0.027 -0.007 0.079 0.029 0.108 0.103 0.093 0.06 0.079 0.074 0.084 0.074 0.093 0.064 0.087 0.081 0.063 0.09 0.092 0.097 0.098 0.092 0.078 0.088 0.095 0.094 0.083 0.081 0.091 0.101 0.114 0.1 0.125
-9999 -9999 -9999 -9999 -9999 -9999 -9999 -9999 -9999 -9999 -9999 0.047 0.039 0.068 0.044 0.069 0.063 0.064 0.064 0.06 0.048 0.035 0.001 0.067 0.061 0.053 0.042 0.068 0.088 0.098 0.07 0.075 0.087 0.099 0.104 0.092 0.087 0.091 -0.3 -0.3 0.055 0.09 0.085 0.065 0.064 0.049 0.069 0.102 0.065 -0.011 0.054 0.081 0.076 0.081 0.089 0.079 0.081 0.081 0.061 0.076 0.052 0.117 0.114 0.082 0.087 0.089 0.061 0.086 0.102 0.1 0.093 0.091 0.106 0.097 0.099 0.115 0.111
-9999 -9999 -9999 -9999 -9999 -9999 -9999 -9999 -9999 -9999 -9999 0.003 0.057 0.123 0.056 0.081 0.065 0.067 0.059 0.062 0.045 0.027 0.03 0.061 0.087 0.07 0.089 0.083 0.067 0.086 0.083 0.083 0.089 0.075 0.085 0.102 0.089 0.087 0.096 0.11 0.103 0.1 0.097 0.055 0.052 0.103 0.121 0.12 0.092 0.123 0.114 0.091 0.111 0.09 0.093 0.111 0.093 0.084 0.106 0.115 0.104 0.096 0.087 0.014 0.072 0.078 0.074 0.071 0.087 0.091 0.091 0.087 0.094 0.109 0.083 0.104 0.111
-9999 -9999 -9999 -9999 -9999 -9999 -9999 -9999 -9999 -9999 -9999 0.045 0.048 0.05 0.052 0.065 0.068 0.065 0.079 0.088 0.077 0.088 0.073 0.056 0.059 0.089 0.1 0.083 0.061 0.083 0.089 0.077 0.09 0.085 0.074 0.096 0.088 0.088 0.093 0.1 0.113 0.105 0.079 0.065 0.061 0.08 0.02 -0.006 0.122 0.104 0.089 0.093 0.112 0.101 0.084 0.103 0.101 0.11 0.106 0.103 0.1 0.089 0.09 0.101 0.093 0.089 0.076 0.055 0.064 0.089 0.101 0.11 0.106 0.107 0.108 0.125 0.115
