data/china_ndvi_max_1984.asc
ncols         710
nrows         510
xllcorner     70
yllcorner     10
cellsize      0.1
NODATA_value  -9999
[rows 170 to 203 of 510, columns 77 to 153 of 710]
-9999 -9999 -9999 -9999 -9999 -9999 -9999 -9999 -9999 -9999 -9999 -9999 -9999 -9999 -9999 -9999 -9999 -9999 -9999 -9999 -9999 -9999 -9999 -9999 -9999 -9999 -9999 -9999 -9999 0.152 0.22 0.305 0.344 0.383 0.373 0.388 0.303 0.264 0.326 0.351 0.354 0.264 0.17 0.195 0.211 0.226 0.22 0.183 0.26 0.272 0.305 0.313 0.359 0.433 0.432 0.429 0.445 0.439 0.155 0.211 0.119 0.048 0.076 0.054 0.051 0.197 0.244 0.182 0.239 0.215 0.294 0.248 0.303 0.122 0.258 0.265 0.288
-9999 -9999 -9999 -9999 -9999 -9999 -9999 -9999 -9999 -9999 -9999 -9999 -9999 -9999 -9999 -9999 -9999 -9999 -9999 -9999 -9999 -9999 -9999 -9999 -9999 -9999 -9999 -9999 -9999 0.22 0.237 0.302 0.299 0.255 0.264 0.28 0.32 0.344 0.284 0.349 0.36 0.319 0.306 0.275 0.239 0.237 0.288 0.245 0.278 0.259 0.252 0.241 0.309 0.348 0.398 0.434 0.437 0.461 0.404 0.388 0.332 0.297 0.354 0.266 0.117 0.13 0.065 0.099 0.039 0.109 0.174 0.17 0.18 0.232 0.169 0.197 0.257
-9999 -9999 -9999 -9999 -9999 -9999 -9999 -9999 -9999 -9999 -9999 -9999 -9999 -9999 -9999 -9999 -9999 -9999 -9999 -9999 -9999 -9999 -9999 -9999 -9999 -9999 -9999 -9999 -9999 -9999 0.154 0.149 0.145 0.156 0.158 0.165 0.204 0.192 0.255 0.246 0.295 0.309 0.29 0.189 0.148 0.151 0.172 0.219 0.309 0.317 0.304 0.303 0.408 0.422 0.444 0.449 0.459 0.454 0.428 0.443 0.434 0.42 0.406 0.385 0.382 0.365 0.266 0.194 0.105 -0.003 0.128 -0.01 0.13 0.048 0.135 0.128 0.204
-9999 -9999 -9999 -9999 -9999 -9999 -9999 -9999 -9999 -9999 -9999 -9999 -9999 -9999 -9999 -9999 -9999 -9999 -9999 -9999 -9999 -9999 -9999 -9999 -9999 -9999 -9999 -9999 -9999 -9999 0.126 0.115 0.122 0.129 0.138 0.187 0.153 0.152 0.16 0.197 0.238 0.324 0.252 0.306 0.241 0.173 0.183 0.251 0.233 0.256 0.269 0.311 0.353 0.437 0.431 0.421 0.466 0.47 0.438 0.322 0.34 0.4 0.41 0.193 0.232 0.158 0.336 0.228 0.378 0.268 0.222 0.06 0.095 -0.026 -0.015 0.012 0.059
-9999 -9999 -9999 -9999 -9999 -9999 -9999 -9999 -9999 -9999 -9999 -9999 -9999 -9999 -9999 -9999 -9999 -9999 -9999 -9999 -9999 -9999 -9999 -9999 -9999 -9999 -9999 -9999 -9999 -9999 -9999 0.165 0.182 0.212 0.223 0.251 0.272 0.23 0.188 0.181 0.204 0.163 0.158 0.291 0.312 0.333 0.346 0.363 0.316 0.326 0.354 0.314 0.309 0.343 0.372 0.437 0.413 0.463 0.486 0.425 0.411 0.354 0.342 0.144 0.165 0.118 0.218 0.321 0.08 0.126 0.232 0.149 0.005 0.029 0.006 -0.002 0.004
-9999 -9999 -9999 -9999 -9999 -9999 -9999 -9999 -9999 -9999 -9999 -9999 -9999 -9999 -9999 -9999 -9999 -9999 -9999 -9999 -9999 -9999 -9999 -9999 -9999 -9999 -9999 -9999 -9999 -9999 -9999 0.414 0.375 0.285 0.3 0.264 0.182 0.298 0.417 0.417 0.435 0.398 0.344 0.429 0.291 0.263 0.243 0.241 0.2 0.189 0.163 0.215 0.203 0.289 0.304 0.326 0.336 0.379 0.421 0.447 0.387 0.425 0.398 0.434 0.453 0.422 0.39 0.38 0.343 0.292 0.274 0.095 0.094 0.086 0.152 0.127 0.105
-9999 -9999 -9999 -9999 -9999 -9999 -9999 -9999 -9999 -9999 -9999 -9999 -9999 -9999 -9999 -9999 -9999 -9999 -9999 -9999 -9999 -9999 -9999 -9999 -9999 -9999 -9999 -9999 -9999 -9999 -9999 0.275 0.322 0.344 0.411 0.393 0.403 0.443 0.457 0.463 0.453 0.328 0.349 0.411 0.369 0.375 0.332 0.305 0.222 0.262 0.279 0.323 0.371 0.405 0.403 0.395 0.392 0.473 0.421 0.449 0.396 0.404 0.418 0.386 0.403 0.44 0.438 0.42 0.375 0.408 0.322 0.257 0.216 0.079 0.101 0.13 0.116
-9999 -9999 -9999 -9999 -9999 -9999 -9999 -9999 -9999 -9999 -9999 -9999 -9999 -9999 -9999 -9999 -9999 -9999 -9999 -9999 -9999 -9999 -9999 -9999 -9999 -9999 -9999 -9999 -9999 -9999 -9999 0.402 0.429 0.41 0.398 0.41 0.393 0.424 0.342 0.351 0.319 0.308 0.327 0.269 0.255 0.254 0.298 0.306 0.4 0.422 0.428 0.432 0.468 0.441 0.395 0.404 0.357 0.332 0.352 0.317 0.393 0.334 0.345 0.319 0.362 0.324 0.343 0.422 0.337 0.357 0.348 0.355 0.229 0.203 0.168 0.176 0.146
-9999 -9999 -9999 -9999 -9999 -9999 -9999 -9999 -9999 -9999 -9999 -9999 -9999 -9999 -9999 -9999 -9999 -9999 -9999 -9999 -9999 -9999 -9999 -9999 -9999 -9999 -9999 -9999 -9999 0.312 0.379 0.428 0.434 0.405 0.322 0.352 0.402 0.406 0.462 0.435 0.352 0.318 0.222 0.376 0.351 0.392 0.427 0.374 0.426 0.432 0.456 0.512 0.493 0.458 0.352 0.368 0.39 0.371 0.274 0.117 0.053 -0.003 0.034 0.147 0.186 0.204 0.302 0.35 0.278 0.219 0.17 0.199 0.187 0.124 0.106 0.163 0.183
-9999 -9999 -9999 -9999 -9999 -9999 -9999 -9999 -9999 -9999 -9999 -9999 -9999 -9999 -9999 -9999 -9999 -9999 -9999 -9999 -9999 -9999 -9999 -9999 -9999 -9999 -9999 0.336 0.402 0.45 0.431 0.418 0.401 0.383 0.362 0.391 0.387 0.383 0.339 0.317 0.314 0.322 0.3 0.393 0.406 0.39 0.397 0.401 0.449 0.398 0.453 0.397 0.373 0.297 0.274 0.17 0.153 0.203 0.097 0.127 0.15 0.237 0.284 0.297 0.263 0.25 0.309 0.262 0.275 0.212 0.161 0.183 0.283 0.245 0.208 0.157 0.186
-9999 -9999 -9999 -9999 -9999 -9999 -9999 -9999 -9999 -9999 -9999 -9999 -9999 -9999 -9999 -9999 -9999 -9999 -9999 -9999 -9999 -9999 -9999 -9999 -9999 -9999 -9999 -9999 -9999 -9999 0.321 0.339 0.345 0.346 0.338 0.382 0.421 0.404 0.432 0.458 0.451 0.41 0.473 0.459 0.353 0.325 0.319 0.028 0.142 0.247 0.151 0.29 0.341 0.271 0.222 0.249 0.269 0.236 0.209 0.219 0.288 0.36 0.304 0.282 0.246 0.205 0.234 0.339 0.323 0.295 0.267 0.196 0.102 0.206 0.158 0.134 0.124
-9999 -9999 -9999 -9999 -9999 -9999 -9999 -9999 -9999 -9999 -9999 -9999 -9999 -9999 -9999 -9999 -9999 -9999 -9999 -9999 -9999 -9999 -9999 -9999 -9999 -9999 0.313 0.311 0.324 0.352 0.374 0.329 0.325 0.381 0.42 0.425 0.404 0.433 0.435 0.387 0.265 0.243 0.385 0.279 0.2 0.125 0.156 0.121 0.315 0.405 0.361 0.288 0.256 0.183 0.184 0.231 0.289 0.257 0.248 0.235 0.243 0.247 0.226 0.351 0.339 0.315 0.305 0.325 0.303 0.327 0.306 0.208 0.164 0.145 0.249 0.208 0.219
-9999 -9999 -9999 -9999 -9999 -9999 -9999 -9999 -9999 -9999 -9999 -9999 -9999 -9999 -9999 -9999 -9999 -9999 -9999 -9999 -9999 -9999 -9999 -9999 -9999 -9999 0.318 0.325 0.346 0.352 0.352 0.394 0.416 0.367 0.411 0.361 0.211 0.287 0.217 0.225 0.167 0.207 0.285 0.29 0.307 0.357 0.379 0.396 0.349 0.215 0.158 0.046 0.186 0.027 0.01 0.096 0.109 0.164 0.326 0.316 0.289 0.282 0.305 0.325 0.321 0.315 0.313 0.347 0.332 0.336 0.308 0.256 0.165 0.07 0.071 0.07 0.058
-9999 -9999 -9999 -9999 -9999 -9999 -9999 -9999 -9999 -9999 -9999 -9999 -9999 -9999 -9999 -9999 -9999 -9999 -9999 -9999 -9999 -9999 -9999 -9999 -9999 0.426 0.417 0.425 0.398 0.444 0.347 0.43 0.325 0.191 0.354 0.169 0.177 0.194 0.192 0.05 0.063 0.053 0.159 0.332 0.337 0.402 0.378 0.328 0.188 0.059 0.068 0.063 0.032 0.066 0.225 0.259 0.261 0.295 0.304 0.305 0.327 0.304 0.32 0.342 0.363 0.339 0.339 0.321 0.368 0.342 0.333 0.332 0.371 0.201 0.188 0.043 -0.005
-9999 -9999 -9999 -9999 -9999 -9999 -9999 -9999 -9999 -9999 -9999 -9999 -9999 -9999 -9999 -9999 -9999 -9999 -9999 -9999 -9999 -9999 -9999 -9999 -9999 -9999 0.298 0.37 0.241 0.378 0.375 0.254 0.209 0.319 0.335 0.352 0.298 0.427 0.216 0.145 0.213 0.154 0.291 0.406 0.349 0.255 0.26 0.077 0.108 0.126 0.146 0.161 0.089 0.117 0.065 0.121 0.119 0.051 0.26 0.262 0.179 0.17 0.186 0.282 0.339 0.337 0.297 0.28 0.302 0.305 0.32 0.298 0.271 0.187 0.186 0.068 0.129
-9999 -9999 -9999 -9999 -9999 -9999 -9999 -9999 -9999 -9999 -9999 -9999 -9999 -9999 -9999 -9999 -9999 -9999 -9999 -9999 -9999 -9999 -9999 -9999 -9999 -9999 0.133 0.241 -0.031 0.04 0.034 0.04 0.018 0.045 0.067 0.064 -0.008 0.003 0.003 -0.021 -0.029 0.02 -0.002 0.155 0.079 0.149 0.183 0.151 0.171 0.18 0.162 0.201 0.204 0.231 0.337 0.253 0.246 0.238 0.262 0.206 0.165 0.346 0.36 0.215 0.203 0.05 0.018 0.067 0.216 0.071 0.113 0.299 0.263 0.304 0.254 0.263 0.174
-9999 -9999 -9999 -9999 -9999 -9999 -9999 -9999 -9999 -9999 -9999 -9999 -9999 -9999 -9999 -9999 -9999 -9999 -9999 -9999 -9999 -9999 -9999 -9999 -9999 -9999 -0.02 -0.016 0.01 0.036 0.041 0.022 -0.002 -0.035 0.014 0.058 0.058 0.017 0.039 0.143 0.141 0.164 0.208 0.158 0.146 0.153 0.222 0.184 0.139 0.139 0.127 0.136 0.153 0.169 0.194 0.167 0.179 0.221 0.275 0.194 0.244 0.186 0.187 0.25 0.238 0.232 0.219 0.238 0.227 0.17 0.202 0.155 0.169 0.182 0.177 0.225 0.216
-9999 -9999 -9999 -9999 -9999 -9999 -9999 -9999 -9999 -9999 -9999 -9999 -9999 -9999 -9999 -9999 -9999 -9999 -9999 -9999 -9999 -9999 -9999 -9999 -9999 -0.044 -0.038 -0.025 -0.011 0.042 0.073 0.07 -0.017 0.019 0.11 0.048 0.089 0.137 0.201 0.16 0.213 0.176 0.162 0.242 0.236 0.274 0.233 0.157 0.124 0.147 0.182 0.087 0.096 0.099 0.109 0.123 0.12 0.147 0.231 0.231 0.234 0.221 0.167 0.086 0.09 0.085 0.113 0.136 0.11 0.142 0.15 0.186 0.135 0.204 0.233 0.208 0.16
-9999 -9999 -9999 -9999 -9999 -9999 -9999 -9999 -9999 -9999 -9999 -9999 -9999 -9999 -9999 -9999 -9999 -9999 -9999 -9999 -9999 -9999 -9999 -0.034 -0.037 -0.042 -0.032 -0.038 0.05 0.105 0.095 0.088 0.07 -0.009 0.008 0.171 0.177 0.245 0.237 0.225 0.176 0.233 0.261 0.204 0.149 0.15 0.142 0.111 0.087 0.203 0.12 0.078 0.086 0.104 0.114 0.106 0.106 0.117 0.12 0.107 0.138 0.105 0.123 0.06 0.082 0.067 0.066 0.077 0.067 0.054 0.053 0.062 0.069 0.121 0.148 0.153 0.159
-9999 -9999 -9999 -9999 -9999 -9999 -9999 -9999 -9999 -9999 -9999 -9999 -9999 -9999 -9999 -9999 -9999 -9999 -9999 -9999 -9999 -9999 -0.038 -0.027 -0.044 -0.043 -0.028 -0.017 -0.011 -0.015 0.073 0.111 0.11 0.024 -0.006 0.059 0.188 0.227 0.163 0.145 0.14 0.16 0.157 0.131 0.123 0.117 0.112 0.109 0.098 0.088 0.085 0.085 0.081 0.094 0.089 0.097 0.107 0.113 0.113 0.132 0.122 0.135 0.123 0.067 0.068 0.068 0.061 0.055 0.048 0.097 0.101 0.071 0.036 0.126 0.071 0.084 0.084
-9999 -9999 -9999 -9999 -9999 -9999 -9999 -9999 -9999 -9999 -9999 -9999 -9999 -9999 -9999 -9999 -9999 -9999 -9999 -9999 -9999 0.012 0.033 -0.02 -0.036 -0.02 0.081 0.098 -0.016 0.15 0.179 0.159 0.253 0.294 0.246 0.247 0.253 0.212 0.109 0.109 0.111 0.081 0.075 0.173 0.112 0.058 0.073 0.07 0.071 0.079 0.077 0.069 0.062 0.069 0.063 0.051 0.054 0.067 0.068 0.082 0.058 0.088 0.068 0.106 0.272 0.31 0.093 0.056 0.143 0.186 0.158 0.076 0.102 0.118 0.076 0.101 0.083
-9999 -9999 -9999 -9999 -9999 -9999 -9999 -9999 -9999 -9999 -9999 -9999 -9999 -9999 -9999 -9999 -9999 0.094 0.127 0.153 0.154 0.133 0.11 -0.011 -0.013 -0.019 0.063 0.248 0.245 0.295 0.283 0.234 0.211 0.215 0.299 0.224 0.111 0.128 0.104 0.079 0.08 0.12 0.272 0.177 0.204 0.208 0.164 0.124 0.058 0.085 0.073 0.058 0.054 0.089 0.049 0.107 0.061 0.072 0.074 0.074 0.066 0.096 0.108 0.156 0.219 0.293 0.196 0.062 0.067 0.092 0.152 0.149 0.117 0.083 0.052 0.056 0.054
-9999 -9999 -9999 -9999 -9999 -9999 -9999 -9999 -9999 -9999 -9999 -9999 -9999 -9999 -9999 0.07 0.2 0.143 0.108 0.115 0.119 0.221 0.196 0.193 0.244 0.263 0.298 0.282 0.21 0.176 0.156 0.144 0.101 0.155 0.246 0.208 0.172 0.174 0.137 0.196 0.174 0.255 0.224 0.184 0.127 0.072 0.06 0.044 0.053 0.057 0.077 0.075 0.086 0.185 0.193 0.228 0.201 0.1 0.07 0.072 0.072 0.079 0.079 0.097 0.1 0.213 0.216 0.119 0.081 0.085 0.066 0.094 0.074 0.042 0.048 0.048 0.048
-9999 -9999 -9999 -9999 -9999 -9999 -9999 -9999 -9999 -9999 -9999 -9999 -0.018 0.077 0.116 0.142 0.133 0.142 0.105 0.095 0.082 0.109 0.117 0.188 0.16 0.169 0.145 0.141 0.128 0.11 0.13 0.108 0.108 0.123 0.166 0.199 0.279 0.271 0.141 0.126 0.126 0.073 0.057 0.058 0.068 0.055 0.054 0.056 0.166 0.191 0.278 0.264 0.245 0.219 0.182 0.151 0.112 0.093 0.072 0.072 0.075 0.073 0.072 0.085 0.115 0.153 0.084 0.068 0.143 0.117 0.103 0.097 0.056 0.049 0.061 0.049 0.044
-9999 -9999 -9999 -9999 -9999 -9999 -9999 -9999 -9999 -9999 0.049 0.011 0.064 0.168 0.155 0.108 0.084 0.14 0.089 0.059 0.075 0.135 0.118 0.089 0.091 0.085 0.101 0.109 0.09 0.113 0.128 0.076 0.087 0.081 0.071 0.059 0.068 0.076 0.067 0.07 0.062 0.065 0.059 0.056 0.054 0.064 0.108 0.216 0.278 0.28 0.28 0.285 0.297 0.264 0.234 0.169 0.123 0.11 0.108 0.082 0.082 0.075 0.064 0.095 0.134 0.109 0.163 0.146 0.163 0.094 0.095 0.063 0.05 0.038 0.06 0.056 0.056
-9999 0.068 0.073 0.111 0.114 0.101 -9999 0.082 0.094 0.098 0.08 0.115 0.141 0.078 0.049 0.053 0.21 0.17 0.123 0.052 0.063 0.172 0.08 0.17 0.239 0.066 0.066 0.07 0.05 0.085 0.089 0.31 0.201 0.073 0.072 0.068 0.056 0.06 0.072 0.063 0.062 0.064 0.088 0.048 0.038 0.066 0.232 0.2 0.208 0.268 0.252 0.208 0.197 0.244 0.133 0.112 0.183 0.231 0.093 0.076 0.118 0.153 0.178 0.09 0.062 0.077 0.12 0.1 0.04 0.048 0.064 0.113 0.066 0.135 0.1 0.071 0.065
-0.009 0.035 0.01 0.11 0.1 0.094 0.087 0.046 0.098 0.1 0.112 0.133 0.138 0.071 0.104 0.138 0.246 0.264 0.194 0.172 0.07 0.102 0.227 0.239 0.319 0.263 0.248 0.221 0.232 0.269 0.163 0.277 0.168 0.075 0.069 0.074 0.066 0.071 0.065 0.066 0.067 0.079 0.055 0.049 0.05 0.039 0.079 0.209 0.208 0.226 0.248 0.239 0.2 0.144 0.202 0.245 0.15 0.201 0.188 0.163 0.117 0.144 0.182 0.061 0.073 0.105 0.108 0.125 0.071 0.082 0.092 0.091 0.112 0.089 0.099 0.104 0.098
0.121 0.115 0.1 0.08 0.082 0.094 0.067 0.102 0.139 0.132 0.093 0.084 0.086 0.201 0.265 0.251 0.22 0.247 0.139 0.18 0.232 0.271 0.334 0.226 0.259 0.338 0.237 0.193 0.29 0.268 0.128 0.17 0.165 0.103 0.1 0.089 0.073 0.08 0.067 0.069 0.053 0.056 0.049 0.042 0.047 0.054 0.067 0.072 0.103 0.154 0.232 0.258 0.261 0.195 0.117 0.116 0.179 0.145 0.187 0.19 0.176 0.212 0.181 0.153 0.154 0.147 0.179 0.186 0.135 0.15 0.14 0.129 0.139 0.144 0.163 0.124 0.107
0.1 0.081 0.084 0.047 0.081 0.068 0.11 0.113 0.118 0.098 0.088 0.08 0.074 0.179 0.223 0.106 0.083 0.104 0.084 0.08 0.077 0.178 0.223 0.059 0.052 0.192 0.22 0.064 0.254 0.249 0.127 0.138 0.149 0.108 0.094 0.101 0.093 0.088 0.067 0.063 0.058 0.05 0.06 0.06 0.097 0.082 0.08 0.094 0.091 0.104 0.155 0.264 0.231 0.194 0.182 0.15 0.161 0.162 0.223 0.174 0.198 0.199 0.165 0.133 0.17 0.162 0.084 0.083 0.109 0.132 0.1 0.095 0.119 0.152 0.116 0.089 0.083
0.029 0.012 0.021 0.007 0.039 0.092 0.154 0.175 0.095 0.085 0.136 0.081 0.085 0.12 0.149 0.138 0.145 0.127 0.106 0.099 0.083 0.08 0.072 0.062 0.098 0.225 0.246 0.135 0.243 0.237 0.114 0.087 0.14 0.098 0.09 0.086 0.087 0.085 0.064 0.1 0.075 0.059 0.084 0.048 0.048 0.06 0.103 0.091 0.106 0.18 0.176 0.261 0.27 0.186 0.173 0.215 0.219 0.217 0.169 0.124 0.182 0.149 0.089 0.098 0.113 0.115 0.068 0.074 0.067 0.066 0.071 0.07 0.073 0.086 0.131 0.133 0.113
0.145 0.118 0.096 0.096 0.114 0.148 0.116 0.134 0.141 0.14 0.162 0.179 0.157 0.141 0.144 0.157 0.163 0.147 0.115 0.109 0.1 0.107 0.095 0.247 0.225 0.258 0.276 0.326 0.228 0.142 0.104 0.069 0.065 0.072 0.064 0.06 0.059 0.06 0.11 0.053 0.056 0.065 0.066 0.125 0.095 0.132 0.173 0.189 0.135 0.183 0.144 0.191 0.192 0.193 0.146 0.154 0.134 0.113 0.057 0.072 0.119 0.104 0.105 0.06 0.057 0.052 0.055 0.055 0.058 0.06 0.06 0.06 0.054 0.049 0.057 0.057 0.068
0.132 0.119 0.111 0.186 0.169 0.148 0.179 0.201 0.245 0.251 0.218 0.183 0.159 0.121 0.131 0.124 0.131 0.111 0.102 0.111 0.097 0.084 0.083 0.148 0.147 0.278 0.264 0.271 0.23 0.084 0.169 0.098 0.076 0.07 0.063 0.06 0.084 0.066 0.129 0.096 0.079 0.079 0.087 0.085 0.071 0.097 0.111 0.097 0.055 0.053 0.046 0.051 0.067 0.07 0.05 0.061 0.05 0.045 0.041 0.043 0.045 0.045 0.049 0.046 0.044 0.044 0.05 0.05 0.051 0.058 0.054 0.052 0.051 0.051 0.052 0.053 0.055
0.139 0.158 0.163 0.166 0.17 0.154 0.177 0.144 0.193 0.168 0.116 0.111 0.11 0.12 0.096 0.099 0.115 0.109 0.101 0.098 0.09 0.11 0.222 0.162 0.092 0.268 0.287 0.297 0.264 0.255 0.168 0.044 0.1 0.138 0.127 0.11 0.099 0.129 0.224 0.233 0.225 0.244 0.115 0.07 0.078 0.065 0.062 0.054 0.05 0.046 0.049 0.051 0.05 0.047 0.043 0.044 0.045 0.041 0.04 0.042 0.042 0.043 0.043 0.051 0.059 0.053 0.046 0.047 0.049 0.049 0.052 0.056 0.058 0.052 0.051 0.052 0.052
0.12 0.132 0.157 0.157 0.163 0.172 0.124 0.083 0.095 0.102 0.087 0.097 0.105 0.089 0.094 0.114 0.102 0.105 0.097 0.099 0.116 0.244 0.319 0.134 0.074 0.23 0.255 0.278 0.227 0.269 0.244 0.249 0.176 0.088 0.12 0.097 0.282 0.249 0.324 0.287 0.284 0.172 0.093 0.055 0.05 0.045 0.042 0.042 0.039 0.037 0.036 0.037 0.037 0.042 0.041 0.04 0.039 0.04 0.039 0.036 0.041 0.044 0.043 0.043 0.045 0.047 0.047 0.048 0.046 0.049 0.05 0.048 0.048 0.05 0.049 0.051 0.051
