data/china_ndvi_max_2001.asc
ncols         710
nrows         510
xllcorner     70
yllcorner     10
cellsize      0.1
NODATA_value  -9999
[rows 105 to 139 of 510, columns 462 to 538 of 710]
-9999 -9999 -9999 -9999 -9999 -9999 -9999 -9999 -9999 -9999 -9999 -9999 -9999 -9999 -9999 -9999 -9999 -9999 -9999 -9999 -9999 -9999 -9999 -9999 -9999 -9999 -9999 -9999 -9999 -9999 0.343 0.34 0.343 0.315 0.32 0.35 0.32 0.316 0.415 0.367 0.346 0.389 0.386 0.382 0.414 0.404 0.382 0.389 0.434 0.485 0.468 0.499 0.516 0.547 0.52 0.464 0.535 0.54 0.509 0.52 0.534 0.54 0.507 0.514 0.526 0.526 0.524 0.512 0.518 0.538 0.515 0.519 0.528 0.546 0.555 0.513 0.563
-9999 -9999 -9999 -9999 -9999 -9999 -9999 -9999 -9999 -9999 -9999 -9999 -9999 -9999 -9999 -9999 -9999 -9999 -9999 -9999 -9999 -9999 -9999 -9999 -9999 -9999 -9999 -9999 -9999 -9999 -9999 -9999 0.38 0.361 0.332 0.315 0.329 0.309 0.334 0.344 0.354 0.335 0.337 0.372 0.398 0.392 0.373 0.362 0.446 0.454 0.476 0.474 0.49 0.518 0.5 0.513 0.509 0.518 0.525 0.522 0.514 0.529 0.512 0.527 0.494 0.518 0.527 0.525 0.516 0.522 0.53 0.525 0.514 0.51 0.545 0.539 0.52
-9999 -9999 -9999 -9999 -9999 -9999 -9999 -9999 -9999 -9999 -9999 -9999 -9999 -9999 -9999 -9999 -9999 -9999 -9999 -9999 -9999 -9999 -9999 -9999 -9999 -9999 -9999 -9999 -9999 -9999 -9999 -9999 0.341 0.324 0.307 0.362 0.343 0.333 0.347 0.321 0.303 0.304 0.331 0.349 0.353 0.373 0.417 0.451 0.402 0.439 0.444 0.476 0.518 0.519 0.51 0.5 0.476 0.488 0.501 0.499 0.503 0.503 0.518 0.519 0.507 0.524 0.539 0.533 0.495 0.501 0.509 0.5 0.523 0.513 0.495 0.506 0.506
-9999 -9999 -9999 -9999 -9999 -9999 -9999 -9999 -9999 -9999 -9999 -9999 -9999 -9999 -9999 -9999 -9999 -9999 -9999 -9999 -9999 -9999 -9999 -9999 -9999 -9999 -9999 -9999 -9999 -9999 -9999 0.329 0.316 0.373 0.32 0.351 0.334 0.325 0.322 0.324 0.326 0.32 0.364 0.354 0.397 0.377 0.444 0.471 0.423 0.473 0.463 0.512 0.519 0.515 0.503 0.497 0.435 0.476 0.516 0.549 0.531 0.493 0.497 0.471 0.44 0.482 0.505 0.516 0.495 0.507 0.483 0.531 0.535 0.558 0.531 0.488 0.512
-9999 -9999 -9999 -9999 -9999 -9999 -9999 -9999 -9999 -9999 -9999 -9999 -9999 -9999 -9999 -9999 -9999 -9999 -9999 -9999 -9999 -9999 -9999 -9999 -9999 -9999 -9999 -9999 -9999 0.379 0.332 0.317 0.315 0.334 0.329 0.361 0.372 0.344 0.348 0.353 0.349 0.332 0.349 0.432 0.427 0.447 0.44 0.431 0.464 0.454 0.444 0.469 0.453 0.467 0.442 0.434 0.466 0.486 0.529 0.511 0.501 0.505 0.537 0.497 0.507 0.525 0.512 0.528 0.525 0.536 0.513 0.481 0.496 0.529 0.54 0.507 0.518
-9999 -9999 -9999 -9999 -9999 -9999 -9999 -9999 -9999 -9999 -9999 -9999 -9999 -9999 -9999 -9999 -9999 -9999 -9999 -9999 -9999 -9999 -9999 -9999 0.274 0.219 0.279 0.291 0.305 0.313 0.295 0.309 0.277 0.316 0.313 0.343 0.359 0.35 0.339 0.386 0.381 0.369 0.37 0.407 0.428 0.393 0.451 0.462 0.483 0.476 0.469 0.418 0.402 0.454 0.483 0.494 0.515 0.511 0.499 0.487 0.543 0.473 0.487 0.529 0.51 0.477 0.536 0.534 0.527 0.509 0.494 0.514 0.534 0.5 0.493 0.509 0.531
-9999 -9999 -9999 -9999 -9999 0.226 0.237 -9999 -9999 -9999 -9999 -9999 -9999 -9999 -9999 -9999 -9999 -9999 -9999 -9999 -9999 -9999 0.315 0.254 0.258 0.278 0.295 0.289 0.292 0.298 0.28 0.274 0.268 0.301 0.333 0.339 0.353 0.348 0.35 0.327 0.348 0.363 0.373 0.448 0.448 0.417 0.46 0.475 0.443 0.444 0.423 0.465 0.485 0.522 0.521 0.516 0.513 0.509 0.498 0.504 0.504 0.521 0.511 0.538 0.542 0.515 0.539 0.546 0.522 0.519 0.542 0.532 0.536 0.485 0.457 0.506 0.513
-9999 -9999 -9999 -9999 -9999 0.237 0.238 0.226 0.241 -9999 -9999 -9999 -9999 -9999 -9999 -9999 -9999 -9999 -9999 -9999 -9999 0.287 0.245 0.273 0.288 0.305 0.32 0.308 0.269 0.272 0.271 0.287 0.28 0.291 0.291 0.291 0.305 0.342 0.328 0.33 0.365 0.374 0.421 0.4 0.4 0.389 0.419 0.435 0.429 0.449 0.431 0.442 0.434 0.468 0.502 0.435 0.446 0.452 0.475 0.514 0.532 0.529 0.523 0.532 0.552 0.546 0.541 0.55 0.505 0.494 0.542 0.555 0.512 0.505 0.459 0.477 0.5
-9999 -9999 -9999 -9999 0.255 0.256 0.234 0.233 0.239 0.198 0.218 0.207 0.199 0.259 -9999 -9999 -9999 -9999 0.308 0.261 0.228 0.234 0.231 0.256 0.254 0.306 0.329 0.309 0.251 0.269 0.287 0.313 0.323 0.302 0.314 0.298 0.303 0.324 0.314 0.336 0.37 0.388 0.463 0.388 0.372 0.417 0.398 0.429 0.469 0.483 0.471 0.465 0.447 0.444 0.436 0.443 0.468 0.46 0.477 0.542 0.539 0.528 0.55 0.53 0.544 0.535 0.533 0.501 0.538 0.486 0.513 0.537 0.504 0.53 0.497 0.443 0.493
-9999 -9999 -9999 0.224 0.261 0.26 0.243 0.24 0.224 0.229 0.229 0.2 0.207 0.221 0.256 0.26 0.317 0.35 0.229 0.195 0.213 0.261 0.271 0.249 0.246 0.255 0.27 0.268 0.278 0.275 0.279 0.323 0.34 0.325 0.315 0.303 0.283 0.299 0.363 0.358 0.358 0.377 0.373 0.39 0.394 0.43 0.439 0.444 0.429 0.434 0.454 0.451 0.417 0.434 0.488 0.487 0.517 0.515 0.524 0.546 0.539 0.535 0.511 0.536 0.48 0.533 0.535 0.539 0.498 0.497 0.527 0.508 0.499 0.526 0.508 0.45 0.476
-9999 -9999 -9999 0.253 0.26 0.242 0.236 0.237 0.208 0.2 0.198 0.203 0.201 0.207 0.258 0.227 0.246 0.249 0.233 0.232 0.238 0.252 0.201 0.27 0.229 0.239 0.241 0.254 0.282 0.301 0.289 0.314 0.347 0.289 0.294 0.285 0.273 0.296 0.323 0.358 0.356 0.362 0.374 0.36 0.357 0.338 0.376 0.406 0.366 0.348 0.374 0.387 0.442 0.498 0.543 0.478 0.488 0.519 0.521 0.514 0.481 0.482 0.509 0.54 0.528 0.539 0.514 0.534 0.51 0.55 0.555 0.522 0.5 0.525 0.533 0.46 0.521
-9999 -9999 0.214 0.234 0.234 0.237 0.205 0.229 0.216 0.228 0.222 0.202 0.191 0.186 -0.3 0.153 0.207 0.214 0.219 0.208 0.218 0.214 0.215 0.269 0.316 0.252 0.229 0.237 0.262 0.292 0.271 0.329 0.305 0.303 0.293 0.293 0.288 0.291 0.326 0.314 0.326 0.34 0.369 0.35 0.353 0.332 0.349 0.363 0.394 0.429 0.436 0.484 0.497 0.495 0.501 0.497 0.472 0.485 0.529 0.539 0.533 0.519 0.538 0.509 0.527 0.484 0.503 0.546 0.539 0.574 0.574 0.54 0.529 0.517 0.485 0.49 0.489
-9999 0.22 0.222 0.227 0.229 0.209 0.206 0.209 0.212 0.214 0.196 0.197 0.193 -0.3 -0.3 0.127 0.199 0.204 0.196 0.192 0.21 0.213 0.206 0.227 0.239 0.258 0.248 0.258 0.279 0.248 0.256 0.264 0.275 0.283 0.286 0.265 0.264 0.333 0.323 0.346 0.326 0.347 0.34 0.336 0.38 0.368 0.395 0.383 0.386 0.447 0.442 0.439 0.464 0.45 0.478 0.489 0.471 0.499 0.523 0.504 0.488 0.506 0.52 0.492 0.483 0.502 0.536 0.556 0.537 0.567 0.541 0.544 0.535 0.472 0.494 0.422 0.463
0.199 0.205 0.209 0.2 0.185 0.196 0.202 0.206 0.214 0.206 0.198 0.192 0.114 -0.3 -0.3 -0.3 0.197 0.22 0.166 0.222 0.229 0.22 0.215 0.211 0.205 0.205 0.203 0.188 0.229 0.222 0.238 0.239 0.282 0.306 0.312 0.272 0.281 0.317 0.305 0.29 0.32 0.343 0.34 0.36 0.383 0.405 0.421 0.394 0.381 0.452 0.459 0.476 0.478 0.445 0.466 0.439 0.46 0.464 0.509 0.529 0.501 0.49 0.535 0.555 0.524 0.56 0.557 0.561 0.565 0.57 0.537 0.548 0.547 0.483 0.46 0.424 0.501
0.219 0.201 0.207 0.188 0.186 0.186 0.202 0.203 0.207 0.193 0.247 0.152 -9999 -0.3 -0.3 -0.3 0.162 0.167 0.191 0.206 0.238 0.248 0.266 0.248 0.253 0.261 0.269 0.276 0.278 0.278 0.267 0.264 0.292 0.302 0.325 0.301 0.299 0.303 0.321 0.32 0.359 0.38 0.343 0.391 0.359 0.394 0.353 0.367 0.365 0.409 0.41 0.441 0.456 0.448 0.455 0.453 0.497 0.493 0.544 0.51 0.485 0.488 0.506 0.546 0.548 0.537 0.532 0.546 0.535 0.533 0.53 0.51 0.534 0.525 0.508 0.448 0.49
0.225 0.209 0.2 0.187 0.191 0.2 0.191 0.179 -0.3 -0.3 -9999 -0.3 -0.3 -0.3 0.184 0.202 0.218 0.198 0.209 0.191 0.193 0.233 0.233 0.257 0.242 0.263 0.295 0.279 0.289 0.258 0.286 0.237 0.304 0.259 0.238 0.259 0.286 0.331 0.309 0.348 0.382 0.402 0.378 0.353 0.394 0.443 0.439 0.414 0.462 0.474 0.443 0.448 0.471 0.47 0.494 0.499 0.512 0.487 0.547 0.516 0.485 0.519 0.538 0.515 0.505 0.543 0.559 0.554 0.582 0.6 0.536 0.565 0.581 0.477 0.535 0.509 0.432
0.207 0.192 0.183 0.175 0.188 0.228 0.204 0.177 -0.3 -0.3 -0.3 -0.3 -0.3 0.154 0.209 0.225 0.203 0.184 0.219 0.203 0.185 0.239 0.221 0.23 0.247 0.263 0.265 0.272 0.294 0.264 0.252 0.248 0.25 0.272 0.296 0.3 0.299 0.301 0.315 0.373 0.374 0.376 0.378 0.419 0.446 0.433 0.454 0.456 0.436 0.424 0.422 0.443 0.434 0.448 0.488 0.497 0.511 0.49 0.525 0.537 0.524 0.54 0.573 0.551 0.532 0.505 0.543 0.578 0.562 0.525 0.529 0.523 0.502 0.43 0.416 0.442 0.459
0.19 0.173 0.172 0.199 0.196 0.189 0.164 0.191 0.228 -0.3 -0.3 -0.3 0.173 0.234 0.211 0.218 0.207 0.159 0.19 0.173 0.211 0.219 0.221 0.249 0.237 0.273 0.284 0.376 0.248 0.245 0.277 0.284 0.273 0.289 0.294 0.301 0.305 0.306 0.387 0.38 0.383 0.39 0.424 0.396 0.424 0.431 0.44 0.435 0.414 0.435 0.444 0.456 0.487 0.49 0.497 0.51 0.492 0.486 0.492 0.527 0.53 0.517 0.516 0.501 0.508 0.518 0.521 0.557 0.574 0.52 0.52 0.444 0.407 0.386 0.385 0.401 0.444
0.203 0.172 0.178 0.163 0.186 0.208 0.201 0.207 0.206 0.201 -0.3 -0.3 0.193 0.249 0.223 0.218 0.199 0.172 0.203 0.201 0.224 0.203 0.189 0.238 0.254 0.251 0.26 0.399 0.253 0.278 0.295 0.303 0.318 0.29 0.287 0.279 0.313 0.309 0.374 0.385 0.375 0.386 0.397 0.414 0.426 0.405 0.43 0.445 0.478 0.491 0.498 0.51 0.507 0.53 0.538 0.491 0.482 0.507 0.485 0.518 0.561 0.553 0.515 0.524 0.547 0.547 0.504 0.487 0.502 0.493 0.452 0.409 0.382 0.374 0.404 0.384 0.404
0.165 0.154 0.179 0.204 0.209 0.195 0.194 0.182 0.196 0.208 0.152 0.19 0.219 0.232 0.228 0.223 0.222 0.178 0.201 0.224 0.239 0.245 0.248 0.264 0.227 0.233 0.259 0.317 0.243 0.262 0.283 0.28 0.302 0.307 0.299 0.271 0.313 0.327 0.352 0.371 0.381 0.398 0.387 0.461 0.465 0.447 0.45 0.468 0.503 0.515 0.516 0.505 0.494 0.464 0.513 0.508 0.528 0.537 0.495 0.459 0.506 0.504 0.493 0.525 0.521 0.553 0.544 0.533 0.423 0.411 0.444 0.419 0.395 0.383 0.384 0.357 0.381
0.192 0.193 0.215 0.233 0.216 0.203 0.199 0.188 0.204 0.2 0.222 0.235 0.215 0.248 0.231 0.229 0.222 0.214 0.219 0.207 0.196 0.211 0.21 0.221 0.235 0.209 0.22 0.241 0.312 0.303 0.26 0.236 0.273 0.294 0.318 0.291 0.322 0.366 0.44 0.379 0.412 0.383 0.372 0.442 0.42 0.415 0.45 0.441 0.462 0.508 0.518 0.501 0.46 0.513 0.509 0.516 0.53 0.537 0.471 0.48 0.474 0.485 0.537 0.476 0.49 0.506 0.474 0.508 0.475 0.4 0.395 0.386 0.428 0.423 0.445 0.396 0.396
0.183 0.197 0.217 0.222 0.219 0.205 0.194 0.193 0.218 0.22 0.206 0.23 0.189 0.221 0.242 0.232 0.23 0.211 0.211 0.22 0.201 0.203 0.214 0.205 0.234 0.209 0.216 0.268 0.292 0.328 0.322 0.271 0.292 0.33 0.334 0.351 0.31 0.358 0.444 0.415 0.403 0.38 0.404 0.423 0.443 0.443 0.45 0.447 0.501 0.503 0.491 0.469 0.464 0.519 0.524 0.521 0.511 0.524 0.534 0.519 0.529 0.471 0.522 0.505 0.482 0.469 0.482 0.472 0.478 0.437 0.388 0.372 0.38 0.391 0.394 0.401 0.395
0.205 0.206 0.215 0.199 0.164 0.159 0.169 0.183 0.202 0.2 0.195 0.193 0.208 0.218 0.242 0.215 0.2 0.209 0.213 0.211 0.193 0.215 0.22 0.195 0.203 0.226 0.249 0.256 0.243 0.259 0.324 0.321 0.315 0.327 0.414 0.496 0.52 0.522 0.548 0.493 0.446 0.384 0.429 0.45 0.457 0.442 0.462 0.471 0.517 0.507 0.502 0.474 0.482 0.534 0.531 0.514 0.479 0.494 0.487 0.488 0.498 0.486 0.451 0.432 0.409 0.425 0.445 0.487 0.432 0.425 0.403 0.396 0.402 0.374 0.364 0.383 0.399
0.213 0.202 0.189 0.172 0.138 0.169 0.2 0.192 0.2 0.206 0.226 0.21 0.23 0.236 0.216 0.239 0.195 0.208 0.242 0.241 0.216 0.242 0.213 0.229 0.268 0.252 0.271 0.274 0.292 0.302 0.295 0.301 0.325 0.384 0.638 0.614 0.59 0.581 0.483 0.453 0.399 0.459 0.439 0.432 0.453 0.457 0.49 0.522 0.507 0.506 0.484 0.505 0.513 0.512 0.535 0.533 0.547 0.477 0.513 0.499 0.512 0.533 0.443 0.377 0.396 0.384 0.407 0.48 0.434 0.429 0.414 0.403 0.419 0.366 0.35 0.358 0.338
0.195 0.182 0.192 0.155 0.167 0.184 0.188 0.203 0.202 0.205 0.21 0.215 0.229 0.202 0.212 0.212 -9999 -9999 -9999 -9999 -9999 -9999 -9999 0.251 0.229 0.253 0.276 0.277 0.277 0.363 0.326 0.284 0.312 0.432 0.473 0.461 0.439 0.496 0.426 0.42 0.401 0.421 0.453 0.446 0.468 0.464 0.484 0.516 0.484 0.501 0.486 0.521 0.516 0.514 0.535 0.532 0.501 0.497 0.505 0.475 0.495 0.518 0.464 0.496 0.439 0.371 0.444 0.451 0.392 0.419 0.394 0.374 0.386 0.344 0.35 0.35 0.353
0.17 0.163 0.151 0.207 0.208 0.195 0.216 0.196 0.209 0.225 0.207 0.215 0.215 0.284 -0.3 -9999 -9999 -9999 -9999 -9999 -9999 -9999 -9999 -9999 -9999 0.265 0.271 0.272 0.3 0.261 0.281 0.273 0.282 0.36 0.375 0.385 0.365 0.345 0.386 0.422 0.42 0.429 0.448 0.456 0.487 0.459 0.509 0.501 0.524 0.522 0.527 0.475 0.491 0.515 0.544 0.54 0.516 0.518 0.503 0.484 0.527 0.548 0.525 0.434 0.355 0.327 0.317 0.364 0.337 0.329 0.34 0.368 0.383 0.37 0.405 0.397 0.403
-9999 -9999 -9999 -9999 -9999 -9999 -9999 -9999 -9999 -9999 0.212 0.206 0.202 -0.3 -9999 -9999 -9999 -9999 -9999 -9999 -9999 -9999 -9999 -9999 -9999 -9999 0.269 0.25 0.258 0.267 0.282 0.302 0.31 0.38 0.386 0.37 0.394 0.383 0.419 0.4 0.44 0.441 0.428 0.503 0.484 0.471 0.526 0.487 0.509 0.493 0.501 0.469 0.506 0.529 0.55 0.529 0.515 0.506 0.471 0.508 0.548 0.507 0.492 0.403 0.397 0.393 0.344 0.334 0.343 0.326 0.335 0.375 0.363 0.371 0.404 0.389 0.396
-9999 -9999 -9999 -9999 -9999 -9999 -9999 -9999 -9999 -9999 -9999 0.222 0.208 -9999 -9999 -9999 -9999 -9999 -9999 -9999 -9999 -9999 -9999 -9999 -9999 -9999 -9999 -9999 -9999 0.278 0.317 0.314 0.312 0.381 0.357 0.363 0.375 0.382 0.428 0.394 0.424 0.446 0.421 0.457 0.441 0.507 0.484 0.49 0.486 0.501 0.494 0.475 0.494 0.486 0.461 0.462 0.478 0.502 0.432 0.442 0.475 0.447 0.428 0.369 0.339 0.333 0.327 0.331 0.338 0.33 0.352 0.343 0.391 0.365 0.361 0.372 0.389
-9999 -9999 -9999 -9999 -9999 -9999 -9999 -9999 -9999 -9999 -9999 -9999 -9999 -9999 -9999 -9999 -9999 -9999 -9999 -9999 -9999 -9999 -9999 -9999 -9999 -9999 -9999 -9999 -9999 -9999 0.363 0.348 0.369 0.371 0.361 0.403 0.417 0.487 0.422 0.445 0.427 0.477 0.457 0.45 0.497 0.492 0.492 0.48 0.498 0.506 0.505 0.475 0.524 0.479 0.454 0.493 0.506 0.525 0.451 0.418 0.422 0.438 0.442 0.361 0.337 0.328 0.314 0.359 0.337 0.342 0.351 0.406 0.317 0.34 0.358 0.384 0.37
-9999 -9999 -9999 -9999 -9999 -9999 -9999 -9999 -9999 -9999 -9999 -9999 -9999 -9999 -9999 -9999 -9999 -9999 -9999 -9999 -9999 -9999 -9999 -9999 -9999 -9999 -9999 -9999 -9999 -9999 -9999 0.373 0.396 0.337 0.359 0.386 0.416 0.43 0.449 0.464 0.436 0.454 0.501 0.485 0.493 0.493 0.467 0.48 0.507 0.516 0.497 0.42 0.454 0.448 0.494 0.512 0.466 0.516 0.44 0.425 0.395 0.358 0.389 0.342 0.381 0.356 0.345 0.313 0.331 0.333 0.378 0.324 0.319 0.325 0.362 0.376 0.384
-9999 -9999 -9999 -9999 -9999 -9999 -9999 -9999 -9999 -9999 -9999 -9999 -9999 -9999 -9999 -9999 -9999 -9999 -9999 -9999 -9999 -9999 -9999 -9999 -9999 -9999 -9999 -9999 -9999 -9999 -9999 -9999 0.339 0.386 0.394 0.439 0.453 0.477 0.423 0.424 0.421 0.461 0.478 0.379 0.368 0.429 0.502 0.503 0.513 0.488 0.448 0.412 0.4 0.507 0.448 0.436 0.521 0.476 0.466 0.383 0.433 0.405 0.347 0.36 0.343 0.337 0.339 0.331 0.365 0.361 0.347 0.325 0.3 0.302 0.345 0.342 0.365
-9999 -9999 -9999 -9999 -9999 -9999 -9999 -9999 -9999 -9999 -9999 -9999 -9999 -9999 -9999 -9999 -9999 -9999 -9999 -9999 -9999 -9999 -9999 -9999 -9999 -9999 -9999 -9999 -9999 -9999 -9999 -9999 -9999 -9999 0.384 0.385 0.399 0.399 0.419 0.429 0.431 0.444 0.474 0.467 0.461 0.464 0.506 0.505 0.493 0.449 0.487 0.489 0.442 0.424 0.443 0.441 0.47 0.454 0.426 0.416 0.405 0.427 0.38 0.372 0.372 0.411 0.383 0.366 0.333 0.349 0.35 0.345 0.338 0.352 0.38 0.352 0.293
-9999 -9999 -9999 -9999 -9999 -9999 -9999 -9999 -9999 -9999 -9999 -9999 -9999 -9999 -9999 -9999 -9999 -9999 -9999 -9999 -9999 -9999 -9999 -9999 -9999 -9999 -9999 -9999 -9999 -9999 -9999 -9999 -9999 -9999 -9999 0.388 0.436 0.435 0.444 0.45 0.458 0.496 0.489 0.471 0.46 0.499 0.506 0.496 0.498 0.482 0.475 0.459 0.442 0.432 0.38 0.444 0.506 0.488 0.346 0.382 0.38 0.379 0.386 0.318 0.324 0.321 0.336 0.354 0.365 0.343 0.392 0.397 0.381 0.349 0.261 0.276 0.321
-9999 -9999 -9999 -9999 -9999 -9999 -9999 -9999 -9999 -9999 -9999 -9999 -9999 -9999 -9999 -9999 -9999 -9999 -9999 -9999 -9999 -9999 -9999 -9999 -9999 -9999 -9999 -9999 -9999 -9999 -9999 -9999 -9999 -9999 -9999 -9999 0.417 0.411 0.429 0.472 0.46 0.47 0.475 0.475 0.465 0.496 0.518 0.491 0.462 0.453 0.446 0.434 0.429 0.514 0.436 0.408 0.431 0.406 0.401 0.397 0.451 0.401 0.382 0.327 0.291 0.311 0.326 0.322 0.354 0.345 0.367 0.398 0.382 0.377 0.273 0.334 0.336
-9999 -9999 -9999 -9999 -9999 -9999 -9999 -9999 -9999 -9999 -9999 -9999 -9999 -9999 -9999 -9999 -9999 -9999 -9999 -9999 -9999 -9999 -9999 -9999 -9999 -9999 -9999 -9999 -9999 -9999 -9999 -9999 -9999 -9999 -9999 -9999 0.42 0.421 0.416 0.47 0.463 0.462 0.5 0.487 0.487 0.531 0.522 0.455 0.479 0.475 0.457 0.451 0.464 0.441 0.385 0.394 0.329 0.329 0.412 0.449 0.449 0.4 0.325 0.291 0.32 0.317 0.312 0.328 0.356 0.379 0.369 0.374 0.366 0.345 0.289 0.384 0.363
