data/china_ndvi_max_1993.asc
ncols         710
nrows         510
xllcorner     70
yllcorner     10
cellsize      0.1
NODATA_value  -9999
[rows 340 to 373 of 510, columns 385 to 461 of 710]
0.602 0.571 0.607 0.61 0.623 0.622 0.627 0.636 0.667 0.611 0.603 0.607 0.572 0.652 0.68 0.657 0.69 0.722 0.652 0.637 0.641 0.548 0.565 0.541 0.522 0.507 0.505 0.537 0.477 0.512 0.62 0.534 0.481 0.466 0.44 0.624 0.636 0.575 0.498 0.467 0.414 0.273 0.455 0.503 0.486 0.662 0.688 0.526 0.489 0.49 0.616 0.496 0.624 0.716 0.728 0.715 0.569 0.568 0.696 0.685 0.696 0.579 0.536 0.482 0.606 0.421 0.497 0.554 0.676 0.704 0.652 0.631 0.681 0.746 0.738 0.543 0.638
0.587 0.612 0.645 0.648 0.67 0.623 0.643 0.641 0.652 0.603 0.628 0.594 0.589 0.665 0.703 0.683 0.702 0.707 0.654 0.584 0.639 0.565 0.554 0.519 0.529 0.575 0.506 0.523 0.625 0.568 0.726 0.579 0.452 0.463 0.433 0.524 0.551 0.505 0.518 0.485 0.52 0.441 0.466 0.452 0.48 0.578 0.596 0.488 0.53 0.636 0.527 0.491 0.559 0.727 0.784 0.684 0.713 0.705 0.675 0.616 0.694 0.667 0.595 0.506 0.464 0.473 0.482 0.539 0.678 0.706 0.654 0.676 0.699 0.702 0.68 0.558 0.647
0.645 0.679 0.658 0.652 0.651 0.637 0.664 0.627 0.657 0.646 0.637 0.642 0.607 0.642 0.707 0.65 0.696 0.705 0.63 0.69 0.542 0.532 0.541 0.554 0.557 0.548 0.553 0.517 0.708 0.583 0.543 0.459 0.496 0.448 0.571 0.508 0.486 0.507 0.507 0.486 0.495 0.507 0.482 0.495 0.496 0.501 0.57 0.636 0.568 0.698 0.553 0.516 0.652 0.734 0.77 0.659 0.656 0.704 0.629 0.709 0.739 0.699 0.576 0.463 0.533 0.629 0.574 0.675 0.73 0.703 0.686 0.649 0.677 0.599 0.534 0.468 0.615
0.648 0.688 0.675 0.651 0.67 0.657 0.614 0.648 0.66 0.65 0.657 0.663 0.577 0.696 0.685 0.661 0.7 0.674 0.648 0.685 0.603 0.675 0.521 0.572 0.579 0.653 0.693 0.594 0.694 0.615 0.505 0.514 0.5 0.482 0.39 0.515 0.518 0.5 0.525 0.498 0.501 0.466 0.58 0.514 0.491 0.623 0.627 0.63 0.597 0.527 0.591 0.599 0.662 0.729 0.722 0.675 0.738 0.751 0.71 0.707 0.686 0.647 0.564 0.487 0.561 0.609 0.665 0.697 0.741 0.68 0.71 0.658 0.7 0.646 0.63 0.475 0.545
0.678 0.702 0.696 0.661 0.653 0.665 0.659 0.642 0.637 0.676 0.654 0.598 0.593 0.692 0.69 0.647 0.643 0.677 0.654 0.672 0.717 0.697 0.574 0.602 0.579 0.691 0.71 0.63 0.662 0.711 0.499 0.535 0.489 0.473 0.451 0.566 0.511 0.453 0.497 0.487 0.506 0.507 0.484 0.502 0.485 0.602 0.615 0.616 0.565 0.517 0.656 0.63 0.72 0.698 0.65 0.762 0.778 0.784 0.728 0.679 0.723 0.601 0.517 0.554 0.556 0.691 0.663 0.693 0.671 0.615 0.561 0.666 0.684 0.652 0.712 0.467 0.541
0.701 0.707 0.676 0.68 0.654 0.627 0.585 0.564 0.685 0.652 0.66 0.654 0.667 0.675 0.7 0.706 0.709 0.693 0.623 0.653 0.662 0.652 0.655 0.634 0.612 0.707 0.581 0.577 0.528 0.557 0.522 0.438 0.487 0.487 0.455 0.508 0.507 0.495 0.523 0.513 0.507 0.494 0.512 0.483 0.471 0.573 0.598 0.612 0.599 0.677 0.685 0.599 0.697 0.694 0.717 0.745 0.701 0.719 0.684 0.643 0.483 0.55 0.646 0.681 0.6 0.629 0.609 0.539 0.511 0.509 0.589 0.601 0.539 0.595 0.518 0.532 0.612
0.681 0.68 0.682 0.704 0.674 0.664 0.627 0.637 0.679 0.679 0.653 0.623 0.663 0.69 0.686 0.691 0.72 0.695 0.638 0.656 0.658 0.647 0.632 0.61 0.674 0.685 0.574 0.6 0.563 0.493 0.477 0.438 0.473 0.479 0.606 0.584 0.596 0.589 0.515 0.496 0.596 0.461 0.527 0.514 0.544 0.583 0.575 0.584 0.585 0.675 0.681 0.695 0.703 0.684 0.705 0.756 0.663 0.612 0.614 0.661 0.549 0.668 0.67 0.646 0.586 0.636 0.619 0.517 0.478 0.42 0.57 0.573 0.566 0.547 0.534 0.556 0.579
0.679 0.66 0.674 0.699 0.672 0.666 0.633 0.666 0.689 0.692 0.653 0.626 0.667 0.652 0.657 0.693 0.66 0.685 0.691 0.681 0.681 0.632 0.642 0.638 0.598 0.626 0.601 0.551 0.601 0.5 0.556 0.464 0.523 0.644 0.772 0.698 0.671 0.664 0.644 0.646 0.673 0.557 0.522 0.532 0.532 0.63 0.581 0.629 0.63 0.702 0.628 0.711 0.687 0.711 0.724 0.706 0.625 0.601 0.608 0.59 0.616 0.594 0.577 0.622 0.529 0.63 0.645 0.546 0.472 0.463 0.572 0.563 0.553 0.586 0.58 0.652 0.653
0.665 0.681 0.717 0.712 0.693 0.682 0.677 0.622 0.68 0.631 0.677 0.646 0.681 0.648 0.712 0.649 0.633 0.67 0.689 0.693 0.656 0.644 0.659 0.644 0.615 0.626 0.711 0.57 0.561 0.498 0.583 0.515 0.626 0.723 0.784 0.733 0.697 0.721 0.708 0.585 0.61 0.657 0.556 0.52 0.577 0.652 0.524 0.666 0.583 0.72 0.631 0.644 0.726 0.747 0.727 0.688 0.616 0.623 0.583 0.594 0.596 0.532 0.608 0.584 0.469 0.582 0.625 0.571 0.523 0.552 0.559 0.479 0.573 0.666 0.671 0.698 0.688
0.658 0.691 0.695 0.674 0.664 0.666 0.648 0.669 0.666 0.697 0.678 0.68 0.663 0.677 0.698 0.691 0.678 0.671 0.675 0.679 0.66 0.602 0.667 0.659 0.614 0.67 0.609 0.544 0.533 0.495 0.641 0.581 0.576 0.73 0.799 0.755 0.718 0.716 0.68 0.664 0.572 0.644 0.541 0.516 0.485 0.508 0.591 0.614 0.614 0.702 0.635 0.68 0.802 0.705 0.714 0.639 0.653 0.66 0.665 0.659 0.642 0.62 0.603 0.621 0.606 0.656 0.578 0.542 0.606 0.572 0.494 0.474 0.63 0.688 0.694 0.663 0.62
0.658 0.656 0.693 0.662 0.648 0.602 0.568 0.646 0.638 0.667 0.636 0.621 0.641 0.652 0.668 0.685 0.659 0.695 0.716 0.718 0.709 0.65 0.702 0.611 0.534 0.536 0.54 0.538 0.578 0.612 0.691 0.689 0.644 0.684 0.672 0.556 0.526 0.505 0.511 0.52 0.555 0.57 0.452 0.57 0.579 0.625 0.607 0.623 0.679 0.606 0.713 0.718 0.73 0.677 0.568 0.788 0.713 0.687 0.727 0.666 0.588 0.645 0.556 0.514 0.47 0.455 0.494 0.656 0.502 0.499 0.632 0.687 0.614 0.63 0.558 0.442 0.619
0.627 0.598 0.628 0.628 0.619 0.594 0.59 0.601 0.619 0.59 0.622 0.612 0.653 0.678 0.701 0.674 0.667 0.709 0.731 0.812 0.738 0.72 0.627 0.563 0.546 0.567 0.547 0.551 0.619 0.629 0.711 0.713 0.685 0.67 0.689 0.531 0.494 0.502 0.493 0.496 0.535 0.585 0.536 0.563 0.624 0.591 0.577 0.671 0.637 0.615 0.732 0.736 0.725 0.665 0.679 0.788 0.669 0.681 0.68 0.708 0.565 0.589 0.466 0.454 0.428 0.635 0.606 0.707 0.597 0.592 0.602 0.546 0.586 0.621 0.644 0.678 0.716
0.682 0.674 0.635 0.625 0.6 0.647 0.611 0.614 0.597 0.599 0.672 0.688 0.69 0.698 0.712 0.681 0.709 0.741 0.744 0.762 0.732 0.689 0.578 0.592 0.612 0.584 0.565 0.494 0.603 0.615 0.684 0.652 0.62 0.662 0.553 0.509 0.495 0.482 0.503 0.475 0.533 0.62 0.528 0.61 0.592 0.621 0.665 0.678 0.695 0.665 0.704 0.704 0.668 0.66 0.726 0.707 0.71 0.714 0.694 0.696 0.638 0.611 0.438 0.45 0.578 0.629 0.664 0.732 0.705 0.752 0.645 0.606 0.648 0.656 0.525 0.754 0.755
0.652 0.665 0.631 0.642 0.641 0.64 0.657 0.625 0.63 0.631 0.68 0.7 0.693 0.703 0.746 0.734 0.778 0.71 0.736 0.719 0.602 0.559 0.548 0.659 0.636 0.63 0.544 0.548 0.615 0.582 0.526 0.536 0.568 0.593 0.526 0.534 0.514 0.481 0.577 0.445 0.535 0.566 0.558 0.622 0.669 0.609 0.699 0.693 0.661 0.656 0.692 0.697 0.615 0.663 0.714 0.697 0.708 0.699 0.679 0.712 0.643 0.607 0.551 0.612 0.635 0.64 0.71 0.749 0.714 0.762 0.671 0.732 0.559 0.531 0.685 0.757 0.745
0.668 0.672 0.691 0.649 0.659 0.644 0.664 0.639 0.632 0.644 0.699 0.713 0.726 0.724 0.842 0.705 0.734 0.688 0.685 0.716 0.675 0.635 0.594 0.644 0.702 0.667 0.553 0.671 0.735 0.718 0.487 0.453 0.469 0.533 0.516 0.537 0.543 0.582 0.607 0.477 0.552 0.577 0.568 0.653 0.698 0.603 0.623 0.605 0.576 0.674 0.66 0.596 0.575 0.69 0.705 0.703 0.702 0.764 0.721 0.724 0.593 0.529 0.608 0.56 0.667 0.632 0.685 0.714 0.716 0.68 0.68 0.693 0.7 0.527 0.676 0.77 0.769
0.665 0.724 0.717 0.722 0.677 0.689 0.67 0.728 0.664 0.708 0.695 0.685 0.71 0.699 0.726 0.583 0.668 0.675 0.511 0.521 0.656 0.582 0.622 0.735 0.756 0.603 0.636 0.731 0.706 0.732 0.486 0.504 0.494 0.588 0.699 0.647 0.682 0.541 0.577 0.57 0.63 0.641 0.598 0.614 0.625 0.664 0.686 0.655 0.665 0.691 0.64 0.695 0.719 0.704 0.72 0.762 0.684 0.709 0.646 0.558 0.695 0.704 0.636 0.568 0.568 0.472 0.615 0.601 0.699 0.659 0.664 0.742 0.634 0.52 0.726 0.764 0.646
0.674 0.779 0.7 0.648 0.677 0.72 0.722 0.707 0.704 0.67 0.673 0.674 0.718 0.73 0.763 0.588 0.578 0.518 0.406 0.607 0.633 0.661 0.701 0.72 0.701 0.627 0.705 0.684 0.553 0.609 0.529 0.501 0.685 0.627 0.728 0.708 0.656 0.646 0.648 0.671 0.526 0.591 0.568 0.617 0.613 0.576 0.652 0.694 0.705 0.703 0.766 0.752 0.716 0.732 0.715 0.713 0.751 0.692 0.707 0.678 0.569 0.607 0.552 0.515 0.453 0.524 0.688 0.697 0.731 0.602 0.742 0.725 0.589 0.583 0.695 0.723 0.716
0.646 0.718 0.787 0.7 0.709 0.725 0.711 0.709 0.716 0.559 0.689 0.705 0.726 0.705 0.709 0.527 0.479 0.504 0.46 0.483 0.649 0.712 0.73 0.729 0.632 0.697 0.699 0.62 0.552 0.544 0.499 0.49 0.715 0.746 0.783 0.74 0.657 0.669 0.717 0.711 0.586 0.546 0.546 0.571 0.536 0.572 0.585 0.712 0.699 0.676 0.767 0.789 0.732 0.724 0.685 0.721 0.708 0.701 0.592 0.47 0.49 0.584 0.64 0.682 0.543 0.543 0.572 0.776 0.635 0.628 0.725 0.695 0.691 0.625 0.728 0.749 0.717
0.65 0.729 0.734 0.767 0.74 0.724 0.706 0.715 0.651 0.613 0.698 0.734 0.694 0.655 0.724 0.517 0.49 0.467 0.464 0.6 0.677 0.793 0.743 0.789 0.564 0.616 0.52 0.57 0.617 0.472 0.541 0.514 0.716 0.784 0.773 0.738 0.637 0.694 0.728 0.71 0.619 0.572 0.539 0.503 0.485 0.532 0.597 0.715 0.668 0.474 0.734 0.687 0.674 0.713 0.737 0.764 0.753 0.643 0.434 0.449 0.672 0.671 0.659 0.595 0.636 0.603 0.647 0.705 0.64 0.466 0.764 0.641 0.572 0.605 0.739 0.669 0.594
0.679 0.719 0.767 0.708 0.725 0.617 0.683 0.6 0.599 0.702 0.652 0.707 0.666 0.675 0.716 0.558 0.506 0.518 0.514 0.625 0.692 0.784 0.732 0.704 0.531 0.621 0.559 0.573 0.549 0.51 0.524 0.693 0.737 0.737 0.776 0.736 0.703 0.683 0.634 0.683 0.562 0.55 0.618 0.573 0.577 0.554 0.553 0.678 0.701 0.553 0.627 0.577 0.62 0.658 0.747 0.729 0.559 0.539 0.584 0.619 0.709 0.671 0.683 0.679 0.675 0.681 0.653 0.781 0.7 0.584 0.688 0.688 0.632 0.685 0.693 0.66 0.635
0.674 0.701 0.667 0.69 0.66 0.597 0.539 0.568 0.626 0.642 0.662 0.64 0.652 0.716 0.762 0.619 0.695 0.734 0.612 0.596 0.605 0.637 0.639 0.561 0.589 0.798 0.783 0.745 0.439 0.463 0.536 0.695 0.604 0.718 0.72 0.709 0.768 0.725 0.625 0.637 0.623 0.712 0.779 0.775 0.759 0.788 0.722 0.7 0.766 0.665 0.565 0.657 0.617 0.782 0.713 0.73 0.617 0.649 0.725 0.709 0.764 0.77 0.65 0.479 0.573 0.617 0.75 0.624 0.703 0.731 0.773 0.736 0.553 0.683 0.724 0.691 0.699
0.652 0.65 0.656 0.65 0.568 0.607 0.525 0.567 0.562 0.599 0.662 0.652 0.663 0.683 0.689 0.672 0.703 0.759 0.664 0.641 0.593 0.582 0.579 0.536 0.618 0.734 0.796 0.726 0.453 0.468 0.538 0.727 0.649 0.732 0.735 0.711 0.769 0.765 0.647 0.529 0.616 0.659 0.76 0.72 0.772 0.765 0.775 0.658 0.647 0.622 0.483 0.535 0.557 0.665 0.776 0.744 0.782 0.772 0.757 0.754 0.647 0.7 0.706 0.589 0.592 0.565 0.639 0.66 0.689 0.743 0.644 0.545 0.483 0.623 0.607 0.722 0.75
0.676 0.674 0.639 0.593 0.609 0.587 0.547 0.543 0.562 0.516 0.644 0.643 0.58 0.62 0.605 0.74 0.729 0.766 0.713 0.649 0.613 0.604 0.61 0.537 0.565 0.727 0.718 0.695 0.569 0.564 0.655 0.735 0.718 0.621 0.705 0.723 0.684 0.673 0.633 0.592 0.627 0.622 0.652 0.723 0.804 0.72 0.721 0.714 0.658 0.655 0.476 0.536 0.646 0.714 0.792 0.726 0.743 0.78 0.761 0.612 0.692 0.69 0.76 0.664 0.684 0.658 0.64 0.706 0.767 0.728 0.661 0.507 0.644 0.674 0.673 0.772 0.696
0.713 0.688 0.65 0.576 0.621 0.562 0.527 0.573 0.56 0.576 0.569 0.561 0.586 0.582 0.631 0.764 0.731 0.746 0.637 0.584 0.65 0.568 0.587 0.637 0.561 0.709 0.73 0.635 0.519 0.59 0.772 0.66 0.717 0.647 0.669 0.637 0.67 0.701 0.637 0.597 0.624 0.617 0.588 0.666 0.73 0.757 0.77 0.745 0.725 0.75 0.562 0.65 0.693 0.761 0.809 0.761 0.757 0.736 0.737 0.53 0.698 0.521 0.655 0.704 0.706 0.669 0.599 0.661 0.704 0.697 0.677 0.701 0.719 0.683 0.67 0.73 0.596
0.625 0.648 0.648 0.575 0.59 0.549 0.534 0.571 0.523 0.544 0.585 0.618 0.575 0.56 0.621 0.69 0.723 0.698 0.637 0.56 0.646 0.62 0.594 0.602 0.533 0.673 0.642 0.606 0.507 0.465 0.686 0.666 0.74 0.675 0.655 0.711 0.681 0.706 0.672 0.578 0.635 0.627 0.613 0.641 0.652 0.698 0.673 0.683 0.723 0.683 0.566 0.638 0.656 0.774 0.781 0.705 0.643 0.69 0.781 0.761 0.79 0.718 0.711 0.704 0.742 0.664 0.61 0.621 0.641 0.673 0.644 0.677 0.763 0.63 0.522 0.694 0.564
0.542 0.602 0.628 0.607 0.61 0.635 0.677 0.581 0.553 0.424 0.523 0.519 0.576 0.532 0.538 0.642 0.665 0.657 0.64 0.617 0.724 0.716 0.684 0.745 0.723 0.566 0.614 0.596 0.585 0.508 0.535 0.564 0.569 0.725 0.774 0.685 0.684 0.747 0.728 0.734 0.709 0.658 0.66 0.696 0.643 0.699 0.65 0.633 0.696 0.611 0.608 0.739 0.772 0.57 0.675 0.703 0.537 0.636 0.726 0.747 0.631 0.774 0.764 0.689 0.719 0.594 0.604 0.655 0.623 0.634 0.604 0.643 0.648 0.683 0.677 0.654 0.595
0.586 0.61 0.632 0.614 0.603 0.643 0.709 0.634 0.584 0.376 0.568 0.544 0.6 0.565 0.54 0.527 0.684 0.726 0.699 0.658 0.718 0.703 0.696 0.725 0.752 0.694 0.717 0.624 0.622 0.61 0.64 0.651 0.589 0.731 0.725 0.749 0.685 0.731 0.738 0.745 0.582 0.62 0.637 0.647 0.721 0.592 0.554 0.598 0.651 0.578 0.646 0.655 0.617 0.599 0.638 0.59 0.632 0.707 0.795 0.766 0.788 0.798 0.719 0.694 0.595 0.62 0.59 0.646 0.682 0.614 0.588 0.575 0.568 0.67 0.681 0.561 0.427
0.676 0.605 0.637 0.639 0.647 0.658 0.629 0.562 0.496 0.489 0.575 0.512 0.562 0.505 0.532 0.614 0.745 0.722 0.734 0.704 0.606 0.73 0.725 0.673 0.697 0.718 0.726 0.599 0.547 0.671 0.695 0.703 0.655 0.719 0.81 0.713 0.715 0.723 0.728 0.714 0.648 0.668 0.626 0.667 0.653 0.639 0.597 0.651 0.708 0.596 0.737 0.638 0.536 0.589 0.569 0.602 0.72 0.717 0.665 0.546 0.813 0.773 0.611 0.555 0.539 0.652 0.601 0.586 0.595 0.608 0.589 0.633 0.539 0.61 0.679 0.599 0.608
0.66 0.604 0.631 0.671 0.669 0.625 0.653 0.583 0.534 0.533 0.563 0.561 0.572 0.489 0.555 0.658 0.701 0.793 0.792 0.698 0.619 0.7 0.723 0.718 0.74 0.692 0.713 0.655 0.65 0.713 0.721 0.721 0.701 0.688 0.746 0.717 0.679 0.636 0.711 0.674 0.699 0.685 0.672 0.589 0.639 0.726 0.663 0.647 0.728 0.519 0.736 0.752 0.592 0.617 0.69 0.713 0.742 0.713 0.645 0.625 0.707 0.7 0.68 0.543 0.608 0.646 0.742 0.587 0.555 0.677 0.633 0.609 0.538 0.543 0.607 0.576 0.712
0.663 0.531 0.629 0.637 0.595 0.596 0.646 0.609 0.548 0.522 0.534 0.639 0.576 0.502 0.59 0.727 0.728 0.776 0.747 0.711 0.723 0.688 0.708 0.691 0.751 0.669 0.697 0.706 0.735 0.749 0.681 0.693 0.588 0.691 0.752 0.56 0.603 0.66 0.698 0.665 0.717 0.665 0.722 0.648 0.674 0.72 0.706 0.701 0.692 0.678 0.708 0.67 0.635 0.613 0.691 0.726 0.704 0.63 0.711 0.71 0.758 0.78 0.636 0.566 0.569 0.693 0.622 0.57 0.636 0.549 0.618 0.572 0.606 0.61 0.581 0.629 0.781
0.595 0.583 0.584 0.544 0.56 0.634 0.603 0.597 0.521 0.528 0.497 0.56 0.606 0.626 0.688 0.759 0.783 0.742 0.699 0.674 0.69 0.724 0.69 0.714 0.74 0.675 0.725 0.771 0.765 0.725 0.578 0.743 0.671 0.566 0.576 0.607 0.623 0.658 0.694 0.758 0.792 0.764 0.774 0.703 0.61 0.678 0.773 0.722 0.654 0.732 0.54 0.604 0.655 0.78 0.768 0.697 0.695 0.71 0.799 0.775 0.769 0.614 0.662 0.684 0.67 0.719 0.728 0.663 0.707 0.685 0.672 0.633 0.583 0.501 0.622 0.764 0.763
0.594 0.606 0.609 0.566 0.44 0.616 0.565 0.55 0.551 0.483 0.516 0.551 0.645 0.69 0.743 0.766 0.768 0.68 0.726 0.687 0.647 0.672 0.683 0.71 0.753 0.705 0.714 0.785 0.761 0.726 0.641 0.722 0.699 0.584 0.584 0.692 0.717 0.737 0.715 0.773 0.799 0.707 0.714 0.694 0.698 0.77 0.687 0.596 0.528 0.579 0.693 0.788 0.786 0.711 0.769 0.813 0.727 0.684 0.68 0.73 -0.3 0.612 0.575 0.566 0.647 0.729 0.782 0.783 0.719 0.773 0.648 0.662 0.532 0.566 0.678 0.812 0.628
0.603 0.615 0.581 0.578 0.445 0.542 0.495 0.453 0.542 0.492 0.57 0.504 0.557 0.652 0.776 0.773 0.698 0.687 0.595 0.619 0.697 0.63 0.605 0.691 0.679 0.704 0.702 0.78 0.792 0.767 0.709 0.74 0.696 0.625 0.722 0.666 0.759 0.771 0.7 0.758 0.697 0.677 0.718 0.724 0.627 0.43 0.504 0.545 0.566 0.605 0.693 0.694 0.681 0.818 0.822 0.804 0.696 0.653 0.622 0.68 0.811 0.718 0.483 0.666 0.682 0.775 0.782 0.718 0.665 0.602 0.642 0.577 0.527 0.637 0.713 0.796 0.607
0.603 0.622 0.609 0.604 0.548 0.579 0.581 0.496 0.536 0.491 0.553 0.531 0.525 0.582 0.6 0.687 0.578 0.564 0.539 0.524 0.726 0.664 0.578 0.658 0.703 0.756 0.691 0.725 0.701 0.681 0.756 0.778 0.713 0.701 0.691 0.646 0.687 0.737 0.71 0.677 0.7 0.731 0.721 0.632 0.526 0.444 0.56 0.601 0.623 0.538 0.563 0.607 0.643 0.803 0.795 0.711 0.762 0.639 0.572 0.553 0.805 0.578 0.591 0.759 0.749 0.758 0.69 0.608 0.75 0.665 0.596 0.56 0.566 0.716 0.713 0.695 0.631
