data/china_ndvi_max_1985.asc
ncols         710
nrows         510
xllcorner     70
yllcorner     10
cellsize      0.1
NODATA_value  -9999
[rows 306 to 339 of 510, columns 308 to 384 of 710]
0.651 0.616 0.65 0.625 0.378 0.406 0.465 0.475 0.482 0.285 0.413 0.506 0.642 0.729 0.687 0.722 0.547 0.624 0.682 0.72 0.663 0.687 0.711 0.704 0.67 0.611 0.571 0.566 0.579 0.572 0.528 0.499 0.544 0.59 0.571 0.524 0.556 0.549 0.512 0.534 0.545 0.559 0.563 0.543 0.546 0.54 0.559 0.508 0.5 0.5 0.479 0.478 0.505 0.545 0.563 0.562 0.553 0.502 0.498 0.502 0.657 0.565 0.544 0.526 0.569 0.592 0.541 0.597 0.538 0.551 0.564 0.598 0.468 0.468 0.578 0.637 0.672
0.687 0.685 0.613 0.644 0.61 0.614 0.585 0.441 0.44 0.418 0.375 0.582 0.407 0.609 0.659 0.562 0.368 0.645 0.681 0.679 0.687 0.691 0.669 0.683 0.601 0.557 0.609 0.598 0.564 0.541 0.537 0.481 0.553 0.557 0.565 0.559 0.579 0.531 0.512 0.537 0.561 0.562 0.552 0.551 0.531 0.533 0.527 0.511 0.489 0.502 0.447 0.451 0.501 0.547 0.527 0.557 0.548 0.504 0.497 0.572 0.577 0.555 0.503 0.581 0.614 0.539 0.528 0.564 0.597 0.577 0.573 0.594 0.531 0.604 0.648 0.647 0.708
0.723 0.689 0.613 0.679 0.607 0.58 0.507 0.45 0.422 0.457 0.307 0.511 0.568 0.673 0.679 0.521 0.73 0.734 0.704 0.695 0.682 0.647 0.678 0.609 0.616 0.631 0.639 0.584 0.535 0.549 0.549 0.478 0.537 0.546 0.556 0.561 0.54 0.493 0.385 0.495 0.527 0.537 0.526 0.541 0.544 0.523 0.516 0.516 0.486 0.489 0.463 0.448 0.494 0.509 0.542 0.536 0.529 0.508 0.541 0.648 0.509 0.574 0.567 0.618 0.589 0.529 0.557 0.6 0.592 0.6 0.607 0.529 0.605 0.638 0.66 0.694 0.717
0.588 0.568 0.682 0.653 0.656 0.579 0.449 0.416 0.434 0.468 0.355 0.39 0.598 0.721 0.672 0.603 0.709 0.749 0.725 0.685 0.633 0.624 0.641 0.619 0.642 0.633 0.637 0.548 0.558 0.56 0.513 0.508 0.515 0.539 0.534 0.536 0.533 0.549 0.541 0.533 0.534 0.525 0.533 0.544 0.551 0.539 0.542 0.517 0.514 0.506 0.469 0.48 0.509 0.537 0.518 0.509 0.519 0.575 0.642 0.606 0.512 0.576 0.614 0.55 0.528 0.544 0.577 0.609 0.587 0.609 0.601 0.481 0.651 0.58 0.614 0.723 0.707
0.553 0.682 0.632 0.653 0.55 0.441 0.438 0.497 0.493 0.494 0.262 0.267 0.58 0.707 0.71 0.716 0.725 0.759 0.732 0.719 0.678 0.702 0.661 0.684 0.6 0.586 0.592 0.594 0.591 0.575 0.58 0.582 0.578 0.555 0.568 0.562 0.59 0.55 0.57 0.549 0.549 0.565 0.539 0.543 0.57 0.588 0.577 0.556 0.55 0.546 0.503 0.487 0.494 0.512 0.529 0.574 0.555 0.589 0.621 0.582 0.573 0.535 0.546 0.538 0.558 0.61 0.633 0.515 0.553 0.468 0.579 0.688 0.576 0.621 0.702 0.707 0.679
0.46 0.639 0.71 0.636 0.622 0.472 0.491 0.534 0.524 0.469 0.228 0.18 0.663 0.635 0.677 0.635 0.64 0.757 0.73 0.717 0.663 0.676 0.67 0.651 0.643 0.654 0.657 0.585 0.57 0.59 0.588 0.605 0.534 0.558 0.559 0.55 0.548 0.544 0.554 0.557 0.559 0.536 0.557 0.548 0.584 0.578 0.561 0.566 0.557 0.54 0.524 0.479 0.521 0.528 0.566 0.542 0.61 0.568 0.571 0.572 0.591 0.562 0.489 0.54 0.585 0.583 0.618 0.553 0.578 0.594 0.61 0.605 0.612 0.678 0.687 0.672 0.627
0.417 0.403 0.609 0.678 0.475 0.383 0.587 0.502 0.516 0.402 0.301 0.075 0.687 0.708 0.689 0.702 0.714 0.762 0.704 0.701 0.693 0.652 0.702 0.675 0.646 0.647 0.668 0.548 0.548 0.612 0.597 0.588 0.548 0.543 0.57 0.529 0.582 0.568 0.599 0.548 0.543 0.548 0.552 0.552 0.537 0.541 0.534 0.524 0.517 0.497 0.494 0.495 0.584 0.56 0.576 0.567 0.545 0.518 0.508 0.572 0.57 0.585 0.601 0.544 0.537 0.555 0.475 0.588 0.641 0.66 0.652 0.678 0.67 0.718 0.715 0.63 0.635
0.497 0.551 0.659 0.707 0.26 0.432 0.65 0.606 0.472 0.463 0.26 -0.03 0.681 0.765 0.793 0.727 0.702 0.652 0.625 0.693 0.79 0.764 0.698 0.724 0.612 0.653 0.688 0.541 0.59 0.555 0.572 0.629 0.563 0.567 0.555 0.537 0.621 0.565 0.553 0.532 0.528 0.534 0.523 0.525 0.489 0.515 0.511 0.496 0.492 0.451 0.462 0.473 0.567 0.626 0.551 0.559 0.535 0.458 0.457 0.562 0.521 0.452 0.615 0.623 0.58 0.582 0.564 0.612 0.695 0.691 0.63 0.663 0.71 0.658 0.633 0.61 0.623
0.492 0.428 0.558 0.624 0.554 0.547 0.68 0.542 0.319 0.488 0.511 0.127 0.676 0.782 0.799 0.733 0.824 0.637 0.635 0.717 0.752 0.711 0.735 0.714 0.678 0.686 0.663 0.555 0.561 0.51 0.516 0.574 0.582 0.588 0.552 0.599 0.632 0.537 0.528 0.516 0.541 0.547 0.462 0.53 0.509 0.514 0.512 0.506 0.497 0.467 0.527 0.569 0.615 0.573 0.55 0.569 0.514 0.32 0.53 0.506 0.534 0.537 0.624 0.621 0.611 0.624 0.639 0.668 0.715 0.658 0.729 0.655 0.624 0.622 0.609 0.611 0.565
0.613 0.688 0.62 0.633 0.64 0.579 0.485 0.467 0.377 0.244 0.335 0.634 0.717 0.736 0.751 0.771 0.787 0.734 0.562 0.631 0.71 0.719 0.696 0.714 0.659 0.565 0.636 0.587 0.625 0.614 0.53 0.591 0.537 0.547 0.529 0.508 0.541 0.541 0.555 0.537 0.49 0.56 0.515 0.505 0.501 0.463 0.484 0.515 0.537 0.524 0.589 0.542 0.533 0.542 0.578 0.543 0.558 0.514 0.546 0.58 0.58 0.586 0.61 0.606 0.611 0.614 0.64 0.614 0.6 0.583 0.619 0.613 0.587 0.579 0.579 0.621 0.572
0.619 0.59 0.639 0.603 0.33 0.344 0.303 0.413 0.365 0.258 0.506 0.264 0.548 0.646 0.732 0.734 0.813 0.663 0.562 0.582 0.684 0.676 0.698 0.623 0.618 0.523 0.565 0.611 0.589 0.604 0.592 0.481 0.556 0.542 0.514 0.531 0.525 0.485 0.541 0.54 0.546 0.53 0.537 0.519 0.514 0.49 0.517 0.526 0.548 0.582 0.56 0.523 0.558 0.525 0.554 0.503 0.473 0.596 0.587 0.585 0.605 0.585 0.589 0.611 0.626 0.633 0.656 0.651 0.693 0.633 0.603 0.593 0.588 0.593 0.583 0.607 0.619
0.616 0.557 0.642 0.564 0.258 0.265 0.408 0.517 0.335 0.283 0.413 0.537 0.701 0.732 0.726 0.738 0.709 0.772 0.691 0.645 0.686 0.69 0.661 0.622 0.621 0.64 0.64 0.647 0.592 0.636 0.623 0.55 0.597 0.602 0.566 0.559 0.558 0.517 0.577 0.547 0.535 0.518 0.516 0.529 0.534 0.518 0.515 0.528 0.509 0.489 0.522 0.52 0.553 0.499 0.5 0.563 0.563 0.606 0.609 0.629 0.626 0.627 0.591 0.571 0.638 0.697 0.721 0.747 0.728 0.652 0.663 0.611 0.65 0.601 0.59 0.58 0.595
0.581 0.708 0.706 0.622 0.574 0.346 0.644 0.578 0.353 0.438 0.438 0.378 0.685 0.725 0.716 0.732 0.748 0.707 0.706 0.663 0.695 0.711 0.73 0.666 0.664 0.693 0.738 0.681 0.648 0.612 0.619 0.606 0.56 0.615 0.562 0.581 0.541 0.513 0.505 0.513 0.519 0.508 0.508 0.533 0.54 0.523 0.514 0.549 0.505 0.543 0.545 0.557 0.518 0.433 0.549 0.577 0.582 0.61 0.629 0.63 0.632 0.661 0.59 0.605 0.667 0.632 0.763 0.713 0.68 0.694 0.605 0.632 0.572 0.568 0.623 0.616 0.641
0.615 0.673 0.617 0.692 0.684 0.581 0.61 0.61 0.42 0.318 0.565 0.403 0.701 0.528 0.569 0.777 0.802 0.68 0.649 0.667 0.626 0.803 0.744 0.713 0.73 0.771 0.756 0.695 0.637 0.595 0.645 0.629 0.585 0.548 0.541 0.576 0.563 0.526 0.533 0.501 0.514 0.512 0.541 0.517 0.534 0.512 0.522 0.539 0.53 0.529 0.55 0.527 0.511 0.521 0.585 0.594 0.618 0.596 0.589 0.578 0.621 0.646 0.625 0.697 0.739 0.634 0.624 0.636 0.613 0.644 0.638 0.639 0.588 0.587 0.607 0.618 0.594
0.648 0.693 0.674 0.712 0.671 0.545 0.693 0.695 0.725 0.612 0.624 0.489 0.581 0.646 0.708 0.7 0.713 0.673 0.626 0.601 0.643 0.755 0.741 0.811 0.76 0.771 0.64 0.629 0.71 0.68 0.63 0.594 0.598 0.617 0.582 0.509 0.504 0.552 0.536 0.537 0.534 0.49 0.528 0.528 0.521 0.511 0.457 0.49 0.415 0.433 0.5 0.494 0.578 0.615 0.642 0.662 0.62 0.703 0.591 0.585 0.591 0.616 0.736 0.636 0.729 0.618 0.602 0.633 0.613 0.629 0.607 0.625 0.592 0.573 0.597 0.606 0.621
0.595 0.689 0.667 0.706 0.663 0.685 0.575 0.481 0.692 0.724 0.674 0.619 0.703 0.715 0.716 0.694 0.752 0.658 0.67 0.714 0.712 0.737 0.765 0.72 0.749 0.72 0.722 0.648 0.67 0.676 0.63 0.612 0.624 0.688 0.673 0.567 0.517 0.468 0.437 0.442 0.485 0.484 0.43 0.514 0.492 0.495 0.458 0.551 0.525 0.533 0.522 0.54 0.624 0.665 0.62 0.632 0.627 0.622 0.604 0.574 0.584 0.627 0.664 0.597 0.635 0.642 0.579 0.637 0.626 0.605 0.626 0.613 0.647 0.589 0.628 0.634 0.603
0.555 0.677 0.589 0.672 0.65 0.58 0.547 0.641 0.677 0.744 0.633 0.666 0.619 0.706 0.698 0.669 0.552 0.642 0.62 0.712 0.715 0.717 0.791 0.802 0.729 0.71 0.736 0.644 0.684 0.692 0.622 0.57 0.695 0.632 0.594 0.607 0.584 0.48 0.549 0.561 0.577 0.56 0.549 0.53 0.556 0.546 0.582 0.583 0.562 0.536 0.603 0.621 0.654 0.683 0.706 0.705 0.678 0.61 0.618 0.606 0.603 0.605 0.616 0.643 0.626 0.6 0.573 0.624 0.602 0.606 0.577 0.587 0.572 0.635 0.622 0.583 0.597
0.54 0.727 0.562 0.689 0.666 0.579 0.443 0.597 0.697 0.685 0.716 0.648 0.67 0.719 0.668 0.678 0.553 0.634 0.561 0.709 0.627 0.698 0.697 0.624 0.612 0.63 0.711 0.727 0.716 0.674 0.655 0.561 0.588 0.503 0.542 0.549 0.542 0.563 0.56 0.627 0.564 0.563 0.596 0.585 0.631 0.613 0.607 0.642 0.657 0.603 0.733 0.733 0.652 0.713 0.688 0.728 0.732 0.662 0.659 0.587 0.614 0.632 0.724 0.683 0.631 0.643 0.594 0.594 0.593 0.648 0.578 0.611 0.633 0.616 0.546 0.56 0.583
0.542 0.603 0.593 0.69 0.685 0.659 0.467 0.611 0.494 0.737 0.692 0.727 0.714 0.65 0.664 0.642 0.641 0.677 0.61 0.598 0.584 0.677 0.621 0.498 0.602 0.707 0.707 0.739 0.719 0.703 0.651 0.646 0.716 0.695 0.682 0.563 0.545 0.558 0.564 0.568 0.585 0.59 0.575 0.621 0.622 0.616 0.603 0.598 0.61 0.597 0.683 0.672 0.656 0.62 0.72 0.788 0.825 0.67 0.637 0.607 0.628 0.635 0.704 0.651 0.621 0.613 0.625 0.6 0.614 0.607 0.584 0.61 0.624 0.572 0.558 0.507 0.524
0.663 0.7 0.538 0.625 0.729 0.651 0.719 0.64 0.676 0.554 0.649 0.655 0.728 0.773 0.65 0.627 0.683 0.65 0.564 0.555 0.551 0.555 0.481 0.513 0.565 0.735 0.773 0.767 0.767 0.712 0.676 0.659 0.79 0.726 0.665 0.572 0.627 0.573 0.582 0.615 0.598 0.573 0.551 0.559 0.56 0.552 0.538 0.592 0.594 0.627 0.675 0.695 0.738 0.664 0.693 0.662 0.623 0.663 0.653 0.674 0.634 0.609 0.63 0.594 0.639 0.688 0.602 0.631 0.656 0.662 0.647 0.626 0.595 0.555 0.542 0.521 0.544
0.682 0.618 0.591 0.6 0.668 0.674 0.593 0.662 0.603 0.63 0.676 0.699 0.718 0.646 0.603 0.656 0.61 0.576 0.538 0.575 0.546 0.54 0.573 0.523 0.617 0.679 0.752 0.745 0.607 0.661 0.669 0.597 0.713 0.662 0.62 0.589 0.6 0.541 0.544 0.579 0.591 0.638 0.608 0.573 0.564 0.608 0.55 0.627 0.65 0.712 0.704 0.694 0.632 0.583 0.601 0.65 0.663 0.65 0.623 0.683 0.673 0.645 0.599 0.632 0.693 0.619 0.586 0.604 0.614 0.652 0.631 0.621 0.541 0.527 0.536 0.542 0.571
0.635 0.621 0.656 0.655 0.609 0.62 0.626 0.674 0.633 0.663 0.681 0.7 0.682 0.584 0.566 0.652 0.637 0.577 0.57 0.55 0.522 0.536 0.504 0.575 0.544 0.646 0.75 0.644 0.614 0.565 0.668 0.711 0.682 0.609 0.597 0.616 0.626 0.559 0.636 0.589 0.608 0.68 0.648 0.618 0.572 0.551 0.601 0.659 0.717 0.672 0.745 0.748 0.576 0.543 0.587 0.578 0.563 0.594 0.638 0.652 0.603 0.646 0.628 0.707 0.668 0.619 0.609 0.644 0.661 0.627 0.615 0.602 0.59 0.549 0.555 0.54 0.591
0.645 0.595 0.697 0.637 0.606 0.635 0.672 0.604 0.68 0.693 0.678 0.719 0.719 0.567 0.561 0.583 0.611 0.528 0.576 0.54 0.56 0.581 0.543 0.502 0.555 0.706 0.721 0.621 0.695 0.767 0.683 0.717 0.7 0.628 0.595 0.628 0.653 0.55 0.573 0.586 0.611 0.674 0.659 0.566 0.595 0.638 0.593 0.585 0.603 0.677 0.751 0.772 0.563 0.6 0.536 0.551 0.555 0.586 0.606 0.637 0.577 0.613 0.684 0.691 0.616 0.602 0.63 0.611 0.615 0.632 0.61 0.614 0.569 0.589 0.566 0.541 0.559
0.65 0.663 0.617 0.613 0.646 0.649 0.677 0.547 0.668 0.662 0.705 0.671 0.607 0.529 0.52 0.642 0.605 0.571 0.554 0.565 0.563 0.543 0.5 0.532 0.584 0.593 0.621 0.63 0.612 0.672 0.706 0.643 0.691 0.654 0.636 0.661 0.682 0.578 0.571 0.593 0.608 0.585 0.626 0.649 0.647 0.641 0.587 0.631 0.664 0.659 0.597 0.581 0.575 0.582 0.584 0.54 0.562 0.545 0.605 0.616 0.647 0.649 0.631 0.661 0.639 0.625 0.657 0.625 0.637 0.608 0.599 0.561 0.593 0.581 0.559 0.556 0.544
0.616 0.609 0.64 0.554 0.611 0.561 0.617 0.611 0.656 0.656 0.68 0.693 0.685 0.549 0.526 0.496 0.64 0.588 0.575 0.545 0.492 0.511 0.568 0.593 0.618 0.605 0.621 0.633 0.651 0.681 0.673 0.633 0.709 0.75 0.691 0.674 0.633 0.581 0.658 0.7 0.693 0.629 0.701 0.689 0.666 0.632 0.639 0.607 0.598 0.627 0.663 0.624 0.615 0.594 0.631 0.613 0.582 0.618 0.606 0.611 0.626 0.664 0.634 0.662 0.628 0.611 0.667 0.597 0.602 0.602 0.592 0.585 0.533 0.517 0.564 0.527 0.603
0.607 0.661 0.697 0.643 0.567 0.567 0.604 0.649 0.707 0.697 0.684 0.675 0.645 0.514 0.57 0.562 0.638 0.599 0.585 0.617 0.505 0.492 0.492 0.514 0.627 0.628 0.603 0.577 0.621 0.656 0.641 0.629 0.644 0.723 0.713 0.733 0.696 0.621 0.632 0.623 0.624 0.603 0.641 0.663 0.639 0.613 0.628 0.596 0.612 0.629 0.626 0.618 0.595 0.62 0.663 0.626 0.575 0.608 0.656 0.617 0.664 0.626 0.625 0.623 0.611 0.624 0.633 0.582 0.588 0.621 0.598 0.593 0.553 0.577 0.547 0.56 0.587
0.544 0.527 0.608 0.637 0.665 0.628 0.616 0.518 0.67 0.687 0.674 0.649 0.591 0.575 0.493 0.626 0.585 0.614 0.532 0.575 0.483 0.526 0.588 0.611 0.652 0.528 0.494 0.509 0.562 0.605 0.565 0.63 0.635 0.642 0.689 0.689 0.667 0.666 0.643 0.617 0.639 0.658 0.673 0.613 0.58 0.593 0.577 0.595 0.629 0.604 0.572 0.572 0.579 0.593 0.583 0.576 0.604 0.6 0.658 0.628 0.615 0.557 0.585 0.591 0.615 0.647 0.605 0.602 0.64 0.644 0.623 0.581 0.552 0.564 0.552 0.575 0.627
0.654 0.571 0.597 0.655 0.649 0.425 0.545 0.476 0.573 0.65 0.616 0.62 0.601 0.609 0.567 0.723 0.648 0.651 0.532 0.53 0.611 0.535 0.608 0.632 0.585 0.493 0.501 0.493 0.479 0.534 0.581 0.664 0.612 0.674 0.623 0.633 0.649 0.695 0.647 0.651 0.625 0.616 0.609 0.563 0.548 0.546 0.616 0.611 0.604 0.586 0.593 0.618 0.602 0.609 0.6 0.621 0.625 0.586 0.57 0.583 0.578 0.515 0.551 0.572 0.621 0.641 0.621 0.616 0.579 0.629 0.64 0.637 0.576 0.562 0.543 0.581 0.633
0.587 0.601 0.589 0.555 0.57 0.495 0.43 0.447 0.515 0.645 0.682 0.695 0.627 0.684 0.593 0.708 0.704 0.645 0.546 0.581 0.569 0.553 0.617 0.592 0.562 0.518 0.458 0.608 0.493 0.497 0.606 0.681 0.603 0.612 0.577 0.608 0.651 0.656 0.639 0.658 0.636 0.646 0.554 0.586 0.577 0.581 0.573 0.6 0.636 0.61 0.599 0.643 0.635 0.644 0.606 0.576 0.588 0.568 0.561 0.549 0.518 0.54 0.593 0.589 0.625 0.657 0.693 0.615 0.62 0.637 0.644 0.632 0.63 0.592 0.556 0.605 0.68
0.547 0.581 0.69 0.553 0.565 0.528 0.517 0.569 0.557 0.62 0.723 0.675 0.702 0.682 0.577 0.692 0.762 0.577 0.625 0.637 0.671 0.605 0.512 0.517 0.562 0.447 0.511 0.486 0.456 0.488 0.499 0.558 0.579 0.592 0.583 0.575 0.589 0.647 0.685 0.669 0.612 0.535 0.624 0.598 0.614 0.58 0.586 0.615 0.586 0.561 0.565 0.659 0.627 0.611 0.586 0.547 0.582 0.545 0.571 0.571 0.592 0.626 0.619 0.652 0.643 0.58 0.584 0.632 0.591 0.61 0.621 0.66 0.67 0.725 0.699 0.668 0.677
0.527 0.584 0.628 0.636 0.516 0.483 0.644 0.61 0.702 0.691 0.672 0.66 0.696 0.669 0.635 0.674 0.701 0.633 0.62 0.726 0.69 0.496 0.565 0.572 0.558 0.478 0.456 0.501 0.474 0.439 0.364 0.464 0.57 0.585 0.574 0.597 0.589 0.649 0.592 0.617 0.585 0.602 0.639 0.585 0.574 0.528 0.574 0.55 0.552 0.573 0.609 0.68 0.633 0.582 0.578 0.596 0.609 0.592 0.536 0.537 0.589 0.612 0.6 0.577 0.6 0.607 0.635 0.62 0.619 0.609 0.617 0.639 0.687 0.726 0.691 0.658 0.656
0.564 0.546 0.598 0.538 0.583 0.542 0.635 0.705 0.723 0.765 0.716 0.557 0.689 0.648 0.688 0.664 0.735 0.692 0.582 0.661 0.666 0.581 0.548 0.544 0.585 0.485 0.478 0.413 0.408 0.408 0.42 0.485 0.513 0.562 0.577 0.614 0.626 0.613 0.592 0.603 0.581 0.596 0.603 0.603 0.564 0.541 0.486 0.557 0.606 0.579 0.627 0.637 0.62 0.508 0.603 0.58 0.552 0.571 0.562 0.578 0.589 0.605 0.585 0.576 0.59 0.592 0.59 0.567 0.629 0.635 0.69 0.579 0.689 0.721 0.678 0.672 0.686
0.546 0.469 0.556 0.552 0.563 0.63 0.673 0.74 0.748 0.737 0.667 0.623 0.7 0.66 0.67 0.689 0.705 0.621 0.611 0.631 0.656 0.565 0.48 0.497 0.556 0.535 0.436 0.421 0.455 0.384 0.449 0.497 0.47 0.549 0.578 0.603 0.576 0.6 0.608 0.641 0.66 0.649 0.593 0.583 0.589 0.623 0.6 0.539 0.629 0.586 0.527 0.535 0.539 0.523 0.531 0.537 0.535 0.577 0.665 0.568 0.626 0.581 0.614 0.578 0.637 0.64 0.628 0.578 0.618 0.651 0.603 0.609 0.682 0.65 0.638 0.684 0.643
0.527 0.49 0.587 0.557 0.621 0.637 0.699 0.708 0.743 0.731 0.697 0.693 0.66 0.576 0.567 0.679 0.669 0.697 0.703 0.628 0.573 0.49 0.559 0.437 0.527 0.519 0.446 0.483 0.469 0.435 0.365 0.401 0.522 0.561 0.535 0.554 0.559 0.651 0.646 0.66 0.664 0.652 0.59 0.525 0.595 0.655 0.638 0.56 0.554 0.477 0.5 0.465 0.445 0.496 0.539 0.538 0.53 0.571 0.601 0.573 0.618 0.631 0.62 0.619 0.644 0.609 0.631 0.599 0.671 0.637 0.587 0.635 0.641 0.549 0.59 0.619 0.606
