data/china_ndvi_max_2004.asc
ncols         710
nrows         510
xllcorner     70
yllcorner     10
cellsize      0.1
NODATA_value  -9999
[rows 170 to 203 of 510, columns 462 to 538 of 710]
0.256 0.278 0.286 0.293 0.289 0.305 0.328 0.314 0.319 0.308 0.31 0.313 0.338 0.38 0.371 0.328 0.354 0.358 0.381 0.394 0.355 0.272 0.322 0.35 0.354 0.334 0.337 0.337 0.338 0.453 0.345 0.301 0.312 0.33 0.353 0.317 0.286 0.287 0.273 0.285 0.298 0.295 0.308 0.266 0.303 0.261 0.223 0.232 0.278 0.291 0.303 0.286 0.273 0.35 0.31 0.326 0.313 0.306 0.309 0.315 0.302 0.308 0.35 0.331 0.337 0.311 0.338 0.345 0.313 0.292 0.319 0.313 0.311 0.326 0.309 0.299 0.364
0.26 0.268 0.277 0.294 0.296 0.299 0.299 0.277 0.322 0.328 0.324 0.348 0.389 0.377 0.389 0.356 0.356 0.35 0.405 0.351 0.315 0.294 0.286 0.302 0.306 0.339 0.297 0.322 0.283 0.3 0.306 0.306 0.316 0.311 0.295 0.322 0.298 0.278 0.278 0.316 0.291 0.285 0.298 0.266 0.264 0.265 0.267 0.238 0.243 0.273 0.29 0.341 0.368 0.324 0.291 0.29 0.284 0.292 0.326 0.316 0.327 0.358 0.401 0.376 0.393 0.379 0.373 0.36 0.336 0.331 0.342 0.343 0.302 0.344 0.317 0.33 0.348
0.256 0.24 0.253 0.299 0.293 0.296 0.311 0.325 0.35 0.351 0.339 0.375 0.408 0.395 0.374 0.378 0.443 0.418 0.339 0.33 0.323 0.317 0.285 0.297 0.361 0.401 0.305 0.314 0.269 0.281 0.29 0.34 0.305 0.288 0.309 0.304 0.289 0.339 0.278 0.281 0.291 0.277 0.273 0.26 0.283 0.269 0.268 0.272 0.292 0.329 0.346 0.325 0.312 0.306 0.3 0.312 0.338 0.351 0.36 0.37 0.372 0.378 0.395 0.377 0.336 0.345 0.352 0.381 0.373 0.351 0.352 0.366 0.362 0.359 0.37 0.357 0.383
0.26 0.258 0.251 0.265 0.306 0.281 0.291 0.31 0.344 0.313 0.325 0.352 0.396 0.408 0.453 0.401 0.41 0.304 0.316 0.317 0.31 0.294 0.321 0.382 0.354 0.313 0.297 0.28 0.266 0.28 0.318 0.297 0.327 0.284 0.313 0.292 0.274 0.327 0.271 0.235 0.273 0.279 0.264 0.286 0.282 0.277 0.261 0.288 0.358 0.364 0.34 0.327 0.38 0.296 0.305 0.296 0.344 0.321 0.329 0.342 0.347 0.27 0.402 0.337 0.292 0.317 0.274 0.273 0.32 0.335 0.369 0.358 0.366 0.373 0.373 0.389 0.396
0.288 0.271 0.261 0.266 0.286 0.299 0.317 0.321 0.33 0.364 0.33 0.331 0.352 0.42 0.424 0.443 0.351 0.312 0.325 0.319 0.29 0.257 0.253 0.296 0.325 0.313 0.311 0.301 0.279 0.284 0.268 0.278 0.285 0.254 0.277 0.296 0.29 0.245 0.266 0.253 0.256 0.282 0.279 0.294 0.271 0.298 0.334 0.34 0.376 0.363 0.373 0.342 0.325 0.323 0.31 0.319 0.309 0.328 0.367 0.4 0.382 0.369 0.379 0.303 0.293 0.312 0.295 0.296 0.315 0.314 0.327 0.369 0.378 0.361 0.37 0.397 0.413
0.323 0.31 0.304 0.305 0.203 0.212 0.278 0.306 0.344 0.326 0.308 0.393 0.402 0.343 0.339 0.401 0.358 0.289 0.356 0.319 0.315 0.301 0.287 0.257 0.292 0.381 0.299 0.286 0.254 0.255 0.261 0.241 0.238 0.226 0.205 0.213 0.294 0.301 0.226 0.263 0.356 0.284 0.286 0.328 0.373 0.347 0.325 0.29 0.299 0.306 0.326 0.324 0.358 0.336 0.328 0.291 0.299 0.301 0.324 0.346 0.301 0.306 0.287 0.302 0.303 0.316 0.314 0.3 0.302 0.312 0.332 0.317 0.328 0.377 0.404 0.393 0.395
0.264 0.293 0.299 0.314 -0.3 -0.3 0.259 0.278 0.302 0.282 0.322 0.38 0.373 0.331 0.402 0.387 0.412 0.326 0.338 0.363 0.287 0.268 0.28 0.252 0.284 0.291 0.303 0.278 0.244 0.284 0.274 0.274 0.251 0.261 0.284 0.297 0.294 0.286 0.254 0.26 0.27 0.262 0.299 0.309 0.317 0.248 0.235 0.238 0.25 0.307 0.336 0.318 0.284 0.285 0.25 0.268 0.288 0.265 0.283 0.276 0.286 0.278 0.29 0.282 0.289 0.286 0.302 0.301 0.298 0.307 0.3 0.314 0.357 0.38 0.406 0.405 0.385
0.245 0.268 0.273 0.27 0.251 0.263 0.294 0.306 0.275 0.257 0.249 0.268 0.282 0.293 0.274 0.256 0.268 0.258 0.266 0.278 0.296 0.306 0.284 0.289 0.311 0.265 0.202 0.19 0.208 0.229 0.217 0.201 0.229 0.249 0.25 0.248 0.219 0.235 0.195 0.203 0.242 0.201 0.198 0.246 0.177 0.214 0.231 0.233 0.355 0.311 0.302 0.27 0.258 0.256 0.255 0.256 0.274 0.268 0.29 0.29 0.29 0.279 0.275 0.304 0.306 0.291 0.284 0.295 0.322 0.297 0.308 0.341 0.365 0.408 0.424 0.403 0.402
0.223 0.229 0.26 0.264 0.271 0.281 0.294 0.304 0.266 0.28 0.281 0.28 0.323 0.274 0.247 0.28 0.302 0.314 0.282 0.303 0.287 0.292 0.309 0.294 0.307 0.322 0.284 0.229 0.172 0.161 0.191 0.201 0.178 0.214 0.202 0.18 0.162 0.17 0.194 0.194 0.193 0.173 0.192 0.156 0.199 0.236 0.263 0.316 0.287 0.268 0.271 0.258 0.26 0.272 0.272 0.269 0.275 0.282 0.296 0.297 0.308 0.291 0.287 0.305 0.315 0.298 0.318 0.333 0.327 0.355 0.335 0.381 0.373 0.404 0.43 0.391 0.396
0.25 0.266 0.263 0.249 0.273 0.267 0.275 0.283 0.266 0.297 0.276 0.266 0.262 0.288 0.283 0.367 0.412 0.41 0.298 0.294 0.301 0.306 0.294 0.32 0.315 0.295 0.276 0.275 0.245 0.194 0.19 0.183 0.161 0.186 0.225 0.192 0.172 0.178 0.165 0.179 0.172 0.245 0.249 0.199 0.208 0.234 0.275 0.3 0.265 0.256 0.264 0.261 0.281 0.268 0.285 0.277 0.281 0.291 0.288 0.316 0.315 0.313 0.323 0.303 0.311 0.324 0.339 0.335 0.338 0.349 0.366 0.367 0.406 0.414 0.408 0.401 0.403
0.226 0.263 0.217 0.282 0.292 0.282 0.296 0.304 0.307 0.323 0.311 0.42 0.447 0.428 0.388 0.356 0.37 0.368 0.326 0.316 0.332 0.301 0.322 0.275 0.277 0.269 0.267 0.255 0.283 0.295 0.268 0.255 0.231 0.213 0.243 0.24 0.263 0.281 0.264 0.269 0.351 0.34 0.282 0.293 0.27 0.266 0.3 0.265 0.264 0.253 0.247 0.264 0.231 0.2 0.211 0.22 0.217 0.215 0.287 0.31 0.287 0.324 0.321 0.337 0.36 0.337 0.343 0.349 0.379 0.4 0.416 0.422 0.42 0.421 0.374 0.412 0.398
0.267 0.268 0.218 0.275 0.285 0.305 0.283 0.297 0.336 0.378 0.327 0.343 0.418 0.446 0.378 0.398 0.354 0.358 0.332 0.34 0.318 0.302 0.295 0.3 0.302 0.29 0.28 0.286 0.269 0.28 0.279 0.277 0.262 0.238 0.25 0.296 0.334 0.3 0.278 0.297 0.333 0.305 0.299 0.227 0.294 0.366 0.301 0.26 0.263 0.273 0.292 0.287 0.295 0.293 0.279 0.298 0.299 0.277 0.283 0.321 0.366 0.315 0.318 0.359 0.371 0.397 0.381 0.361 0.39 0.384 0.397 0.391 0.394 0.399 0.406 0.423 0.421
0.265 0.243 0.205 0.283 0.295 0.296 0.292 0.29 0.34 0.344 0.321 0.365 0.397 0.394 0.365 0.334 0.358 0.373 0.358 0.351 0.358 0.289 0.281 0.283 0.283 0.276 0.261 0.257 0.291 0.294 0.259 0.275 0.246 0.298 0.3 0.248 0.314 0.296 0.29 0.297 0.322 0.319 0.318 0.327 0.333 0.35 0.323 0.322 0.345 0.359 0.329 0.311 0.309 0.282 0.279 0.3 0.331 0.375 0.349 0.333 0.368 0.361 0.354 0.373 0.354 0.381 0.393 0.385 0.43 0.419 0.394 0.389 0.389 0.405 0.398 0.413 0.419
0.248 0.216 0.238 0.294 0.312 0.307 0.297 0.276 0.31 0.303 0.305 0.401 0.471 0.367 0.358 0.389 0.398 0.404 0.386 0.369 0.364 0.336 0.289 0.299 0.27 0.285 0.308 0.353 0.3 0.253 0.25 0.273 0.261 0.275 0.263 0.349 0.31 0.293 0.288 0.297 0.312 0.303 0.303 0.358 0.357 0.358 0.319 0.313 0.314 0.317 0.313 0.311 0.326 0.287 0.293 0.322 0.367 0.379 0.378 0.38 0.385 0.412 0.389 0.388 0.398 0.365 0.395 0.408 0.447 0.451 0.44 0.391 0.396 0.399 0.401 0.422 0.421
0.301 0.248 0.243 0.278 0.322 0.292 0.295 0.296 0.336 0.401 0.369 0.399 0.443 0.437 0.381 0.4 0.425 0.433 0.361 0.34 0.348 0.322 0.298 0.317 0.296 0.296 0.266 0.285 0.25 0.244 0.255 0.243 0.285 0.341 0.382 0.345 0.297 0.268 0.286 0.299 0.306 0.317 0.354 0.348 0.313 0.323 0.322 0.308 0.297 0.315 0.313 0.321 0.336 0.309 0.313 0.346 0.367 0.376 0.38 0.368 0.383 0.371 0.402 0.405 0.396 0.394 0.409 0.417 0.446 0.444 0.436 0.436 0.439 0.418 0.391 0.409 0.431
0.315 0.299 0.235 0.344 0.308 0.283 0.347 0.359 0.393 0.394 0.386 0.45 0.485 0.45 0.425 0.446 0.384 0.361 0.367 0.351 0.339 0.349 0.379 0.314 0.287 0.273 0.3 0.383 0.262 0.307 0.356 0.359 0.339 0.317 0.306 0.281 0.282 0.286 0.287 0.308 0.279 0.319 0.299 0.294 0.292 0.299 0.303 0.301 0.32 0.342 0.322 0.341 0.342 0.343 0.365 0.36 0.379 0.384 0.399 0.4 0.403 0.402 0.403 0.34 0.427 0.425 0.432 0.427 0.434 0.43 0.443 0.427 0.402 0.42 0.422 0.423 0.428
0.314 0.301 0.319 0.317 0.258 0.29 0.324 0.294 0.378 0.389 0.391 0.408 0.433 0.504 0.474 0.44 0.419 0.417 0.389 0.384 0.383 0.361 0.325 0.285 0.348 0.307 0.299 0.355 0.322 0.345 0.346 0.29 0.32 0.258 0.267 0.286 0.291 0.271 0.281 0.285 0.301 0.318 0.304 0.309 0.302 0.331 0.313 0.309 0.35 0.336 0.349 0.362 0.334 0.368 0.373 0.372 0.373 0.389 0.41 0.401 0.412 0.396 0.39 0.385 0.418 0.423 0.425 0.423 0.424 0.42 0.425 0.425 0.44 0.428 0.405 0.43 0.394
0.292 0.298 0.274 0.285 0.294 0.289 0.319 0.32 0.348 0.341 0.436 0.503 0.518 0.458 0.489 0.438 0.437 0.438 0.389 0.413 0.375 0.378 0.382 0.334 0.308 0.303 0.302 0.324 0.272 0.273 0.319 0.313 0.304 0.288 0.3 0.275 0.295 0.298 0.286 0.3 0.299 0.318 0.324 0.314 0.305 0.317 0.332 0.322 0.353 0.341 0.347 0.367 0.352 0.372 0.375 0.409 0.401 0.419 0.405 0.389 0.399 0.401 0.386 0.405 0.378 0.411 0.406 0.393 0.424 0.43 0.455 0.425 0.429 0.411 0.435 0.434 0.469
0.306 0.29 0.309 0.265 0.273 0.269 0.306 0.32 0.333 0.434 0.538 0.512 0.551 0.458 0.419 0.406 0.423 0.4 0.438 0.442 0.378 0.473 0.487 0.34 0.327 0.332 0.32 0.29 0.292 0.333 0.323 0.366 0.336 0.332 0.315 0.29 0.306 0.311 0.335 0.313 0.319 0.346 0.349 0.36 0.33 0.347 0.358 0.34 0.363 0.314 0.322 0.346 0.361 0.353 0.366 0.388 0.387 0.397 0.386 0.382 0.393 0.383 0.388 0.405 0.385 0.381 0.394 0.396 0.429 0.413 0.423 0.428 0.436 0.441 0.438 0.472 0.49
0.307 0.305 0.319 0.304 0.309 0.317 0.3 0.452 0.491 0.515 0.499 0.475 0.452 0.462 0.403 0.404 0.421 0.392 0.449 0.443 0.418 0.407 0.388 0.409 0.341 0.341 0.351 0.33 0.329 0.307 0.32 0.326 0.423 0.315 0.335 0.319 0.317 0.323 0.325 0.325 0.327 0.344 0.369 0.413 0.36 0.373 0.353 0.344 0.342 0.306 0.316 0.367 0.367 0.39 0.332 0.328 0.356 0.418 0.375 0.394 0.382 0.392 0.377 0.409 0.407 0.4 0.383 0.405 0.422 0.428 0.441 0.426 0.438 0.428 0.428 0.489 0.508
0.325 0.315 0.315 0.347 0.368 0.388 0.483 0.466 0.452 0.492 0.436 0.465 0.444 0.447 0.54 0.496 0.431 0.417 0.476 0.458 0.427 0.394 0.428 0.415 0.382 0.389 0.472 0.477 0.335 0.344 0.341 0.388 0.301 0.311 0.351 0.354 0.348 0.355 0.335 0.319 0.346 0.41 0.418 0.364 0.339 0.331 0.324 0.316 0.364 0.373 0.37 0.406 0.392 0.385 0.361 0.406 0.48 0.426 0.397 0.386 0.422 0.413 0.398 0.399 0.407 0.437 0.379 0.378 0.42 0.434 0.411 0.399 0.321 0.385 0.425 0.383 0.371
0.323 0.31 0.316 0.43 0.429 0.429 0.492 0.513 0.506 0.501 0.494 0.484 0.475 0.523 0.558 0.491 0.402 0.446 0.463 0.517 0.473 0.485 0.477 0.454 0.433 0.452 0.496 0.4 0.333 0.319 0.362 0.358 0.317 0.328 0.323 0.347 0.375 0.344 0.332 0.354 0.38 0.354 0.366 0.359 0.35 0.319 0.318 0.329 0.347 0.388 0.425 0.402 0.384 0.419 0.388 0.458 0.497 0.425 0.415 0.407 0.407 0.403 0.406 0.418 0.425 0.448 0.4 0.409 0.41 0.423 0.414 0.281 0.218 0.314 0.386 0.371 0.368
0.309 0.38 0.371 0.491 0.519 0.527 0.518 0.522 0.522 0.543 0.486 0.457 0.467 0.481 0.539 0.522 0.453 0.439 0.513 0.568 0.576 0.503 0.428 0.526 0.465 0.491 0.458 0.361 0.329 0.35 0.348 0.359 0.309 0.335 0.353 0.349 0.383 0.356 0.341 0.385 0.352 0.346 0.341 0.34 0.355 0.344 0.335 0.317 0.368 0.37 0.448 0.386 0.393 0.383 0.43 0.531 0.454 0.403 0.428 0.373 0.413 0.415 0.413 0.415 0.424 0.41 0.43 0.4 0.422 0.42 0.401 0.342 0.31 0.383 0.407 0.44 0.442
0.368 0.401 0.367 0.484 0.487 0.549 0.516 0.485 0.453 0.505 0.535 0.56 0.553 0.514 0.519 0.504 0.406 0.5 0.572 0.588 0.592 0.533 0.512 0.535 0.483 0.464 0.375 0.362 0.375 0.349 0.376 0.388 0.35 0.355 0.317 0.346 0.354 0.352 0.343 0.367 0.366 0.35 0.342 0.332 0.367 0.362 0.341 0.35 0.386 0.403 0.371 0.37 0.395 0.423 0.46 0.486 0.384 0.409 0.415 0.401 0.421 0.426 0.419 0.429 0.441 0.416 0.425 0.423 0.443 0.399 0.433 0.404 0.396 0.388 0.406 0.452 0.514
0.413 0.397 0.418 0.487 0.432 0.48 0.52 0.476 0.483 0.486 0.49 0.48 0.499 0.488 0.492 0.389 0.422 0.503 0.577 0.547 0.581 0.617 0.588 0.521 0.422 0.401 0.389 0.331 0.38 0.397 0.367 0.357 0.369 0.361 0.356 0.34 0.34 0.398 0.368 0.369 0.341 0.35 0.349 0.373 0.37 0.373 0.361 0.346 0.365 0.369 0.373 0.37 0.39 0.487 0.515 0.412 0.374 0.403 0.423 0.431 0.44 0.423 0.397 0.437 0.429 0.394 0.421 0.422 0.423 0.431 0.438 0.433 0.424 0.402 0.418 0.469 0.5
0.51 0.486 0.488 0.41 0.376 0.47 0.486 0.445 0.494 0.507 0.482 0.488 0.493 0.452 0.397 0.474 0.455 0.568 0.501 0.527 0.504 0.58 0.604 0.556 0.457 0.425 0.407 0.372 0.385 0.387 0.361 0.363 0.356 0.382 0.328 0.35 0.322 0.336 0.36 0.357 0.361 0.4 0.389 0.362 0.376 0.383 0.397 0.359 0.419 0.43 0.406 0.394 0.395 0.428 0.402 0.419 0.387 0.451 0.434 0.418 0.413 0.429 0.415 0.462 0.434 0.459 0.422 0.416 0.406 0.414 0.412 0.445 0.467 0.498 0.541 0.52 0.505
0.532 0.537 0.549 0.383 0.392 0.504 0.464 0.528 0.498 0.468 0.401 0.461 0.476 0.513 0.499 0.41 0.424 0.439 0.462 0.522 0.5 0.516 0.601 0.55 0.473 0.449 0.419 0.417 0.43 0.394 0.372 0.374 0.37 0.413 0.473 0.469 0.364 0.338 0.371 0.37 0.443 0.38 0.383 0.368 0.37 0.41 0.422 0.388 0.458 0.447 0.42 0.414 0.375 0.386 0.412 0.408 0.383 0.395 0.442 0.438 0.408 0.422 0.441 0.439 0.446 0.436 0.416 0.436 0.42 0.389 0.325 0.406 0.414 0.474 0.549 0.432 0.411
0.527 0.553 0.552 0.385 0.352 0.451 0.442 0.5 0.473 0.478 0.433 0.489 0.474 0.512 0.515 0.462 0.49 0.47 0.465 0.466 0.498 0.529 0.559 0.536 0.467 0.465 0.44 0.445 0.451 0.42 0.424 0.422 0.375 0.401 0.402 0.383 0.376 0.369 0.379 0.414 0.434 0.39 0.403 0.393 0.391 0.385 0.419 0.404 0.45 0.405 0.408 0.381 0.316 0.399 0.405 0.456 0.454 0.419 0.343 0.388 0.411 0.44 0.447 0.447 0.436 0.443 0.426 0.402 0.361 0.366 0.385 0.442 0.477 0.501 0.469 0.489 0.54
0.483 0.557 0.571 0.439 0.375 0.529 0.531 0.478 0.467 0.501 0.449 0.467 0.501 0.476 0.478 0.41 0.508 0.511 0.429 0.432 0.465 0.527 0.563 0.556 0.469 0.463 0.445 0.464 0.413 0.429 0.454 0.428 0.417 0.405 0.409 0.369 0.377 0.374 0.444 0.451 0.415 0.387 0.407 0.397 0.39 0.414 0.467 0.449 0.362 0.179 0.322 0.397 0.373 0.383 0.392 0.427 0.452 0.419 0.29 0.366 0.429 0.44 0.43 0.435 0.452 0.435 0.411 0.418 0.339 0.391 0.493 0.528 0.484 0.47 0.53 0.508 0.509
0.524 0.531 0.511 0.503 0.505 0.566 0.496 0.456 0.45 0.455 0.509 0.472 0.449 0.445 0.517 0.437 0.436 0.47 0.457 0.465 0.451 0.497 0.548 0.486 0.467 0.42 0.44 0.433 0.398 0.412 0.439 0.436 0.458 0.395 0.394 0.383 0.396 0.38 0.464 0.398 0.401 0.405 0.394 0.414 0.4 0.42 0.411 0.392 0.362 0.326 0.366 0.388 0.391 0.377 0.394 0.424 -9999 0.404 0.381 0.398 0.42 0.408 0.434 0.439 0.429 0.438 0.376 0.373 0.39 0.472 0.545 0.531 0.515 0.509 0.542 0.547 0.515
0.371 0.439 0.513 0.558 0.541 0.515 0.523 0.549 0.484 0.529 0.473 0.448 0.494 0.477 0.502 0.483 0.429 0.393 0.457 0.456 0.448 0.468 0.519 0.457 0.41 0.442 0.456 0.453 0.5 0.503 0.477 0.44 0.389 0.432 0.404 0.413 0.45 0.439 0.406 0.387 0.396 0.472 0.449 0.459 0.419 0.435 0.403 0.376 -0.3 -0.3 -9999 -9999 -9999 -9999 0.298 -9999 -9999 -9999 0.411 0.433 0.408 0.433 0.414 0.413 0.39 0.341 0.364 0.406 0.538 0.542 0.535 0.555 0.57 0.613 0.625 0.597 0.601
0.455 0.47 0.473 0.534 0.547 0.479 0.533 0.553 0.457 0.481 0.477 0.449 0.465 0.604 0.576 0.553 0.524 0.47 0.454 0.469 0.476 0.52 0.514 0.482 0.427 0.495 0.517 0.515 0.478 0.462 0.463 0.409 0.38 0.421 0.419 0.446 0.408 0.429 0.413 0.424 0.437 0.487 0.436 0.428 0.466 0.428 0.382 0.401 -9999 -9999 -9999 -9999 -9999 -9999 -9999 -9999 -9999 -9999 0.313 0.38 0.382 0.392 0.4 0.421 0.405 0.425 0.406 0.434 0.559 0.556 0.55 0.542 0.568 0.587 0.566 0.587 0.585
0.514 0.518 0.488 0.487 0.495 0.535 0.574 0.54 0.58 0.466 0.426 0.442 0.462 0.57 0.547 0.556 0.529 0.562 0.535 0.499 0.532 0.563 0.564 0.51 0.495 0.506 0.483 0.498 0.481 0.432 0.459 0.454 0.461 0.448 0.442 0.466 0.459 0.434 0.462 0.471 0.489 0.499 0.463 0.438 0.468 0.413 0.356 0.401 -9999 -9999 -9999 -9999 -9999 -9999 -9999 -9999 -9999 -9999 -9999 -9999 0.278 0.267 0.33 0.383 0.448 0.445 0.477 0.464 0.528 0.572 0.533 0.534 0.528 0.554 0.59 0.582 0.557
0.499 0.549 0.583 0.539 0.539 0.526 0.532 0.469 0.461 0.418 0.436 0.448 0.521 0.642 0.596 0.565 0.519 0.595 0.476 0.458 0.52 0.538 0.539 0.453 0.512 0.507 0.531 0.534 0.436 0.438 0.509 0.466 0.429 0.43 0.445 0.463 0.496 0.467 0.451 0.456 0.435 0.463 0.399 0.388 0.424 0.335 -9999 -9999 -9999 -9999 -9999 -9999 -9999 -9999 -9999 -9999 -9999 -9999 -9999 -9999 0.189 0.235 0.292 0.275 0.381 0.479 0.531 0.449 0.565 0.577 0.559 0.525 0.506 0.537 0.553 0.578 0.595
