data/china_ndvi_max_2003.asc
ncols         710
nrows         510
xllcorner     70
yllcorner     10
cellsize      0.1
NODATA_value  -9999
[rows 272 to 305 of 510, columns 154 to 230 of 710]
0.129 0.109 0.09 0.088 0.021 0.055 0.095 0.101 0.102 0.111 0.114 0.118 0.13 0.11 0.084 0.058 0.139 0.127 0.129 0.13 0.126 0.127 0.126 0.129 0.108 0.089 0.09 0.108 0.115 0.117 0.124 0.107 0.12 0.127 0.125 0.126 0.054 0.067 0.094 0.092 0.102 0.128 0.125 0.115 0.1 0.133 0.063 0.156 0.167 0.194 0.152 0.141 0.124 0.098 0.13 0.037 0.127 0.163 0.139 0.166 0.172 0.164 0.166 0.183 0.175 0.223 0.219 0.176 0.164 0.183 0.23 0.187 0.192 0.198 0.197 0.191 0.22
0.125 0.117 0.11 0.096 -0.021 0.053 0.116 0.119 0.106 0.112 0.119 0.143 0.14 0.125 0.125 0.098 0.134 0.133 0.122 0.117 0.111 0.111 0.104 0.093 0.113 0.129 0.109 0.109 0.1 0.092 0.09 0.127 0.105 0.088 0.104 0.111 0.104 0.093 0.096 0.127 0.159 0.098 0.098 -0.02 0.081 0.115 0.171 0.166 0.108 0.165 0.119 0.122 0.112 0.096 0.087 0.108 0.154 0.174 0.082 0.187 0.23 0.176 0.175 0.157 0.19 0.192 0.22 0.264 0.253 0.247 0.242 0.199 0.194 0.197 0.207 0.181 0.233
0.13 0.144 0.146 0.12 0.103 0.09 0.106 0.102 0.1 0.097 0.094 0.174 0.17 0.148 0.138 0.119 0.124 0.141 0.128 0.122 0.11 0.095 0.112 0.13 0.152 0.146 0.099 0.109 0.108 0.112 0.109 0.092 0.105 0.103 0.127 0.122 0.131 0.131 0.109 0.144 0.153 0.091 0.108 0.128 0.156 0.157 0.14 0.155 0.163 0.158 -0.3 0.126 0.098 0.079 0.097 0.023 0.045 0.022 -0.025 0.191 0.19 0.218 0.181 0.21 0.215 0.225 0.216 0.236 0.225 0.24 0.252 0.178 0.175 0.189 0.191 0.197 0.232
0.098 0.127 0.106 0.105 0.117 0.129 0.114 0.114 0.131 0.143 0.124 0.126 0.117 0.112 0.094 0.077 0.112 0.127 0.119 0.127 0.119 0.1 0.131 0.128 0.122 0.148 0.145 0.114 0.129 0.135 0.129 0.14 0.126 0.134 0.128 0.118 0.118 0.104 0.124 0.136 0.146 0.15 0.142 0.146 0.139 -0.3 0.1 -0.3 0.106 -0.3 0.144 0.091 0.097 0.112 0.058 -0.027 -0.034 -0.046 0.026 0.117 0.074 -0.009 0.076 0.123 0.176 0.159 0.141 0.154 0.163 0.221 0.25 0.206 0.239 0.232 0.206 0.202 0.221
0.116 0.093 0.106 0.108 0.127 0.143 0.142 0.148 0.154 0.167 0.17 0.116 0.113 0.119 0.106 0.09 0.111 0.125 0.096 0.127 0.12 0.124 0.116 0.101 0.095 0.108 0.122 0.106 0.12 0.134 0.12 0.135 0.155 0.102 0.133 0.122 0.119 0.108 0.098 0.104 0.114 0.121 0.115 0.118 0.126 -0.01 0.141 0.141 0.151 0.14 0.127 0.089 0.082 0.081 0.072 0.072 0.045 -0.026 -0.04 0.072 0.072 0.084 0.102 0.12 0.151 0.148 0.231 0.246 0.235 0.225 0.216 0.206 0.22 0.211 0.23 0.229 0.257
0.114 0.121 0.124 0.123 0.141 0.143 0.157 0.176 0.153 0.135 0.128 0.176 0.141 0.102 0.117 0.094 0.107 0.123 0.118 0.127 0.118 0.121 0.12 0.107 0.11 0.106 0.04 -0.005 0.093 0.109 0.054 0.13 0.107 0.132 0.144 0.137 0.088 0.072 0.115 0.133 0.111 0.086 0.093 0.061 0.106 0.11 0.113 0.102 0.105 0.1 0.135 0.13 0.091 0.099 0.093 0.09 0.047 0.018 -0.017 0.128 0.14 0.136 0.132 0.135 0.107 0.154 0.121 0.155 0.238 0.261 0.166 0.211 0.217 0.208 0.172 0.214 0.252
0.095 0.101 0.1 0.104 0.115 0.106 0.172 0.153 0.144 0.138 0.142 0.133 0.154 0.123 0.091 0.072 0.114 0.115 0.126 0.117 0.124 0.098 0.099 0.093 0.093 0.101 0.061 0.082 0.109 0.124 0.138 0.124 0.092 0.105 0.111 0.11 0.122 0.099 0.099 0.11 0.122 0.125 0.129 0.084 0.127 0.096 0.105 0.096 0.111 0.123 0.119 0.159 0.152 0.135 0.128 0.12 0.09 0.098 0.036 0.034 0.144 0.135 0.135 0.132 0.132 0.189 -0.034 0.026 0.145 0.239 0.213 0.237 0.202 0.234 0.235 0.211 0.245
0.036 0.092 0.117 0.127 0.12 0.113 0.126 0.108 0.062 0.118 0.124 0.139 0.097 0.069 0.037 0.092 0.121 0.132 0.133 0.129 0.12 0.124 0.115 0.102 0.077 0.109 0.116 0.138 0.154 0.16 0.153 0.104 0.13 0.108 0.111 0.137 0.084 0.096 0.125 0.133 0.147 0.155 0.136 0.117 -0.3 0.089 0.109 0.131 0.126 0.139 0.15 0.15 0.155 0.149 0.12 0.113 0.108 0.116 0.121 0.138 0.153 0.142 0.16 0.161 0.177 0.193 0.147 0.17 0.217 0.305 0.221 0.221 0.218 0.227 0.225 0.234 0.237
0.122 0.117 0.108 0.114 0.101 0.102 0.129 0.118 0.117 0.127 0.138 0.107 0.01 -0.3 0.103 0.123 0.117 -0.034 0.06 0.094 0.104 0.117 0.125 0.118 0.111 0.127 0.114 0.083 -0.113 0.097 0.143 0.149 0.151 0.131 0.083 0.079 0.149 0.151 0.149 0.148 0.117 0.104 0.137 0.14 0.138 0.122 0.185 0.159 0.114 0.154 0.128 0.179 0.121 0.109 0.122 0.142 0.159 0.159 0.176 0.178 0.163 0.126 0.155 0.13 0.109 0.146 0.169 0.178 0.163 0.269 0.284 0.163 0.138 0.171 0.199 0.258 0.201
0.122 0.147 0.136 0.108 0.104 0.107 0.125 0.13 0.123 0.131 0.142 0.129 0.102 0.107 0.118 0.121 0.1 0.086 0.105 0.116 0.112 0.123 0.118 0.093 0.037 0.087 0.104 0.107 0.102 0.132 0.138 0.152 0.152 0.155 0.143 0.125 0.157 0.153 0.155 0.15 0.127 0.159 0.163 0.152 0.149 0.151 0.149 0.15 0.151 0.163 0.155 0.167 0.165 0.163 0.151 0.17 0.171 0.165 0.186 0.145 0.155 0.109 0.131 0.129 0.15 0.158 0.183 0.266 0.104 0.192 0.077 0.13 0.164 0.085 0.146 0.169 0.227
0.119 0.116 0.134 0.133 0.128 0.133 0.13 0.133 0.116 0.133 0.133 0.099 0.106 0.078 0.107 0.109 0.106 0.109 0.124 0.143 0.152 0.118 0.085 0.108 0.109 0.13 0.141 0.118 0.144 0.141 0.149 0.116 0.141 0.153 0.138 0.123 0.132 0.144 0.144 0.155 0.16 0.089 0.058 0.143 0.152 0.143 0.16 0.156 0.139 0.15 0.16 0.136 0.152 0.173 0.163 0.172 0.198 0.146 0.128 0.191 0.202 0.129 0.147 0.168 0.153 0.148 0.228 0.216 0.14 0.119 0.133 0.102 0.106 0.088 0.183 0.284 0.266
0.132 0.126 0.15 0.15 0.155 0.152 0.134 0.131 0.12 0.091 0.086 0.069 0.101 0.118 0.121 0.143 0.147 0.145 0.132 0.133 0.13 0.128 0.119 0.132 0.147 0.163 0.13 0.157 0.173 0.156 0.166 0.155 0.136 0.154 0.146 0.131 0.132 0.142 0.14 0.128 0.134 0.12 0.128 0.141 0.161 0.161 0.124 0.121 0.147 0.168 0.155 0.149 0.146 0.169 0.164 0.159 0.108 0.09 0.12 0.114 0.101 0.189 0.242 0.205 0.141 0.141 0.222 0.158 0.083 0.128 0.167 0.165 0.205 0.228 0.228 0.325 0.207
0.126 0.146 0.145 0.147 0.144 0.137 0.116 0.11 0.104 0.093 0.107 0.121 0.119 0.122 0.136 0.143 0.122 0.116 0.132 0.113 0.103 0.152 0.133 0.143 0.154 0.118 0.132 0.126 0.138 0.17 0.166 0.122 0.121 0.13 0.14 0.126 0.154 0.156 0.141 0.131 0.157 0.134 0.132 0.125 0.138 0.126 0.113 0.114 0.143 0.151 0.163 0.157 0.157 0.159 0.164 0.185 0.105 0.136 0.155 0.145 0.153 0.115 0.099 0.122 0.198 0.253 0.234 0.201 0.146 0.154 0.224 0.197 0.17 0.201 0.279 0.322 0.122
0.087 0.112 0.098 0.077 0.121 0.122 0.115 0.111 0.088 0.103 0.11 0.122 0.11 0.105 0.106 0.105 0.117 0.13 0.142 0.101 0.088 0.09 0.163 0.094 0.1 0.122 -0.003 0.081 0.104 0.107 0.141 0.174 0.149 0.111 0.126 0.178 0.172 0.145 0.092 0.134 0.137 0.106 0.111 0.117 0.127 0.136 0.143 0.153 0.174 0.176 0.168 0.159 0.162 0.138 0.113 0.143 0.17 0.169 0.219 0.205 0.16 0.204 0.233 0.218 0.213 0.277 0.316 0.271 0.32 0.286 0.322 0.285 0.201 0.193 0.205 0.264 0.322
0.126 0.096 0.097 0.086 0.095 0.1 0.098 0.085 0.084 0.093 0.088 0.057 0.115 0.094 0.102 0.127 0.131 0.127 0.171 0.15 0.065 0.125 0.159 0.147 0.16 0.127 0.118 0.131 0.13 0.139 0.152 0.146 0.132 0.021 0.155 0.159 0.147 0.141 0.158 0.151 0.138 0.137 0.129 0.117 0.114 0.127 0.15 0.129 0.13 0.143 0.139 0.124 0.127 0.108 0.118 0.14 0.146 0.173 0.193 0.208 0.2 0.224 0.253 0.291 0.271 0.264 0.269 0.267 0.303 0.291 0.316 0.314 0.293 0.328 0.278 0.204 0.251
0.117 0.098 0.087 0.095 0.082 0.072 0.085 0.077 0.034 0.066 0.068 0.086 0.04 0.075 0.091 0.094 0.13 0.115 0.119 0.057 0.126 0.136 0.128 0.131 0.077 0.127 0.117 0.141 0.131 0.128 0.143 0.155 0.136 0.135 0.161 0.154 0.113 0.113 0.124 0.116 0.097 0.135 0.111 0.122 0.127 0.122 0.085 0.082 0.082 0.096 0.099 0.106 0.126 0.15 0.147 0.139 0.181 0.202 0.218 0.246 0.236 0.262 0.267 0.286 0.312 0.352 0.335 0.31 0.326 0.312 0.288 0.339 0.35 0.326 0.317 0.304 0.273
0.113 0.105 0.102 0.102 0.117 0.114 0.112 0.105 0.093 0.093 0.09 0.065 0.09 0.096 0.098 0.097 0.109 0.113 0.117 0.126 0.123 0.136 0.125 0.123 0.123 0.138 0.148 0.135 0.114 0.122 0.169 0.145 0.128 0.108 0.117 0.129 0.067 0.101 0.097 0.1 0.112 0.15 0.138 0.121 0.096 0.099 0.122 0.13 0.13 0.129 0.138 0.159 0.16 0.163 0.157 -0.3 0.158 0.204 0.23 0.22 0.235 0.126 0.18 0.244 0.364 0.377 0.364 0.355 0.36 0.293 0.306 0.378 0.37 0.381 0.348 0.288 0.268
0.107 0.128 0.141 0.134 0.136 0.138 0.1 0.111 0.107 0.101 0.104 0.094 0.077 0.087 0.104 0.104 0.104 0.111 0.124 0.131 0.121 0.13 0.111 0.103 0.105 0.111 0.123 0.138 0.076 0.089 0.094 0.12 0.109 0.014 0.072 0.062 -0.066 0.088 0.092 0.096 0.087 0.087 0.091 0.113 0.132 0.143 0.147 0.148 0.14 0.134 0.147 0.167 0.168 0.137 0.111 0.041 0.168 0.206 0.241 0.238 0.272 0.244 0.276 0.335 0.368 0.361 0.36 0.358 0.361 0.38 0.367 0.376 0.406 0.405 0.39 0.36 0.257
0.122 0.133 0.138 0.125 0.12 0.117 0.12 0.113 0.125 0.115 0.112 0.102 0.115 0.116 0.137 0.104 0.107 0.128 0.084 0.081 0.068 -0.3 0.01 0.079 0.106 0.11 0.14 0.124 0.115 0.107 0.134 0.127 0.084 0.024 0.097 -0.101 -9999 -0.3 -0.092 0.04 0.069 0.116 0.118 0.105 0.079 0.103 0.126 0.133 0.138 0.14 0.15 0.168 0.186 0.191 0.205 0.19 0.222 0.208 0.239 0.227 0.274 0.254 0.321 0.322 0.355 0.339 0.314 0.354 0.353 0.344 0.303 0.284 0.365 0.287 0.289 0.282 0.432
0.147 0.163 0.152 0.141 0.126 0.131 0.137 0.126 0.125 0.125 0.109 0.12 0.123 0.127 0.131 0.116 0.12 0.125 0.115 0.109 0.114 0.106 0.128 0.147 0.14 0.135 0.133 0.134 0.126 0.125 0.144 0.128 0.049 -0.3 0.062 -0.3 -0.3 -0.3 -0.3 -0.074 0.059 0.073 -0.013 0.081 0.077 0.095 0.152 0.151 0.144 0.145 0.032 0.16 0.196 0.207 0.161 0.155 0.204 0.187 0.19 0.216 0.251 0.298 0.277 0.301 0.337 0.346 0.325 0.347 0.352 0.367 0.385 0.259 0.323 0.293 0.323 0.324 0.265
0.145 0.131 0.135 0.141 0.14 0.13 0.126 0.127 0.116 0.116 0.123 0.144 0.148 0.147 0.147 0.136 0.128 0.12 0.146 0.147 0.145 0.159 0.173 0.173 0.161 -0.3 0.041 0.043 0.151 0.18 0.184 0.137 0.132 0.146 0.145 0.146 -0.3 -0.3 -0.3 0.082 0.132 -0.007 0.082 0.105 0.134 0.151 0.148 0.179 0.161 0.156 0.153 0.181 0.215 0.152 0.162 0.225 0.201 0.165 0.136 0.234 0.204 0.302 0.329 0.315 0.339 0.349 0.366 0.367 0.388 0.38 0.391 0.276 0.297 0.332 0.324 0.341 0.262
0.126 0.139 0.144 0.139 0.129 0.135 0.125 0.114 0.132 0.139 0.142 0.157 0.139 0.118 0.13 0.128 0.115 0.125 0.107 0.121 0.114 0.141 0.155 0.161 0.135 0.141 0.138 0.156 0.163 0.164 0.17 0.127 0.149 0.145 -0.3 0.166 0.055 -0.3 -0.035 0.108 0.136 0.152 0.137 0.137 0.147 0.155 0.184 0.189 0.186 0.218 0.228 0.202 0.207 0.163 0.157 0.225 0.197 0.096 0.169 0.175 0.199 0.28 0.306 0.271 0.333 0.359 0.36 0.413 0.432 0.405 0.4 0.317 0.263 0.196 0.244 0.284 0.315
0.126 0.148 0.148 0.138 0.138 0.133 0.136 0.127 0.133 0.157 0.166 0.132 0.116 0.015 0.02 0.113 0.132 0.113 0.111 0.098 0.097 0.159 0.155 0.156 0.147 0.125 0.17 0.175 0.182 0.221 0.206 0.165 0.184 0.15 0.135 0.138 0.024 0.029 0.079 0.121 0.139 0.153 0.169 0.158 0.151 0.161 0.151 0.154 0.178 0.194 0.19 0.194 0.191 0.188 0.148 0.161 0.126 0.144 0.201 0.217 0.251 0.183 0.247 0.3 0.33 0.369 0.344 0.36 0.347 0.346 0.32 0.287 0.268 0.318 0.328 0.33 0.346
0.143 0.119 0.111 0.105 0.121 0.121 0.137 0.16 0.144 0.162 0.169 0.117 0.149 0.134 0.096 0.151 0.141 0.154 0.149 0.189 0.183 0.187 0.188 0.164 0.163 -0.048 0.151 0.137 0.106 0.138 0.164 0.192 0.17 0.173 0.153 0.139 0.165 0.159 0.146 0.183 0.181 0.167 0.181 0.183 0.176 0.251 0.224 0.228 0.191 0.164 0.172 0.077 0.085 0.097 0.138 0.144 0.256 0.252 0.254 0.246 0.25 0.258 0.289 0.282 0.288 0.292 0.329 0.361 0.361 0.332 0.392 0.359 0.312 0.29 0.353 0.415 0.217
0.128 0.105 0.107 0.102 0.093 0.089 0.127 0.15 0.145 0.149 0.159 0.144 0.156 -0.3 0.133 0.117 0.146 0.13 0.096 0.129 0.163 0.157 0.18 0.157 0.152 0.148 0.128 0.163 0.144 0.15 0.147 0.204 0.193 0.166 0.158 0.149 0.188 0.192 0.144 0.216 0.2 0.177 0.207 0.214 0.187 0.23 0.25 0.26 0.254 0.178 0.166 0.032 -0.115 0.101 0.146 0.182 0.265 0.252 0.256 0.252 0.2 0.166 0.258 0.264 0.296 0.32 0.345 0.324 0.328 0.366 0.413 0.247 0.321 0.33 0.278 0.223 0.191
0.128 0.111 0.089 0.098 0.104 0.106 0.13 0.142 0.153 0.174 0.156 0.15 0.133 -0.3 0.105 0.153 0.147 0.145 0.139 0.143 0.149 0.147 0.134 0.135 0.145 0.165 0.179 0.146 -0.3 0.157 0.134 0.156 0.149 0.141 0.13 0.132 0.149 0.161 -0.3 0.152 0.174 0.14 0.161 0.182 0.225 0.232 0.232 0.231 0.238 0.203 0.195 -0.3 0.174 0.211 0.206 0.271 0.252 0.2 -0.3 0.275 0.296 0.285 0.332 0.297 0.315 0.355 0.346 0.367 0.375 0.375 0.361 0.25 0.362 0.24 0.21 0.256 0.324
0.153 0.108 0.13 0.129 0.154 0.152 0.147 0.16 0.177 0.164 0.156 0.126 -0.3 0.128 0.194 0.146 0.158 0.13 0.042 0.125 0.129 0.135 0.168 0.148 0.177 0.178 0.16 0.116 0.176 0.127 -0.3 0.154 0.134 0.118 0.133 0.143 0.124 0.124 0.13 0.185 0.18 0.089 0.151 0.176 0.189 0.197 0.198 0.182 0.199 0.205 0.222 0.204 0.235 0.247 0.207 0.239 0.268 0.22 0.224 0.252 0.319 0.355 0.313 0.326 0.378 0.365 0.363 0.353 0.312 0.377 0.283 0.354 0.27 0.192 0.294 0.344 0.347
0.109 0.087 0.097 0.164 0.143 0.148 0.151 0.15 0.143 0.158 0.168 -0.3 0.132 0.166 0.155 0.169 0.196 -0.3 -0.3 0.048 0.078 0.145 0.156 0.175 0.192 0.193 0.168 0.141 0.155 0.129 0.113 -0.3 0.135 0.15 0.146 0.142 -0.3 0.176 0.147 0.141 0.169 0.162 0.166 0.177 0.174 0.162 0.204 0.197 0.214 0.183 0.2 0.195 0.278 0.266 0.23 0.255 0.251 0.276 0.225 0.25 0.286 0.229 0.296 0.286 0.34 0.353 0.353 0.362 0.352 0.339 0.309 0.24 0.217 0.229 0.263 0.345 0.275
0.171 -0.3 0.103 0.008 -0.3 0.114 0.137 0.128 0.165 0.168 0.175 0.124 0.145 0.171 0.174 0.173 0.141 0.075 0.105 0.156 0.167 0.179 0.166 0.16 0.186 0.177 0.172 0.161 0.138 0.166 0.193 0.203 0.113 0.138 0.148 0.161 0.182 0.179 0.171 0.138 0.128 0.184 0.163 0.16 0.135 0.142 0.179 0.215 0.213 0.133 0.093 0.161 0.183 -0.3 0.178 -0.3 0.108 0.199 0.25 0.266 0.245 0.087 0.272 0.283 0.226 0.249 0.112 0.137 0.183 0.191 0.206 0.334 0.242 0.228 0.213 0.186 0.117
0.161 0.159 0.154 0.139 0.063 0.11 0.172 0.184 0.171 0.173 0.164 0.053 0.116 0.16 0.167 0.177 0.145 0.148 0.17 0.211 0.213 0.187 0.179 0.159 0.153 0.171 0.178 0.182 0.155 0.173 0.162 0.131 0.009 0.103 0.149 0.161 0.172 0.178 0.18 0.181 0.162 0.259 0.25 0.246 0.262 0.237 0.257 0.21 0.22 0.199 -9999 0.157 -0.3 -0.3 -0.3 0.112 0.17 0.277 0.275 0.215 0.165 0.212 0.32 0.286 0.192 0.137 0.195 0.241 0.207 0.203 0.221 0.322 0.286 0.257 0.248 0.211 0.175
0.117 0.15 0.159 0.148 0.118 0.127 0.148 0.148 0.135 0.161 0.16 0.162 0.121 0.138 0.193 0.202 0.167 0.149 0.19 0.171 0.174 0.186 0.177 0.192 0.199 0.181 0.221 0.212 0.189 0.209 0.232 0.047 0.095 0.154 0.145 0.177 0.241 0.257 0.224 0.208 0.209 0.229 0.195 0.238 0.251 0.261 0.239 0.246 0.218 0.193 -9999 -0.3 -0.3 -0.3 -0.3 0.2 0.209 0.226 0.183 0.169 0.181 0.288 0.341 0.238 0.178 0.122 0.154 0.217 0.24 0.275 0.321 0.283 0.271 0.289 0.251 0.187 0.207
0.117 0.115 0.119 0.133 0.123 0.123 0.132 0.131 0.121 -0.3 0.152 0.152 0.118 0.147 0.173 0.17 0.172 0.187 0.223 0.214 0.206 0.203 0.202 0.203 0.205 0.186 0.121 0.125 0.219 0.166 0.242 0.173 0.169 0.158 0.151 0.164 0.248 0.204 0.207 0.175 0.204 0.254 0.249 0.249 0.267 0.244 0.233 0.228 0.219 0.155 -0.3 -0.3 -0.3 0.178 0.257 0.225 0.102 0.152 0.282 0.32 0.257 0.352 0.39 0.3 0.29 0.315 0.244 0.287 0.379 0.355 0.284 0.26 0.339 0.313 0.237 0.212 0.166
0.119 0.135 0.132 0.146 0.127 0.128 0.146 0.126 0.118 0.135 0.19 0.157 0.121 0.125 0.148 0.16 0.178 0.184 0.161 0.162 0.201 0.198 0.193 0.199 0.183 0.152 0.115 0.145 0.187 0.191 0.224 0.178 0.166 0.186 0.19 0.186 0.289 0.276 0.245 0.219 0.199 0.215 0.251 0.267 0.29 0.293 0.284 0.265 0.209 0.173 -0.3 0.272 0.238 0.206 0.071 0.077 0.227 0.351 0.407 0.403 0.411 0.35 0.324 0.383 0.372 0.265 0.112 0.146 0.154 0.235 0.186 0.255 0.192 0.199 0.162 0.134 0.112
0.126 0.178 0.165 0.171 0.162 0.133 0.169 0.172 0.176 0.127 0.207 0.107 0.136 0.134 0.148 0.16 0.174 0.187 0.195 0.157 0.117 0.128 0.091 0.081 0.157 0.185 0.113 0.127 0.142 0.153 0.185 0.213 0.191 0.168 0.216 0.253 0.276 0.264 0.277 0.278 0.279 0.235 0.236 0.263 0.282 0.234 0.268 0.297 0.317 0.186 0.064 -0.039 -0.041 0.131 0.282 0.344 0.378 0.382 0.295 0.232 0.251 0.265 0.251 0.408 0.261 0.29 0.189 0.15 0.101 0.171 0.229 0.178 0.146 0.171 0.084 0.129 0.182
