data/china_ndvi_max_1986.asc
ncols         710
nrows         510
xllcorner     70
yllcorner     10
cellsize      0.1
NODATA_value  -9999
[rows 340 to 373 of 510, columns 308 to 384 of 710]
0.553 0.585 0.665 0.725 0.718 0.718 0.672 0.66 0.709 0.688 0.742 0.728 0.647 0.561 0.59 0.609 0.709 0.722 0.63 0.602 0.553 0.586 0.569 0.528 0.575 0.516 0.465 0.457 0.507 0.463 0.388 0.397 0.537 0.524 0.459 0.499 0.525 0.542 0.559 0.629 0.677 0.65 0.542 0.587 0.605 0.552 0.546 0.549 0.495 0.529 0.527 0.502 0.595 0.561 0.584 0.588 0.573 0.622 0.568 0.569 0.626 0.673 0.636 0.616 0.618 0.63 0.617 0.629 0.649 0.632 0.616 0.549 0.596 0.544 0.553 0.619 0.692
0.574 0.541 0.712 0.683 0.701 0.67 0.705 0.663 0.717 0.66 0.669 0.705 0.532 0.574 0.643 0.679 0.696 0.717 0.589 0.601 0.611 0.602 0.489 0.474 0.453 0.503 0.513 0.46 0.44 0.397 0.479 0.485 0.542 0.538 0.512 0.542 0.622 0.528 0.533 0.576 0.586 0.562 0.558 0.557 0.586 0.587 0.541 0.602 0.569 0.593 0.574 0.544 0.56 0.551 0.558 0.567 0.581 0.607 0.566 0.585 0.64 0.636 0.64 0.661 0.637 0.633 0.634 0.627 0.64 0.642 0.618 0.573 0.554 0.546 0.63 0.673 0.653
0.591 0.652 0.631 0.652 0.613 0.65 0.648 0.631 0.635 0.674 0.617 0.558 0.598 0.639 0.618 0.597 0.611 0.606 0.615 0.599 0.597 0.577 0.442 0.431 0.473 0.479 0.524 0.416 0.431 0.473 0.514 0.567 0.552 0.589 0.572 0.56 0.572 0.613 0.556 0.548 0.547 0.526 0.58 0.609 0.612 0.661 0.681 0.648 0.663 0.63 0.595 0.613 0.551 0.582 0.558 0.552 0.578 0.607 0.456 0.558 0.616 0.64 0.627 0.673 0.616 0.606 0.631 0.603 0.611 0.673 0.631 0.639 0.546 0.562 0.636 0.678 0.665
0.602 0.608 0.67 0.671 0.611 0.571 0.56 0.54 0.546 0.618 0.519 0.535 0.582 0.66 0.604 0.566 0.581 0.533 0.611 0.607 0.556 0.564 0.509 0.519 0.519 0.474 0.435 0.422 0.484 0.489 0.531 0.62 0.62 0.632 0.604 0.565 0.556 0.578 0.535 0.611 0.554 0.583 0.602 0.559 0.526 0.671 0.635 0.682 0.676 0.678 0.659 0.655 0.619 0.587 0.621 0.596 0.594 0.603 0.457 0.585 0.579 0.655 0.664 0.665 0.595 0.643 0.708 0.607 0.566 0.656 0.634 0.637 0.608 0.664 0.695 0.69 0.695
0.621 0.526 0.652 0.618 0.604 0.521 0.514 0.481 0.484 0.439 0.447 0.427 0.634 0.623 0.574 0.554 0.553 0.608 0.562 0.568 0.569 0.646 0.445 0.474 0.473 0.487 0.492 0.446 0.396 0.464 0.559 0.6 0.606 0.669 0.584 0.62 0.547 0.554 0.544 0.614 0.602 0.52 0.592 0.627 0.583 0.597 0.586 0.679 0.636 0.663 0.652 0.643 0.624 0.615 0.661 0.628 0.557 0.56 0.561 0.47 0.553 0.604 0.684 0.662 0.61 0.658 0.65 0.643 0.615 0.623 0.635 0.532 0.598 0.669 0.7 0.733 0.748
0.656 0.646 0.723 0.572 0.551 0.546 0.526 0.608 0.739 0.677 0.58 0.53 0.572 0.496 0.475 0.512 0.564 0.434 0.514 0.638 0.628 0.512 0.388 0.352 0.409 0.539 0.506 0.54 0.55 0.596 0.579 0.527 0.565 0.6 0.637 0.576 0.568 0.657 0.656 0.62 0.631 0.548 0.592 0.59 0.612 0.586 0.534 0.57 0.607 0.537 0.521 0.551 0.571 0.569 0.578 0.537 0.536 0.531 0.544 0.59 0.652 0.638 0.705 0.675 0.659 0.689 0.726 0.65 0.679 0.63 0.616 0.642 0.692 0.706 0.806 0.761 0.795
0.687 0.671 0.58 0.641 0.627 0.707 0.657 0.664 0.729 0.667 0.604 0.556 0.433 0.466 0.532 0.492 0.44 0.483 0.46 0.536 0.461 0.441 0.502 0.308 0.415 0.506 0.505 0.534 0.565 0.579 0.602 0.545 0.597 0.498 0.501 0.519 0.525 0.569 0.644 0.589 0.623 0.634 0.64 0.576 0.603 0.662 0.577 0.61 0.596 0.536 0.535 0.522 0.59 0.582 0.587 0.57 0.604 0.604 0.613 0.607 0.677 0.687 0.663 0.672 0.686 0.669 0.69 0.622 0.675 0.642 0.621 0.666 0.732 0.762 0.747 0.74 0.763
0.591 0.527 0.702 0.729 0.709 0.707 0.713 0.706 0.661 0.544 0.563 0.5 0.441 0.435 0.441 0.445 0.579 0.573 0.558 0.468 0.512 0.609 0.507 0.341 0.501 0.482 0.567 0.542 0.575 0.582 0.593 0.589 0.526 0.419 0.647 0.591 0.578 0.551 0.621 0.617 0.627 0.641 0.637 0.589 0.58 0.604 0.589 0.613 0.594 0.525 0.542 0.515 0.602 0.538 0.548 0.557 0.578 0.674 0.674 0.636 0.664 0.676 0.659 0.677 0.709 0.673 0.724 0.631 0.637 0.595 0.6 0.651 0.717 0.737 0.723 0.732 0.717
0.675 0.569 0.675 0.649 0.708 0.68 0.708 0.619 0.539 0.491 0.543 0.496 0.454 0.418 0.489 0.56 0.668 0.58 0.611 0.587 0.569 0.616 0.497 0.349 0.521 0.588 0.582 0.514 0.52 0.582 0.565 0.466 0.43 0.558 0.604 0.575 0.548 0.6 0.652 0.603 0.656 0.667 0.667 0.594 0.58 0.556 0.617 0.612 0.62 0.524 0.562 0.616 0.6 0.576 0.549 0.58 0.647 0.68 0.626 0.649 0.699 0.7 0.677 0.697 0.713 0.701 0.689 0.652 0.603 0.646 0.645 0.674 0.717 0.753 0.744 0.711 0.69
0.562 0.667 0.693 0.674 0.672 0.635 0.701 0.588 0.513 0.467 0.49 0.475 0.451 0.396 0.507 0.616 0.689 0.632 0.636 0.628 0.685 0.694 0.496 0.432 0.438 0.578 0.506 0.544 0.521 0.518 0.518 0.486 0.496 0.528 0.56 0.56 0.573 0.576 0.614 0.664 0.65 0.642 0.631 0.597 0.547 0.628 0.592 0.587 0.575 0.546 0.566 0.587 0.603 0.611 0.612 0.631 0.675 0.629 0.602 0.64 0.636 0.71 0.719 0.717 0.713 0.698 0.688 0.67 0.674 0.668 0.625 0.665 0.727 0.717 0.736 0.723 0.707
0.676 0.593 0.644 0.646 0.668 0.669 0.68 0.546 0.498 0.489 0.402 0.413 0.599 0.483 0.603 0.681 0.658 0.647 0.633 0.654 0.636 0.581 0.517 0.498 0.506 0.496 0.605 0.534 0.589 0.586 0.483 0.559 0.517 0.606 0.549 0.518 0.511 0.559 0.541 0.557 0.588 0.595 0.631 0.557 0.58 0.57 0.549 0.591 0.627 0.582 0.631 0.648 0.637 0.57 0.62 0.62 0.623 0.6 0.672 0.687 0.665 0.713 0.69 0.675 0.663 0.661 0.664 0.625 0.751 0.733 0.657 0.659 0.714 0.685 0.695 0.712 0.68
0.716 0.727 0.675 0.63 0.612 0.617 0.689 0.613 0.591 0.471 0.405 0.475 0.586 0.6 0.55 0.648 0.676 0.61 0.668 0.64 0.651 0.571 0.54 0.52 0.556 0.593 0.604 0.565 0.532 0.516 0.527 0.464 0.554 0.552 0.562 0.552 0.613 0.553 0.564 0.544 0.557 0.534 0.647 0.593 0.58 0.594 0.57 0.564 0.591 0.646 0.616 0.669 0.591 0.607 0.61 0.657 0.684 0.648 0.685 0.687 0.68 0.718 0.649 0.665 0.641 0.642 0.668 0.634 0.734 0.717 0.658 0.595 0.726 0.716 0.724 0.712 0.725
0.644 0.793 0.669 0.67 0.607 0.566 0.598 0.531 0.526 0.448 0.445 0.451 0.64 0.668 0.633 0.662 0.633 0.578 0.597 0.645 0.638 0.625 0.548 0.536 0.554 0.584 0.602 0.577 0.555 0.526 0.528 0.533 0.582 0.478 0.547 0.611 0.608 0.584 0.534 0.574 0.549 0.585 0.6 0.627 0.608 0.539 0.581 0.569 0.583 0.588 0.608 0.638 0.637 0.635 0.656 0.676 0.649 0.608 0.646 0.677 0.585 0.639 0.677 0.636 0.636 0.633 0.675 0.695 0.648 0.629 0.606 0.647 0.717 0.742 0.725 0.721 0.731
0.621 0.711 0.655 0.603 0.563 0.589 0.663 0.57 0.489 0.447 0.492 0.426 0.692 0.67 0.649 0.646 0.666 0.591 0.614 0.635 0.619 0.647 0.51 0.487 0.548 0.574 0.609 0.607 0.502 0.6 0.479 0.515 0.476 0.516 0.566 0.573 0.528 0.581 0.585 0.539 0.63 0.623 0.612 0.61 0.596 0.521 0.552 0.564 0.591 0.601 0.594 0.598 0.633 0.648 0.64 0.666 0.667 0.606 0.593 0.621 0.637 0.639 0.662 0.577 0.676 0.655 0.658 0.63 0.655 0.635 0.635 0.648 0.66 0.716 0.705 0.727 0.7
0.534 0.639 0.672 0.616 0.533 0.635 0.672 0.657 0.49 0.482 0.519 0.489 0.64 0.667 0.566 0.655 0.606 0.564 0.609 0.551 0.588 0.553 0.541 0.556 0.522 0.518 0.561 0.583 0.535 0.548 0.464 0.572 0.503 0.583 0.596 0.549 0.53 0.547 0.568 0.548 0.554 0.55 0.535 0.615 0.601 0.564 0.571 0.565 0.567 0.584 0.557 0.572 0.625 0.656 0.64 0.635 0.683 0.63 0.597 0.64 0.636 0.578 0.605 0.626 0.672 0.629 0.668 0.659 0.637 0.668 0.663 0.656 0.678 0.687 0.707 0.755 0.698
0.578 0.508 0.582 0.515 0.608 0.687 0.681 0.581 0.532 0.539 0.629 0.636 0.726 0.659 0.576 0.515 0.571 0.584 0.664 0.638 0.574 0.601 0.564 0.566 0.634 0.535 0.475 0.556 0.525 0.585 0.51 0.515 0.656 0.632 0.655 0.59 0.59 0.615 0.607 0.538 0.567 0.534 0.63 0.672 0.639 0.569 0.611 0.598 0.572 0.569 0.509 0.509 0.651 0.694 0.7 0.678 0.655 0.683 0.648 0.657 0.598 0.606 0.644 0.675 0.694 0.688 0.637 0.655 0.686 0.66 0.692 0.657 0.689 0.678 0.687 0.695 0.722
0.546 0.563 0.601 0.609 0.653 0.743 0.678 0.453 0.499 0.502 0.608 0.647 0.711 0.681 0.51 0.572 0.696 0.603 0.618 0.622 0.571 0.612 0.576 0.579 0.581 0.599 0.559 0.508 0.558 0.599 0.563 0.532 0.652 0.531 0.596 0.6 0.575 0.585 0.619 0.573 0.542 0.561 0.578 0.621 0.546 0.533 0.517 0.611 0.644 0.579 0.494 0.542 0.697 0.704 0.692 0.676 0.693 0.7 0.652 0.615 0.612 0.647 0.702 0.747 0.728 0.681 0.61 0.691 0.69 0.7 0.706 0.734 0.715 0.689 0.697 0.677 0.681
0.569 0.536 0.626 0.587 0.517 0.585 0.585 0.601 0.621 0.612 0.699 0.721 0.628 0.572 0.568 0.608 0.765 0.569 0.643 0.601 0.67 0.637 0.542 0.608 0.6 0.671 0.6 0.609 0.59 0.585 0.561 0.501 0.536 0.536 0.616 0.619 0.566 0.656 0.629 0.583 0.606 0.568 0.555 0.611 0.621 0.58 0.568 0.65 0.645 0.578 0.522 0.534 0.648 0.653 0.668 0.655 0.678 0.629 0.624 0.62 0.607 0.648 0.742 0.759 0.722 0.71 0.706 0.693 0.711 0.704 0.693 0.701 0.733 0.666 0.708 0.701 0.698
0.61 0.626 0.669 0.56 0.553 0.523 0.582 0.605 0.587 0.619 0.669 0.734 0.573 0.478 0.612 0.678 0.769 0.678 0.639 0.489 0.544 0.653 0.646 0.613 0.63 0.575 0.543 0.592 0.484 0.497 0.568 0.509 0.458 0.52 0.572 0.608 0.589 0.625 0.556 0.582 0.599 0.586 0.63 0.608 0.556 0.582 0.635 0.647 0.645 0.632 0.617 0.597 0.653 0.633 0.654 0.663 0.658 0.635 0.608 0.648 0.69 0.722 0.741 0.74 0.762 0.65 0.726 0.729 0.678 0.655 0.728 0.739 0.702 0.646 0.639 0.697 0.686
0.599 0.681 0.595 0.615 0.586 0.568 0.633 0.496 0.548 0.6 0.686 0.651 0.657 0.51 0.642 0.665 0.728 0.623 0.515 0.25 0.477 0.548 0.668 0.659 0.527 0.552 0.604 0.53 0.423 0.515 0.583 0.577 0.497 0.516 0.556 0.582 0.571 0.565 0.582 0.575 0.61 0.567 0.684 0.666 0.621 0.606 0.598 0.624 0.636 0.626 0.638 0.637 0.649 0.675 0.633 0.683 0.665 0.667 0.682 0.719 0.734 0.743 0.697 0.74 0.749 0.74 0.665 0.683 0.704 0.711 0.735 0.745 0.677 0.625 0.604 0.641 0.681
0.702 0.552 0.668 0.656 0.592 0.617 0.689 0.532 0.613 0.67 0.7 0.59 0.545 0.656 0.648 0.686 0.573 0.473 0.549 -0.3 0.37 0.458 0.568 0.555 0.464 0.462 0.468 0.412 0.394 0.492 0.509 0.569 0.546 0.54 0.564 0.568 0.591 0.588 0.571 0.552 0.621 0.57 0.555 0.576 0.627 0.645 0.625 0.655 0.702 0.678 0.721 0.719 0.648 0.66 0.637 0.707 0.706 0.751 0.731 0.737 0.72 0.751 0.694 0.736 0.713 0.705 0.722 0.689 0.693 0.668 0.739 0.723 0.742 0.657 0.608 0.648 0.794
0.708 0.732 0.657 0.664 0.657 0.647 0.676 0.61 0.655 0.667 0.623 0.529 0.61 0.64 0.632 0.73 0.621 0.517 0.553 -0.3 0.471 0.491 0.615 0.582 0.539 0.515 0.519 0.435 0.516 0.493 0.557 0.579 0.447 0.502 0.565 0.583 0.644 0.642 0.57 0.616 0.615 0.596 0.583 0.654 0.707 0.661 0.655 0.631 0.59 0.614 0.697 0.712 0.646 0.646 0.639 0.729 0.72 0.714 0.757 0.758 0.746 0.717 0.722 0.719 0.672 0.686 0.694 0.725 0.67 0.697 0.709 0.698 0.718 0.618 0.643 0.66 0.712
0.72 0.661 0.649 0.632 0.661 0.665 0.659 0.609 0.602 0.614 0.571 0.572 0.669 0.624 0.554 0.639 0.529 0.52 -0.3 0.439 0.59 0.588 0.615 0.613 0.584 0.569 0.555 0.546 0.611 0.549 0.513 0.488 0.588 0.595 0.649 0.641 0.686 0.664 0.673 0.642 0.586 0.613 0.651 0.64 0.684 0.663 0.669 0.67 0.641 0.691 0.658 0.695 0.676 0.675 0.65 0.698 0.685 0.682 0.702 0.725 0.724 0.715 0.705 0.709 0.679 0.653 0.688 0.71 0.71 0.715 0.703 0.656 0.603 0.652 0.674 0.645 0.63
0.75 0.691 0.752 0.64 0.683 0.677 0.657 0.639 0.664 0.64 0.632 0.571 0.61 0.628 0.583 0.615 0.525 0.631 0.546 0.507 0.569 0.633 0.613 0.614 0.533 0.535 0.551 0.633 0.569 0.502 0.485 0.557 0.598 0.692 0.681 0.662 0.641 0.682 0.714 0.681 0.704 0.778 0.695 0.687 0.651 0.639 0.647 0.697 0.693 0.698 0.711 0.747 0.702 0.711 0.67 0.676 0.746 0.715 0.718 0.722 0.663 0.681 0.691 0.691 0.675 0.657 0.646 0.701 0.702 0.695 0.706 0.67 0.722 0.692 0.695 0.665 0.636
0.695 0.789 0.839 0.711 0.664 0.625 0.665 0.64 0.707 0.66 0.622 0.611 0.584 0.598 0.575 0.663 0.667 0.578 0.636 0.556 0.623 -0.3 0.617 0.582 0.58 0.593 0.655 0.649 0.57 0.516 0.482 0.575 0.646 0.692 0.699 0.69 0.69 0.694 0.706 0.694 0.724 0.814 0.713 0.653 0.688 0.665 0.677 0.697 0.708 0.704 0.711 0.721 0.737 0.722 0.719 0.677 0.674 0.709 0.691 0.685 0.72 0.678 0.695 0.74 0.746 0.724 0.642 0.717 0.722 0.696 0.68 0.633 0.7 0.684 0.655 0.634 0.656
0.843 0.644 0.655 0.681 0.815 0.71 0.721 0.718 0.675 0.586 0.544 0.715 0.666 0.67 0.634 0.718 0.711 0.514 0.645 0.587 0.498 0.504 0.631 0.505 0.579 0.705 0.574 0.557 0.617 0.578 0.601 0.614 0.621 0.671 0.663 0.673 0.74 0.728 0.745 0.744 0.727 0.711 0.702 0.737 0.716 0.678 0.686 0.716 0.688 0.712 0.745 0.746 0.7 0.695 0.749 0.802 0.753 0.693 0.7 0.678 0.654 0.654 0.707 0.741 0.806 0.724 0.718 0.69 0.681 0.709 0.632 0.662 0.717 0.698 0.691 0.651 0.672
0.842 0.781 0.707 0.666 0.726 0.846 0.717 0.69 0.588 0.594 0.501 0.66 0.656 0.687 0.725 0.775 0.689 0.52 0.546 0.546 0.492 0.602 0.622 0.499 0.623 0.671 0.52 0.65 0.614 0.608 0.625 0.654 0.658 0.625 0.624 0.681 0.695 0.642 0.665 0.728 0.701 0.682 0.702 0.723 0.737 0.711 0.712 0.682 0.719 0.685 0.724 0.738 0.742 0.688 0.698 0.732 0.739 0.702 0.668 0.68 0.721 0.724 0.675 0.709 0.751 0.706 0.695 0.724 0.638 0.671 0.723 0.69 0.703 0.735 0.718 0.674 0.674
0.739 0.799 0.73 0.828 0.706 0.83 0.868 0.659 0.695 0.633 0.632 0.645 0.664 0.731 0.723 0.718 0.697 0.582 0.611 0.608 0.568 0.638 0.547 0.507 0.557 0.598 0.555 0.684 0.692 0.696 0.673 0.635 0.507 0.527 0.54 0.603 0.646 0.633 0.664 0.677 0.684 0.645 0.699 0.672 0.708 0.723 0.717 0.718 0.69 0.702 0.729 0.727 0.724 0.724 0.72 0.733 0.707 0.717 0.651 0.642 0.723 0.715 0.7 0.698 0.679 0.685 0.699 0.628 0.619 0.681 0.725 0.715 0.704 0.726 0.732 0.692 0.636
0.747 0.779 0.695 0.825 0.732 0.735 0.85 0.632 0.701 0.67 0.581 0.591 0.637 0.695 0.695 0.736 0.713 0.641 0.672 0.52 0.508 0.627 0.606 0.579 0.606 0.612 0.579 0.701 0.677 0.702 0.62 0.584 0.519 0.511 0.555 0.583 0.624 0.588 0.563 0.627 0.665 0.653 0.745 0.716 0.674 0.679 0.688 0.717 0.708 0.712 0.736 0.746 0.731 0.753 0.735 0.738 0.731 0.798 0.706 0.696 0.676 0.72 0.724 0.724 0.682 0.623 0.617 0.624 0.596 0.699 0.756 0.735 0.684 0.711 0.738 0.716 0.61
0.677 0.805 0.707 0.695 0.736 0.704 0.721 0.678 0.643 0.651 0.679 0.656 0.632 0.657 0.613 0.682 0.637 0.605 0.677 0.707 0.663 0.717 0.632 0.599 0.626 0.609 0.595 0.664 0.664 0.653 0.583 0.586 0.518 0.556 0.559 0.584 0.597 0.567 0.609 0.617 0.613 0.676 0.57 0.587 0.641 0.67 0.761 0.712 0.71 0.719 0.718 0.728 0.682 0.683 0.7 0.714 0.719 0.729 0.695 0.715 0.736 0.734 0.705 0.718 0.717 0.675 0.649 0.618 0.656 0.648 0.709 0.709 0.604 0.685 0.699 0.708 0.614
0.725 0.683 0.789 0.717 0.789 0.786 0.799 0.769 0.785 0.647 0.632 0.682 0.694 0.657 0.686 0.66 0.652 0.659 0.597 0.556 0.475 0.526 0.575 0.563 0.589 0.561 0.632 0.557 0.58 0.475 0.468 0.44 0.514 0.47 0.523 0.555 0.479 0.515 0.55 0.61 0.598 0.593 0.613 0.641 0.594 0.665 0.593 0.586 0.679 0.682 0.723 0.724 0.67 0.695 0.734 0.783 0.75 0.679 0.519 0.664 0.71 0.701 0.714 0.677 0.679 0.69 0.679 0.667 0.676 0.654 0.655 0.728 0.58 0.575 0.646 0.689 0.662
0.712 0.693 0.798 0.708 0.765 0.714 0.743 0.676 0.838 0.697 0.567 0.64 0.712 0.715 0.695 0.733 0.664 0.694 0.652 0.55 0.524 0.62 0.542 0.546 0.527 0.567 0.64 0.555 0.464 0.44 0.382 0.382 0.579 0.547 0.594 0.609 0.589 0.569 0.547 0.634 0.613 0.587 0.612 0.634 0.624 0.625 0.637 0.61 0.695 0.669 0.674 0.687 0.717 0.687 0.767 0.815 0.822 0.72 0.629 0.583 0.614 0.563 0.681 0.73 0.687 0.719 0.684 0.643 0.669 0.702 0.652 0.632 0.62 0.649 0.615 0.67 0.7
0.697 0.685 0.769 0.689 0.723 0.705 0.714 0.692 0.659 0.716 0.697 0.624 0.727 0.734 0.723 0.693 0.648 0.543 0.567 0.558 0.479 0.406 0.504 0.512 0.565 0.549 0.589 0.573 0.573 0.537 0.367 0.387 0.525 0.588 0.524 0.544 0.538 0.51 0.611 0.607 0.595 0.627 0.653 0.587 0.627 0.622 0.601 0.639 0.686 0.719 0.68 0.692 0.77 0.763 0.785 0.76 0.776 0.742 0.722 0.69 0.612 0.576 0.561 0.634 0.721 0.692 0.706 0.694 0.677 0.699 0.681 0.635 0.567 0.593 0.61 0.665 0.696
0.775 0.703 0.717 0.789 0.724 0.695 0.701 0.641 0.647 0.719 0.71 0.679 0.677 0.738 0.699 0.636 0.61 0.567 0.515 0.601 0.419 0.451 0.497 0.592 0.527 0.532 0.564 0.611 0.545 0.55 0.42 0.453 0.481 0.502 0.525 0.529 0.438 0.608 0.671 0.643 0.611 0.577 0.658 0.58 0.564 0.625 0.647 0.686 0.586 0.682 0.67 0.644 0.688 0.761 0.758 0.667 0.68 0.678 0.69 0.675 0.663 0.664 0.476 0.496 0.576 0.701 0.706 0.672 0.656 0.699 0.665 0.678 0.594 0.565 0.64 0.628 0.618
