data/china_ndvi_max_1995.asc
ncols         710
nrows         510
xllcorner     70
yllcorner     10
cellsize      0.1
NODATA_value  -9999
[rows 238 to 271 of 510, columns 231 to 307 of 710]
0.158 0.156 0.135 0.136 0.094 0.076 0.071 0.071 0.066 0.064 0.065 0.062 0.052 0.052 0.059 0.061 0.055 0.058 0.055 0.053 0.055 0.056 0.064 0.061 0.05 0.051 0.046 0.057 0.056 0.068 0.066 0.078 0.077 0.068 0.063 0.057 0.06 0.064 0.039 0.055 0.071 0.062 0.062 0.069 0.052 0.079 0.101 0.095 0.084 0.105 0.095 0.117 0.154 0.103 0.175 0.181 0.169 0.239 0.277 0.309 0.361 0.353 0.339 0.355 0.289 0.292 0.285 -0.3 -0.3 -0.3 -9999 -0.3 -0.3 0.271 0.234 0.244 0.386
0.184 0.188 0.112 0.112 0.083 0.07 0.061 0.053 0.057 0.063 0.061 0.054 -0.163 0.002 0.046 0.034 0.052 0.053 0.049 -0.108 -0.01 -0.066 0.058 0.063 0.055 0.056 0.054 0.054 0.052 0.057 0.062 0.071 0.065 0.063 0.069 0.062 0.057 0.06 0.058 0.059 0.056 0.055 0.065 0.064 0.077 0.087 0.094 0.083 0.081 0.096 0.103 0.096 0.104 0.089 0.162 0.157 0.175 0.199 0.187 0.237 0.21 0.335 0.343 0.348 0.297 0.244 0.296 0.296 -0.3 -9999 -0.3 -0.3 -0.3 -0.3 0.146 0.226 0.334
0.066 0.126 0.047 0.049 0.131 0.073 0.075 0.059 0.06 0.056 0.059 0.055 0.058 0.057 0.058 0.054 0.051 0.055 0.055 0.045 -0.101 -0.058 -0.01 0.037 0.055 0.057 0.055 0.05 -0.081 0.06 0.067 0.064 0.064 0.062 0.049 0.058 0.062 0.052 0.046 0.054 0.054 0.057 0.067 0.076 0.086 0.088 0.081 0.087 0.123 0.13 0.127 0.097 0.103 0.077 0.088 0.116 0.184 0.172 0.135 0.141 0.142 0.21 0.189 0.332 0.395 0.413 -0.3 -0.3 -9999 -0.3 -9999 -9999 -9999 -0.3 -0.3 0.078 0.16
0.051 0.055 0.051 0.047 0.056 0.069 0.117 0.069 0.06 0.056 0.055 0.051 0.052 0.055 0.058 0.052 0.066 0.053 0.06 0.047 0.058 -0.086 -0.218 -0.009 0.062 0.064 0.055 -0.041 0.021 0.066 0.074 0.064 0.055 0.063 0.059 0.05 0.049 0.048 0.047 0.05 0.051 0.057 0.06 0.066 0.079 0.081 0.079 0.081 0.089 0.094 0.097 0.087 0.075 0.063 0.099 0.083 0.111 0.138 0.106 0.112 0.11 0.141 0.186 0.192 0.338 0.358 0.362 0.295 -0.3 -0.3 -0.3 -0.3 -0.3 -9999 -0.3 -0.3 -0.3
0.057 0.056 0.054 0.049 0.052 0.043 0.059 0.088 0.077 0.073 0.059 0.055 0.051 0.051 0.059 0.06 0.095 0.102 0.111 0.085 0.052 0.058 -0.082 -0.046 -0.086 -0.019 -0.018 -0.127 -0.027 0.068 0.064 0.068 0.067 0.064 0.057 0.059 0.058 0.054 0.047 0.045 0.046 0.054 0.055 0.062 0.083 0.073 0.075 0.075 0.088 0.091 0.091 0.102 0.139 0.157 0.139 0.123 0.139 0.123 0.103 -0.006 -0.05 0.045 0.12 0.102 0.253 0.291 0.413 0.366 0.407 -0.3 -0.3 -0.3 -0.3 -0.3 -0.3 -0.3 -0.3
0.056 0.055 0.051 0.049 0.055 0.051 0.052 0.044 0.054 0.106 0.08 0.072 0.063 0.058 0.072 0.075 0.093 0.112 0.092 0.087 0.069 0.056 0.058 0.061 0.068 0.068 0.061 0.059 0.062 0.058 0.06 0.065 0.068 0.068 0.064 0.058 0.052 0.046 0.044 0.043 0.055 0.07 0.066 0.06 0.082 0.077 0.074 0.074 0.076 0.094 0.109 0.091 0.1 0.105 0.1 0.09 0.084 0.102 0.143 0.081 0.089 0.091 0.083 0.088 0.153 0.207 0.285 0.362 0.423 0.383 0.29 0.296 0.324 0.305 -0.3 -0.3 0.126
0.059 0.06 0.055 0.054 0.051 0.049 0.046 0.044 0.042 0.067 0.07 0.078 0.095 0.09 0.084 0.101 0.123 0.145 0.13 0.093 0.082 0.078 0.075 0.076 0.061 0.061 0.073 0.071 0.066 0.054 0.054 0.106 0.076 0.08 0.067 0.063 0.059 0.06 0.063 0.056 0.063 0.086 0.105 0.117 0.071 0.106 0.128 0.079 0.08 0.09 0.126 0.1 0.077 0.141 0.074 0.072 0.092 0.088 0.174 0.133 0.108 0.094 0.088 0.107 0.094 0.101 0.164 0.242 0.331 0.396 0.411 0.389 0.376 0.387 0.355 0.341 0.244
0.078 0.075 0.074 0.078 0.06 0.057 0.058 0.055 0.054 0.056 0.056 0.055 0.051 0.051 0.066 0.092 0.048 0.043 0.054 0.052 0.046 0.043 0.04 0.041 0.047 0.041 0.043 0.037 0.035 0.051 0.064 0.073 0.038 0.03 0.045 0.079 0.121 0.093 0.078 0.127 0.124 0.115 0.135 0.167 0.136 0.098 0.069 0.073 0.076 0.143 0.093 0.135 0.188 0.163 0.114 0.128 0.099 0.091 0.09 0.188 0.22 0.165 0.118 0.126 0.115 0.128 0.115 0.094 0.111 0.123 0.153 0.179 0.22 0.195 0.245 0.237 0.264
0.085 0.076 0.095 0.101 0.069 0.072 0.072 0.067 0.062 0.065 0.056 0.056 0.066 0.063 0.056 0.049 0.043 0.039 0.04 0.053 0.05 0.05 0.049 0.052 0.062 0.047 0.047 0.046 0.045 0.048 0.048 0.048 0.045 0.037 0.038 0.044 0.042 0.083 0.078 0.134 0.135 0.15 0.122 0.141 0.198 0.114 0.075 0.074 0.086 0.093 0.145 0.125 0.22 0.231 0.113 0.112 0.124 0.139 0.12 0.124 0.163 0.2 0.186 0.16 0.16 0.14 0.145 0.124 0.099 0.106 0.089 0.111 0.14 0.147 0.16 0.183 0.174
0.076 0.069 0.059 0.079 0.076 0.091 0.091 0.08 0.08 0.083 0.071 0.074 0.088 0.113 0.063 0.057 0.052 0.045 0.066 0.061 0.065 0.064 0.057 0.065 0.068 0.056 0.058 0.064 0.061 0.074 0.061 0.065 0.065 0.052 0.06 0.055 0.053 0.053 0.052 0.04 0.041 0.052 0.161 0.155 0.169 0.079 0.064 0.075 0.092 0.165 0.106 0.115 0.154 0.219 0.14 0.118 0.134 0.111 0.103 0.148 0.161 0.175 0.216 0.229 0.276 0.269 0.2 0.174 0.149 0.123 0.095 0.088 0.084 0.098 0.106 0.137 0.172
0.053 0.043 0.063 0.066 0.069 0.069 0.045 0.073 0.078 0.085 0.085 0.108 0.106 0.107 0.072 0.065 0.064 0.057 0.07 0.067 0.068 0.066 0.064 0.067 0.063 0.064 0.068 0.067 0.068 0.065 0.063 0.079 0.079 0.076 0.084 0.08 0.091 0.075 0.07 0.057 0.054 0.051 0.043 0.04 0.074 0.064 0.062 0.081 0.096 0.164 0.116 0.138 0.155 0.147 0.188 0.208 0.123 0.087 0.107 0.165 0.139 0.126 0.163 0.142 0.258 0.309 0.296 0.289 0.196 0.126 0.094 0.082 0.111 0.078 0.14 0.134 0.111
0.071 0.045 0.066 0.08 0.08 0.078 0.074 0.074 0.066 0.064 0.079 0.083 0.088 0.082 0.072 0.088 0.084 0.062 0.066 0.066 0.083 0.07 0.069 0.07 0.069 0.075 0.078 0.077 0.076 0.086 0.101 0.091 0.093 0.09 0.078 0.088 0.102 0.095 0.088 0.086 0.074 0.078 0.059 0.071 0.066 0.075 0.081 0.195 0.138 0.151 0.176 0.209 0.193 0.093 0.158 0.123 0.122 0.105 0.111 0.112 0.14 0.148 0.15 0.158 0.234 0.278 0.321 0.305 0.265 0.172 0.157 0.142 0.143 0.132 0.155 0.152 0.032
0.033 0.071 0.083 0.13 0.122 0.126 0.138 0.116 0.104 0.086 0.083 0.072 0.073 0.063 0.086 0.089 0.071 0.064 0.059 0.067 0.061 0.074 0.078 0.077 0.051 0.063 0.096 0.104 0.088 0.092 0.085 0.087 0.096 0.093 0.086 0.089 0.095 0.109 0.086 0.139 0.141 0.17 0.173 0.128 0.165 0.222 0.186 0.163 0.128 0.156 0.122 0.101 0.143 0.132 0.096 0.113 0.13 0.129 0.158 0.097 0.146 0.156 0.133 0.215 0.25 0.318 0.321 0.333 0.381 0.309 0.275 0.227 0.166 0.12 0.067 0.141 0.222
0.048 0.051 0.054 0.059 0.084 0.057 0.018 0.131 0.158 0.164 0.16 0.141 0.128 0.116 0.129 0.103 0.078 0.074 0.074 0.074 0.081 0.094 0.075 0.07 0.075 0.075 0.084 0.075 0.071 0.099 0.125 0.122 0.116 0.114 0.132 0.124 0.121 0.105 0.107 0.124 0.128 0.136 0.15 0.179 0.203 0.17 0.182 0.168 0.177 0.177 0.109 0.107 0.092 0.092 0.14 0.122 0.167 0.105 0.116 0.119 0.156 0.159 0.15 0.173 0.226 0.308 0.29 0.311 0.276 0.349 0.406 0.278 0.18 0.111 0.237 0.292 0.308
0.06 0.061 0.06 0.048 0.048 0.046 0.048 0.056 0.095 0.144 0.092 0.064 0.07 0.123 0.086 0.063 0.088 0.096 0.103 0.11 0.106 0.093 0.091 0.051 0.127 0.138 0.132 0.105 0.091 0.1 0.089 0.077 0.109 0.142 0.176 0.165 0.143 0.13 0.121 0.117 0.116 0.111 0.102 0.123 0.125 0.111 0.09 0.108 0.112 0.106 0.085 0.111 0.123 0.102 0.153 0.166 0.171 0.159 0.134 0.168 0.19 0.135 0.114 0.133 0.284 0.297 0.354 0.316 0.356 0.237 0.307 0.229 0.197 0.269 0.238 0.198 0.126
0.082 0.078 0.078 0.072 0.046 0.04 0.047 0.069 0.072 0.088 0.077 0.065 -0.003 -0.012 -0.008 0.008 0.003 0.018 0.041 0.101 0.107 0.088 0.106 0.112 0.152 0.128 0.117 0.124 0.131 0.12 0.139 0.108 0.098 0.103 0.102 0.094 0.088 0.148 0.117 0.115 0.122 0.121 0.115 0.081 0.143 0.12 0.118 0.083 0.118 0.109 0.127 0.132 0.159 0.182 0.147 0.209 0.197 0.186 0.143 0.169 0.222 0.167 0.122 0.132 0.294 0.244 0.304 0.326 0.298 0.229 0.259 0.212 0.316 0.364 0.257 0.277 0.244
0.097 0.059 0.1 0.056 0.056 0.062 0.069 0.071 0.07 0.094 0.093 0.095 0.09 0.083 0.066 0.071 0.052 0.051 0.058 0.114 0.117 0.104 0.1 0.113 0.129 0.118 0.106 0.122 0.132 0.116 0.128 0.12 0.116 0.113 0.118 0.102 0.107 0.159 0.162 0.15 0.11 0.131 0.121 0.119 0.107 0.128 0.125 0.118 0.11 0.12 0.162 0.168 0.204 0.184 0.179 0.23 0.193 0.141 0.132 0.15 0.147 0.15 0.128 0.17 0.283 0.303 0.312 0.387 0.304 0.206 0.152 0.21 0.368 0.405 0.412 0.394 0.357
0.156 0.143 0.132 0.132 0.118 0.118 0.112 0.124 0.133 0.067 0.068 0.08 0.093 0.139 0.131 0.092 0.117 0.109 0.142 0.126 0.107 0.099 0.125 0.131 0.188 0.127 0.117 0.149 0.155 0.141 0.151 0.157 0.149 0.146 0.169 0.151 0.228 0.2 0.122 0.125 0.162 0.19 0.164 0.147 0.127 0.104 0.119 0.113 0.198 0.179 0.187 0.167 0.147 0.138 0.144 0.134 0.115 0.137 0.15 0.148 0.126 0.161 0.18 0.256 0.273 0.256 0.322 0.329 0.378 0.288 0.235 0.19 0.207 0.303 0.365 0.399 0.319
0.133 0.122 0.115 0.106 0.094 0.093 0.087 0.091 0.103 0.12 0.153 0.114 0.108 0.14 0.133 0.131 0.142 0.159 0.111 0.116 0.125 0.118 0.129 0.143 0.153 0.147 0.149 0.13 0.116 0.133 0.137 0.142 0.137 0.139 0.136 0.172 0.212 0.171 0.128 0.12 0.146 0.143 0.195 0.171 0.138 0.13 0.126 0.112 0.129 0.131 0.13 0.164 0.172 0.173 -0.3 0.144 0.139 0.178 0.171 0.174 0.187 0.138 0.194 0.263 0.282 0.274 0.304 0.331 0.292 0.282 0.262 0.217 0.21 0.205 0.287 0.312 0.264
0.169 0.16 0.162 0.144 0.157 0.161 0.15 0.147 0.134 0.111 0.101 0.098 0.127 0.123 0.104 0.121 0.135 0.131 0.116 0.151 0.111 0.12 0.115 0.095 0.178 0.191 0.19 0.204 0.183 0.146 0.141 0.145 0.142 0.131 0.136 0.214 0.169 0.181 0.222 0.134 0.14 0.13 0.14 0.159 0.141 0.133 0.146 0.16 0.15 0.142 0.131 0.16 0.202 0.238 0.225 0.243 0.239 0.191 0.157 0.242 0.215 0.238 0.249 0.273 0.299 0.303 0.31 0.35 0.365 0.371 0.351 0.303 0.321 0.338 0.339 0.361 0.34
0.237 0.252 0.251 0.231 0.244 0.253 0.261 0.247 0.231 0.159 0.157 0.143 0.109 0.098 0.114 0.184 0.158 0.141 0.126 0.185 0.267 0.192 0.212 0.191 0.215 0.216 0.177 0.254 0.254 0.166 0.149 0.188 0.181 0.162 0.146 0.137 0.144 0.148 0.16 0.184 0.156 0.144 0.151 0.161 0.158 0.162 0.178 0.157 0.142 0.155 0.148 0.157 0.215 0.232 0.209 0.293 0.289 0.274 0.282 0.242 0.239 0.277 0.297 0.343 0.377 0.384 0.403 0.407 0.382 0.398 0.374 0.366 0.294 0.338 0.422 0.4 0.402
0.118 0.13 0.174 0.183 0.207 0.238 0.217 0.255 0.261 0.257 0.227 0.231 0.187 0.16 0.118 0.139 0.136 0.138 0.127 0.168 0.246 0.251 0.244 0.227 0.189 0.19 0.196 0.212 0.211 0.229 0.221 0.223 0.245 0.24 0.183 0.164 0.142 0.125 0.133 0.177 0.165 0.178 0.159 0.154 0.176 0.17 -0.3 0.173 0.144 0.144 0.16 0.179 0.181 0.228 0.176 0.191 0.209 0.244 0.242 0.213 0.204 0.293 0.282 0.295 0.367 0.394 0.422 0.441 0.403 0.421 0.425 0.34 0.33 0.41 0.474 0.456 0.448
0.108 0.12 0.129 0.106 0.124 0.109 0.096 0.098 0.129 0.238 0.19 0.175 0.144 0.132 0.22 0.228 0.261 0.303 0.292 0.162 0.146 0.178 0.158 0.236 0.2 0.225 0.25 0.186 0.202 0.257 0.249 0.254 0.202 0.177 0.212 0.208 0.196 0.181 0.186 0.269 0.233 0.039 -0.061 0.17 0.178 -0.3 -0.3 -0.3 0.192 0.174 0.183 0.168 0.179 0.226 0.188 0.188 0.217 0.203 0.109 0.182 0.116 0.2 0.29 0.2 0.266 0.257 0.187 0.318 0.414 0.404 0.384 0.426 0.388 0.444 0.405 0.412 0.424
0.209 0.164 0.131 0.126 0.125 0.105 0.107 0.087 0.096 0.193 0.237 0.263 0.261 0.212 0.136 0.184 0.243 0.262 0.29 0.225 0.201 0.193 0.146 0.133 0.269 0.232 0.216 0.191 0.181 0.221 0.25 0.248 0.227 0.244 0.248 0.238 0.25 0.256 0.244 0.248 0.235 0.235 0.203 0.164 0.215 0.138 0.133 0.162 0.188 0.175 0.202 0.197 0.174 0.19 0.2 0.208 0.191 0.19 0.19 0.216 0.212 0.242 0.254 0.295 0.207 0.325 0.362 0.376 0.415 0.427 0.439 0.415 0.457 0.44 0.41 0.462 0.406
0.251 0.256 0.193 0.192 0.163 0.139 0.119 0.091 0.086 0.083 0.101 0.136 0.207 0.22 0.209 0.214 0.198 0.195 0.181 0.238 0.232 0.204 0.222 0.205 0.276 0.252 0.252 0.255 0.207 0.187 0.241 0.279 0.235 0.178 0.279 0.288 0.267 0.276 0.233 0.26 0.243 0.225 0.215 0.188 0.229 0.227 0.212 0.203 0.207 0.214 0.214 0.187 0.157 0.147 0.194 0.195 0.198 0.202 0.174 0.207 0.246 0.229 0.216 0.225 0.112 0.241 0.364 0.402 0.421 0.411 0.4 0.425 0.411 0.421 0.418 0.367 0.373
0.207 0.235 0.267 0.287 0.179 0.201 0.193 0.149 0.119 0.119 0.101 0.158 0.183 0.228 0.299 0.279 0.319 0.312 0.299 0.249 0.272 0.233 0.268 0.283 0.312 0.27 0.255 0.26 0.237 0.177 0.22 0.252 0.268 0.297 0.251 0.258 0.307 0.323 0.27 0.251 0.218 0.181 0.217 0.214 0.215 0.234 0.225 0.238 0.237 0.193 0.161 0.238 0.217 0.14 0.189 0.21 0.202 0.194 0.224 0.226 0.252 0.231 0.205 0.172 0.195 0.36 0.318 0.428 0.429 0.421 0.425 0.426 0.444 0.319 0.437 0.485 0.478
0.188 0.213 0.24 0.264 0.281 0.261 0.241 0.214 0.207 0.152 0.171 0.204 0.233 0.286 0.252 0.271 0.257 0.309 0.338 0.243 0.217 0.26 0.278 0.268 0.296 0.289 0.25 0.275 0.288 0.218 0.185 0.197 0.225 0.233 0.264 0.266 0.273 0.302 0.295 0.252 0.214 0.212 0.243 0.236 0.281 0.287 0.295 0.282 0.291 0.256 0.25 0.222 0.199 0.203 0.19 0.228 0.217 0.267 0.205 0.241 0.29 0.276 0.218 0.202 0.263 0.33 0.318 0.339 0.393 0.447 0.429 0.455 0.423 0.424 0.477 0.465 0.473
0.115 0.118 0.121 0.118 0.177 0.252 0.249 0.264 0.247 0.201 0.195 0.237 0.251 0.276 0.325 0.313 0.197 0.236 0.296 0.307 0.311 0.326 0.279 0.35 0.278 0.291 0.266 0.268 0.289 0.27 0.301 0.236 0.227 0.25 0.3 0.289 0.276 0.276 0.252 0.294 0.252 0.234 0.232 0.27 0.355 0.366 0.35 0.286 0.203 0.189 0.252 0.227 0.24 0.25 0.246 0.18 0.124 0.128 0.153 0.249 0.192 0.263 0.258 0.266 0.277 0.226 0.243 0.244 0.244 0.404 0.364 0.392 0.442 0.439 0.394 0.34 0.419
0.214 0.189 0.169 0.165 0.163 0.147 0.2 0.213 0.212 0.274 0.223 0.223 0.271 0.277 0.303 0.301 0.303 0.258 0.325 0.277 0.229 0.279 0.314 0.322 0.249 0.306 0.258 0.282 0.314 0.283 0.345 0.354 0.305 0.3 0.274 0.28 0.245 0.227 0.269 0.26 0.227 0.224 0.281 0.325 0.293 0.23 0.304 0.312 0.281 0.215 0.247 0.254 0.225 0.253 0.308 0.285 0.236 0.218 0.246 0.238 0.216 0.284 0.324 0.3 0.277 0.196 0.189 0.271 0.299 0.331 0.367 0.42 0.42 0.417 0.418 0.409 0.387
0.145 0.169 0.161 0.15 0.146 0.145 0.128 0.155 0.198 0.277 0.28 0.262 0.274 0.25 0.291 0.314 0.319 0.314 0.315 0.288 0.214 0.219 0.228 0.316 0.295 0.236 0.252 0.292 0.289 0.245 0.278 0.315 0.314 0.317 0.284 0.274 0.228 0.245 0.248 0.273 0.287 0.291 0.304 0.309 0.242 0.229 0.286 0.287 0.299 0.24 0.235 0.252 0.263 0.272 0.307 0.299 0.282 0.313 0.293 0.282 0.303 0.36 0.352 0.316 0.347 0.3 0.268 0.279 0.356 0.368 0.386 0.422 0.421 0.448 0.444 0.448 0.401
0.172 0.193 0.198 0.204 0.223 0.253 0.237 0.265 0.261 0.273 0.313 0.268 0.278 0.301 0.253 0.328 0.343 0.268 0.293 0.31 0.29 0.25 0.195 0.214 0.339 0.377 0.288 0.303 0.31 0.311 0.321 0.291 0.263 0.195 0.34 0.294 0.313 0.29 0.275 0.309 0.307 0.284 0.308 0.295 0.257 0.271 0.244 0.261 0.279 0.288 0.314 0.29 0.312 0.277 0.327 0.315 0.311 0.322 0.29 0.269 0.286 0.348 0.364 0.344 0.349 0.34 0.337 0.332 0.356 0.407 0.436 0.438 0.449 0.471 0.432 0.454 0.418
0.139 0.149 0.147 0.154 0.179 0.173 0.209 0.235 0.289 0.249 0.246 0.276 0.239 0.218 0.284 0.273 0.274 0.313 0.289 0.319 0.335 0.332 0.271 0.166 0.285 0.34 0.363 0.281 0.316 0.252 0.247 0.301 0.322 0.291 0.319 0.313 0.311 0.332 0.3 0.243 0.294 0.317 0.34 0.318 0.288 0.278 0.246 0.289 0.318 0.315 0.336 0.316 0.322 0.313 0.283 0.261 0.288 0.314 0.264 0.283 0.29 0.319 0.342 0.369 0.359 0.37 0.371 0.37 0.409 0.376 0.406 0.415 0.448 0.42 0.435 0.441 0.459
0.227 0.225 0.223 0.268 0.281 0.318 0.265 0.283 0.31 0.193 0.222 0.186 0.135 0.168 0.198 0.289 0.227 0.195 0.207 0.212 0.252 0.306 0.311 0.308 0.337 0.265 0.267 0.297 0.347 0.294 0.327 0.231 0.279 0.281 0.304 0.25 0.294 0.341 0.347 0.362 0.301 0.319 0.367 0.301 0.219 0.22 0.23 0.287 0.29 0.356 0.373 0.339 0.325 0.262 0.325 0.33 0.278 0.322 0.345 0.319 0.371 0.36 0.392 0.381 0.427 0.427 0.419 0.449 0.447 0.454 0.469 0.449 0.345 0.324 0.446 0.468 0.444
0.23 0.257 0.258 0.254 0.272 0.269 0.203 0.227 0.297 0.326 0.334 0.287 0.278 0.286 0.194 0.224 0.211 0.232 0.169 0.261 0.285 0.268 0.295 0.339 0.379 0.387 0.354 0.354 0.326 0.314 0.312 0.294 0.247 0.275 0.247 0.243 0.344 0.35 0.337 0.361 0.367 0.342 0.288 0.256 0.263 0.244 0.197 0.261 0.291 0.294 0.267 0.288 0.292 0.302 0.349 0.324 0.268 0.29 0.302 0.288 0.337 0.373 0.394 0.39 0.408 0.422 0.396 0.435 0.446 0.438 0.441 0.443 0.459 0.405 0.439 0.46 0.462
