data/china_ndvi_max_1995.asc
ncols         710
nrows         510
xllcorner     70
yllcorner     10
cellsize      0.1
NODATA_value  -9999
[rows 306 to 339 of 510, columns 154 to 230 of 710]
0.113 0.177 0.146 0.154 0.14 0.133 0.135 0.138 0.134 0.05 -0.3 0.123 0.087 0.114 0.132 0.136 0.141 0.125 0.12 0.133 0.138 0.137 0.117 0.108 0.113 0.127 0.201 0.25 0.253 0.137 0.033 0.245 0.173 0.112 0.165 0.198 0.203 0.187 0.149 0.232 0.246 0.17 0.149 0.191 0.193 0.212 0.292 0.295 0.21 0.111 0.011 0.041 0.173 0.225 0.285 0.345 0.321 0.356 0.355 0.349 0.351 0.34 0.31 0.287 0.189 0.188 0.223 0.303 0.142 0.136 0.129 0.202 0.173 0.141 0.227 0.157 0.395
0.11 0.1 0.091 0.118 0.177 0.15 0.136 0.126 0.08 0.056 -0.3 0.115 0.083 0.106 0.12 0.1 0.138 0.128 0.134 0.17 0.123 0.176 0.169 0.149 0.181 0.177 0.169 0.231 0.171 0.133 0.09 0.226 0.214 0.145 0.134 0.143 0.206 0.218 0.189 0.21 0.162 0.193 0.172 0.186 0.139 0.191 0.253 0.184 0.098 -0.01 0.039 0.26 0.286 0.311 0.288 0.245 0.257 0.284 0.361 0.363 0.326 0.212 0.206 0.204 0.299 0.336 0.14 0.2 0.178 0.222 0.202 0.238 0.122 0.216 0.229 0.373 0.319
0.12 0.138 0.141 0.165 0.133 0.086 0.161 0.094 0.031 0.067 0.151 0.127 0.098 0.118 0.11 0.071 0.141 0.125 0.116 0.085 0.129 0.174 0.196 0.182 0.174 0.158 0.166 0.162 0.146 0.165 0.207 0.155 0.16 0.157 0.189 0.156 0.246 0.247 0.3 0.244 0.18 0.197 0.098 0.071 0.116 0.177 0.231 0.136 -0.019 0.03 0.001 0.26 0.308 0.198 0.158 0.224 0.243 0.256 0.286 0.236 0.32 0.367 0.213 0.242 0.388 0.269 0.29 0.263 0.338 0.294 0.316 0.223 0.26 0.23 0.341 0.406 0.239
0.139 0.125 0.14 0.14 0.092 0.122 0.154 0.096 0.074 0.107 0.124 0.12 0.078 0.1 0.084 0.095 0.151 0.117 0.086 0.149 0.182 0.164 0.18 0.147 0.105 0.099 0.172 0.182 0.154 0.216 0.212 0.15 0.144 0.197 0.238 0.223 0.21 0.272 0.176 0.163 0.072 0.2 0.11 0.134 0.213 0.316 0.152 -0.029 0.031 0.255 0.27 0.266 0.274 0.293 0.313 0.324 0.304 0.339 0.322 0.333 0.288 0.369 0.4 0.398 0.393 0.396 0.411 0.417 0.35 0.359 0.257 0.245 0.239 0.238 0.297 0.45 0.439
0.089 0.106 0.177 0.163 0.128 0.189 0.146 0.084 0.075 0.119 0.113 0.131 0.112 0.091 0.145 0.12 0.082 0.075 0.128 0.109 0.161 0.148 0.19 0.2 0.208 0.212 0.217 0.158 0.169 0.149 0.062 0.171 0.223 0.248 0.175 0.229 0.261 0.26 0.244 0.213 0.281 0.172 0.134 0.152 0.155 0.171 0.204 0.277 0.09 0.286 0.225 0.242 0.268 0.312 0.302 0.322 0.322 0.291 0.28 0.295 0.297 0.352 0.375 0.322 0.34 0.386 0.416 0.397 0.195 0.216 0.382 0.397 0.438 0.431 0.385 0.401 0.055
0.105 0.104 0.132 -0.3 0.149 0.135 0.125 0.109 0.137 0.147 0.157 0.095 0.097 0.141 0.153 0.098 0.131 0.09 0.109 0.166 0.189 0.129 0.22 0.189 0.162 0.135 0.199 0.168 0.214 0.063 0.195 0.228 0.19 0.166 0.212 0.234 0.225 0.246 0.251 0.26 0.282 0.167 0.205 0.225 0.213 0.212 0.284 0.155 0.132 0.271 0.282 0.154 0.227 0.326 0.307 0.294 0.317 0.321 0.356 0.353 0.293 0.291 0.296 0.34 0.379 0.369 0.34 0.256 0.276 0.209 0.305 0.271 0.341 0.342 0.222 0.261 0.069
0.117 0.155 0.133 0.125 0.158 0.126 0.128 0.162 0.182 0.165 0.106 0.079 0.104 0.189 0.112 0.081 0.167 0.091 0.084 0.138 0.112 0.172 0.2 0.192 0.198 0.183 0.226 0.228 0.129 0.182 0.233 0.224 0.197 0.256 0.189 0.175 0.226 0.264 0.274 0.286 0.257 0.262 0.245 0.257 0.316 0.283 0.232 0.281 0.256 0.252 0.315 0.244 0.285 0.29 0.273 0.288 0.308 0.276 0.256 0.285 0.303 0.337 0.399 0.401 0.375 0.422 0.376 0.382 0.399 0.378 0.351 0.212 0.167 0.141 0.089 0.151 0.147
0.138 0.198 0.197 0.157 0.146 0.097 0.1 0.103 0.171 0.166 0.106 0.119 0.118 0.13 0.114 0.08 0.189 0.094 0.092 0.115 0.11 0.185 0.234 0.197 0.143 0.155 0.124 0.182 0.18 0.243 0.241 0.218 0.254 0.206 0.153 0.195 0.224 0.284 0.247 0.286 0.192 0.261 0.227 0.283 0.298 0.165 0.274 0.301 0.33 0.298 0.329 0.152 0.172 0.236 0.289 0.332 0.176 0.2 0.279 0.318 0.341 0.239 0.254 0.313 0.379 0.279 0.257 0.238 0.279 0.359 0.364 0.235 0.302 0.089 0.145 0.221 0.201
0.13 0.146 0.172 0.169 0.167 0.144 0.162 0.148 0.169 0.179 0.13 0.162 0.167 0.177 0.125 0.138 0.162 0.117 0.101 0.092 0.1 0.157 0.22 0.198 0.141 0.142 0.127 0.247 0.219 0.222 0.202 0.218 0.243 0.188 0.165 0.148 0.237 0.263 0.197 0.185 0.186 0.236 0.268 0.268 0.212 0.117 0.25 0.264 0.281 0.255 0.301 0.166 0.215 0.28 0.311 0.315 0.257 0.345 0.302 0.33 0.366 0.292 0.266 0.294 0.288 0.325 0.221 0.202 0.24 0.345 0.39 0.115 0.125 0.194 0.219 0.268 0.206
0.157 0.175 0.142 0.127 0.134 0.153 0.156 0.159 0.191 0.161 0.128 0.216 0.257 0.252 0.263 0.246 0.202 0.182 0.199 0.201 0.201 0.198 0.266 0.249 0.226 0.221 0.147 0.152 0.13 0.155 0.19 0.177 0.166 0.177 0.157 0.164 0.117 0.203 0.122 0.096 0.093 0.121 0.163 0.244 0.222 0.256 0.221 0.15 0.162 0.197 0.279 0.301 0.379 0.3 0.186 0.159 0.216 0.243 0.305 0.395 0.416 0.386 0.369 0.429 0.375 0.378 0.407 0.315 0.417 0.371 0.396 0.157 0.164 0.226 0.225 0.277 0.25
0.129 0.179 0.167 0.157 0.157 0.156 0.179 0.12 0.195 0.136 0.032 0.158 0.158 0.144 0.192 0.205 0.202 0.207 0.154 0.195 0.198 0.249 0.223 0.208 0.162 0.21 0.164 0.186 0.136 0.195 0.152 0.26 0.166 0.183 0.192 0.147 0.189 0.158 0.137 0.127 0.145 0.196 0.247 0.254 0.203 0.271 0.239 0.146 0.178 0.212 0.299 0.247 0.201 0.189 0.125 0.128 0.152 0.17 0.112 0.137 0.15 0.12 0.203 0.24 0.256 0.229 0.33 0.352 0.381 0.302 0.31 0.275 0.296 0.368 0.271 0.287 0.235
0.187 0.167 0.164 0.139 0.128 0.127 0.163 0.123 0.168 0.167 0.14 0.177 0.159 0.168 0.182 0.176 0.2 0.227 0.218 0.23 0.215 0.177 0.185 0.163 0.125 0.161 0.203 0.19 0.139 0.184 0.182 0.166 0.141 0.164 0.166 0.171 0.172 0.216 0.181 0.23 0.258 0.243 0.242 0.249 0.265 0.209 0.211 0.223 0.289 0.226 0.312 0.285 0.264 0.301 0.262 0.287 0.279 0.211 0.256 0.194 0.2 0.276 0.281 0.233 0.222 0.299 0.286 0.337 0.321 0.3 0.343 0.455 0.321 0.454 0.305 0.539 0.308
0.094 0.119 0.105 0.148 0.145 0.138 0.173 0.145 0.18 0.127 0.103 0.147 0.205 0.188 0.205 0.204 0.282 0.251 0.22 0.242 0.201 0.156 0.159 0.144 0.184 0.169 0.171 0.183 0.2 0.247 0.204 0.153 0.153 0.155 0.138 0.156 0.164 0.197 0.186 0.226 0.221 0.183 0.223 0.239 0.276 0.239 0.291 0.268 0.29 0.262 0.283 0.329 0.326 0.253 0.286 0.304 0.298 0.234 0.301 0.217 0.28 0.341 0.284 0.213 0.236 0.235 0.313 0.234 0.241 0.308 0.321 0.465 0.312 0.352 0.379 0.414 0.454
0.061 0.096 0.09 0.102 0.13 0.157 0.096 0.065 0.065 0.161 0.267 0.137 0.163 0.186 0.19 0.195 0.13 0.119 0.182 0.115 0.147 0.196 0.155 0.178 0.148 0.166 0.185 0.206 0.218 0.202 0.158 0.15 0.212 0.166 0.207 0.208 0.245 0.23 0.164 0.175 0.229 0.177 0.223 0.257 0.259 0.239 0.19 0.246 0.201 0.198 0.291 0.276 0.274 -0.3 0.256 0.26 0.276 0.271 0.285 0.246 0.293 0.293 0.296 0.2 0.246 0.237 0.305 0.201 0.219 0.345 0.481 0.495 0.554 0.527 0.439 0.419 0.371
0.048 0.061 -0.3 0.119 0.124 0.155 0.08 0.127 0.133 0.143 0.127 0.104 0.071 0.057 0.075 0.139 0.137 0.098 0.146 0.122 0.169 0.099 0.142 0.191 0.206 0.144 0.173 0.181 0.137 0.163 0.252 0.209 0.26 0.236 0.183 0.198 0.244 0.153 0.18 0.158 0.178 0.176 0.265 0.2 0.142 0.187 0.242 0.19 0.098 0.149 0.187 0.171 0.111 0.131 0.141 0.172 0.239 0.223 0.239 0.259 0.225 0.26 0.263 0.277 0.291 0.267 0.239 0.181 0.237 0.265 0.348 0.41 0.345 0.358 0.469 0.474 0.461
0.062 0.061 0.092 0.097 0.146 0.13 0.126 0.142 0.123 0.115 0.138 0.07 0.102 0.137 0.189 0.16 0.184 0.146 0.189 0.142 0.159 0.099 0.036 0.114 0.138 0.137 0.133 0.152 0.165 0.113 0.19 0.204 0.196 0.182 0.181 0.203 0.26 0.197 0.201 0.202 0.217 0.167 0.159 0.172 0.164 0.149 0.206 0.185 0.082 0.124 0.192 0.25 0.161 0.182 0.16 0.199 0.237 0.24 0.212 0.234 0.279 0.245 0.229 0.251 0.266 0.261 0.235 0.23 0.276 0.288 0.339 0.34 0.292 0.288 0.314 0.378 0.443
0.092 0.117 0.119 0.111 0.116 0.105 0.117 0.124 0.103 0.118 0.131 0.094 0.177 0.144 0.142 0.143 0.149 0.133 0.134 0.132 0.097 0.126 0.1 0.126 0.099 0.13 0.094 0.09 0.133 0.128 0.168 0.132 0.123 0.119 0.156 0.169 0.177 0.179 0.203 0.201 0.182 0.164 0.132 0.143 0.111 0.151 0.181 0.128 0.168 0.221 0.223 0.2 0.233 0.217 0.178 0.167 0.223 0.245 0.221 0.25 0.248 0.205 0.235 0.219 0.198 0.198 0.304 0.306 0.271 0.297 0.325 0.33 0.294 0.338 0.308 0.175 0.395
0.008 0.115 0.152 0.114 0.148 0.134 0.122 0.122 0.119 0.103 0.127 0.124 0.129 0.113 0.118 0.105 0.106 0.118 0.1 0.109 0.118 0.147 0.109 0.114 0.111 0.118 0.07 0.103 0.128 0.126 0.117 0.13 0.179 0.113 0.172 0.125 0.164 0.154 0.195 0.213 0.204 0.215 0.104 0.153 0.087 0.093 0.068 0.154 0.212 0.216 0.232 0.237 0.158 0.205 0.182 0.148 0.2 0.235 0.204 0.17 0.229 0.189 0.192 0.178 0.201 0.241 0.257 0.246 0.215 0.275 0.309 0.42 0.41 0.31 0.439 0.39 0.417
-0.016 -0.028 0.079 0.116 0.146 0.147 0.134 0.127 0.127 0.096 0.084 0.152 0.167 0.125 0.141 0.147 0.149 0.131 0.095 0.092 0.095 0.079 0.098 0.086 0.108 0.086 0.097 0.099 0.129 0.132 0.142 0.124 0.169 0.085 0.131 0.148 0.129 0.12 0.163 0.151 0.146 0.09 0.135 0.17 0.09 0.094 0.079 0.112 0.214 -0.3 -0.3 0.195 0.112 0.169 0.147 0.174 0.151 0.1 0.12 0.163 0.228 0.153 0.185 0.211 0.197 0.167 0.239 0.245 0.244 0.244 0.285 0.326 0.322 0.396 0.432 0.4 0.557
0.728 0.113 0.087 -0.048 -0.052 -0.002 0.111 0.089 0.099 0.002 -0.023 0.104 0.118 0.091 0.105 0.122 0.126 0.095 0.088 0.091 0.092 0.078 0.108 0.122 0.08 0.061 0.139 0.153 0.157 0.109 0.118 0.144 0.122 0.132 0.139 0.142 0.122 0.112 0.089 0.075 0.109 0.153 0.151 0.116 0.103 0.082 0.001 0.059 0.15 0.185 0.133 0.149 0.148 0.158 0.212 0.213 0.139 -0.04 0.182 0.151 0.112 0.266 0.311 0.301 0.196 0.173 0.13 0.162 0.161 0.184 0.178 0.161 0.232 0.266 0.208 0.34 0.686
-9999 -9999 -0.005 -9999 -0.013 0.078 0.125 0.072 -0.012 -0.012 -0.012 0.086 0.102 0.075 0.086 0.092 0.083 0.083 0.094 0.134 0.11 0.084 0.081 0.09 0.09 0.067 0.148 0.137 0.157 0.123 0.111 0.122 0.145 0.162 0.157 0.126 0.094 0.106 0.144 0.135 0.139 0.141 0.136 0.12 0.078 0.092 0.083 0.122 0.111 0.089 0.081 0.109 0.128 0.066 0.229 0.322 0.249 0.111 0.297 0.187 0.164 0.225 0.307 0.257 0.14 0.112 0.129 0.084 0.137 0.186 0.173 0.176 0.184 0.207 0.321 0.444 0.566
-9999 -9999 -9999 -9999 0.005 0.106 0.14 0.073 0.119 0.084 0.048 0.05 0.063 -0.051 0.038 0.042 0.029 0.154 0.182 0.19 0.128 0.118 -0.031 0.082 0.088 0.091 0.11 0.126 0.102 0.108 0.107 0.12 0.141 0.147 0.13 0.148 0.135 0.113 0.135 0.124 0.083 0.129 0.127 0.063 -9999 -0.151 -0.028 -0.031 -0.03 -0.053 -0.014 -0.03 0.08 0.176 0.304 0.415 0.289 0.331 0.264 0.28 0.169 0.119 0.132 0.137 0.15 -0.014 0.183 0.17 0.138 0.146 0.159 0.221 0.227 0.082 0.161 0.148 0.6
-9999 -9999 -9999 -9999 -9999 -9999 0.24 0.127 -9999 0.074 0.285 0.033 -9999 -9999 -0.041 0.022 -0.031 0.127 0.199 0.207 0.152 0.222 0.021 0.073 0.086 0.056 0.089 0.086 0.106 0.115 0.113 0.114 0.133 0.115 0.127 0.126 0.112 0.118 0.14 0.15 -0.3 0.016 -9999 -9999 -9999 -9999 -9999 -9999 -9999 -9999 -0.016 -0.011 0.263 0.162 0.226 0.108 0.459 0.403 0.402 0.246 0.249 0.028 0.182 0.199 0.177 0.089 0.188 0.177 0.155 0.136 0.135 0.138 0.016 0.05 0.497 0.374 0.487
-9999 -9999 -9999 -9999 -9999 -9999 0.214 -9999 -9999 0.447 0.391 -0.012 -9999 -9999 -9999 -0.031 -0.038 0.049 0.229 0.275 0.421 0.2 -0.001 0.134 0.103 0.032 0.009 0.027 0.065 0.098 0.078 -9999 -9999 -9999 -9999 0.169 0.124 0.131 0.132 0.152 0.259 -9999 -9999 -9999 -9999 -9999 -9999 -9999 -9999 -9999 -9999 -9999 -9999 -9999 -9999 0.037 0.645 0.69 0.614 -9999 -9999 0.1 0.199 0.269 0.379 0.164 0.239 0.092 0.109 0.093 0.093 0.072 0.047 -0.023 0.437 0.601 0.62
-9999 -9999 -9999 -9999 -9999 -9999 -9999 -9999 -9999 -9999 -9999 -9999 -9999 -9999 -9999 -9999 -9999 -0.035 0.278 0.605 0.773 0.237 0.276 0.155 -9999 -9999 -0.042 -0.071 -9999 -9999 -9999 -9999 -9999 -9999 -9999 -0.036 0.241 0.205 0.161 0.081 -9999 -9999 -9999 -9999 -9999 -9999 -9999 -9999 -9999 -9999 -9999 -9999 -9999 -9999 -9999 -9999 0.537 0.887 -9999 -9999 -9999 -9999 0.078 0.357 0.715 0.338 0.363 0.205 0.188 -0.03 0.009 0.047 0.02 0.39 0.296 0.587 0.868
-9999 -9999 -9999 -9999 -9999 -9999 -9999 -9999 -9999 -9999 -9999 -9999 -9999 -9999 -9999 -9999 -9999 -9999 -9999 -9999 -9999 -9999 -9999 -9999 -9999 -9999 -9999 -9999 -9999 -9999 -9999 -9999 -9999 -9999 -9999 0.193 0.333 0.343 0.243 -9999 -9999 -9999 -9999 -9999 -9999 -9999 -9999 -9999 -9999 -9999 -9999 -9999 -9999 -9999 -9999 -9999 -9999 -9999 -9999 -9999 -9999 -9999 -9999 0.582 0.566 0.335 0.276 0.286 0.192 0.152 0.081 0.438 0.403 0.555 0.762 0.862 0.859
-9999 -9999 -9999 -9999 -9999 -9999 -9999 -9999 -9999 -9999 -9999 -9999 -9999 -9999 -9999 -9999 -9999 -9999 -9999 -9999 -9999 -9999 -9999 -9999 -9999 -9999 -9999 -9999 -9999 -9999 -9999 -9999 -9999 -9999 -9999 0.186 0.384 0.391 -9999 -9999 -9999 -9999 -9999 -9999 -9999 -9999 -9999 -9999 -9999 -9999 -9999 -9999 -9999 -9999 -9999 -9999 -9999 -9999 -9999 -9999 -9999 -9999 -9999 0.673 0.646 0.417 0.681 0.467 0.457 0.413 0.309 0.578 0.696 0.842 0.849 0.794 0.866
-9999 -9999 -9999 -9999 -9999 -9999 -9999 -9999 -9999 -9999 -9999 -9999 -9999 -9999 -9999 -9999 -9999 -9999 -9999 -9999 -9999 -9999 -9999 -9999 -9999 -9999 -9999 -9999 -9999 -9999 -9999 -9999 -9999 -9999 -9999 0.19 0.383 0.326 -9999 -9999 -9999 -9999 -9999 -9999 -9999 -9999 -9999 -9999 -9999 -9999 -9999 -9999 -9999 -9999 -9999 -9999 -9999 -9999 -9999 -9999 -9999 -9999 0.843 0.801 0.612 0.64 0.761 0.641 0.411 0.517 0.457 0.723 0.791 0.836 0.872 0.872 0.858
-9999 -9999 -9999 -9999 -9999 -9999 -9999 -9999 -9999 -9999 -9999 -9999 -9999 -9999 -9999 -9999 -9999 -9999 -9999 -9999 -9999 -9999 -9999 -9999 -9999 -9999 -9999 -9999 -9999 -9999 -9999 -9999 -9999 -9999 0.335 0.485 0.51 -9999 -9999 -9999 -9999 -9999 -9999 -9999 -9999 -9999 -9999 -9999 -9999 -9999 -9999 -9999 -9999 -9999 -9999 -9999 -9999 -9999 -9999 -9999 -9999 -9999 -9999 0.744 0.74 0.711 0.556 0.358 0.528 0.73 0.677 0.828 0.723 0.871 0.897 0.875 0.857
-9999 -9999 -9999 -9999 -9999 -9999 -9999 -9999 -9999 -9999 -9999 -9999 -9999 -9999 -9999 -9999 -9999 -9999 -9999 -9999 -9999 -9999 -9999 -9999 -9999 -9999 -9999 -9999 -9999 -9999 -9999 -9999 -9999 -9999 -9999 0.41 0.618 0.567 -9999 -9999 -9999 -9999 -9999 -9999 -9999 -9999 -9999 -9999 -9999 -9999 -9999 -9999 -9999 -9999 -9999 -9999 -9999 -9999 -9999 -9999 -9999 -9999 -9999 -9999 -9999 -9999 -9999 0.786 0.725 0.749 0.809 0.745 0.787 0.849 0.888 0.894 0.841
-9999 -9999 -9999 -9999 -9999 -9999 -9999 -9999 -9999 -9999 -9999 -9999 -9999 -9999 -9999 -9999 -9999 -9999 -9999 -9999 -9999 -9999 -9999 -9999 -9999 -9999 -9999 -9999 -9999 -9999 -9999 -9999 -9999 -9999 -9999 -9999 0.739 -9999 -9999 -9999 -9999 -9999 -9999 -9999 -9999 -9999 -9999 -9999 -9999 -9999 -9999 -9999 -9999 -9999 -9999 -9999 -9999 -9999 -9999 -9999 -9999 -9999 -9999 -9999 -9999 -9999 -9999 -9999 0.743 0.748 0.746 0.866 0.74 0.849 0.869 0.866 0.841
-9999 -9999 -9999 -9999 -9999 -9999 -9999 -9999 -9999 -9999 -9999 -9999 -9999 -9999 -9999 -9999 -9999 -9999 -9999 -9999 -9999 -9999 -9999 -9999 -9999 -9999 -9999 -9999 -9999 -9999 -9999 -9999 -9999 -9999 -9999 -9999 -9999 -9999 -9999 -9999 -9999 -9999 -9999 -9999 -9999 -9999 -9999 -9999 -9999 -9999 -9999 -9999 -9999 -9999 -9999 -9999 -9999 -9999 -9999 -9999 -9999 -9999 -9999 -9999 -9999 -9999 -9999 0.767 0.76 0.759 0.711 0.864 0.875 0.859 0.869 0.864 0.858
-9999 -9999 -9999 -9999 -9999 -9999 -9999 -9999 -9999 -9999 -9999 -9999 -9999 -9999 -9999 -9999 -9999 -9999 -9999 -9999 -9999 -9999 -9999 -9999 -9999 -9999 -9999 -9999 -9999 -9999 -9999 -9999 -9999 -9999 -9999 -9999 -9999 -9999 -9999 -9999 -9999 -9999 -9999 -9999 -9999 -9999 -9999 -9999 -9999 -9999 -9999 -9999 -9999 -9999 -9999 -9999 -9999 -9999 -9999 -9999 -9999 -9999 -9999 -9999 -9999 -9999 -9999 0.816 0.802 0.817 0.801 0.847 0.876 0.846 0.84 0.831 0.873
-9999 -9999 -9999 -9999 -9999 -9999 -9999 -9999 -9999 -9999 -9999 -9999 -9999 -9999 -9999 -9999 -9999 -9999 -9999 -9999 -9999 -9999 -9999 -9999 -9999 -9999 -9999 -9999 -9999 -9999 -9999 -9999 -9999 -9999 -9999 -9999 -9999 -9999 -9999 -9999 -9999 -9999 -9999 -9999 -9999 -9999 -9999 -9999 -9999 -9999 -9999 -9999 -9999 -9999 -9999 -9999 -9999 -9999 -9999 -9999 -9999 -9999 -9999 -9999 -9999 -9999 -9999 0.804 0.827 0.831 0.847 0.853 0.86 0.849 0.853 0.843 0.836
