data/china_ndvi_max_1991.asc
ncols         710
nrows         510
xllcorner     70
yllcorner     10
cellsize      0.1
NODATA_value  -9999
[rows 204 to 237 of 510, columns 231 to 307 of 710]
0.047 0.031 0.025 0.039 0.047 0.054 0.05 0.044 0.036 0.036 0.033 0.039 0.044 0.049 0.059 0.052 0.051 0.078 0.081 0.116 0.102 0.08 0.059 0.061 0.071 0.11 0.161 0.255 0.085 0.118 0.127 0.073 0.05 0.084 0.117 0.132 0.123 0.157 0.083 0.057 0.058 0.063 0.053 0.059 0.05 0.055 0.059 0.069 0.062 0.069 0.066 0.067 0.081 0.084 0.07 0.069 0.069 0.072 0.08 0.072 0.075 0.069 0.066 0.07 0.058 0.054 0.054 0.061 0.058 0.052 0.052 0.051 0.052 0.052 0.052 0.052 0.051
0.065 0.05 0.05 0.063 0.039 0.055 0.048 0.057 0.083 0.06 0.035 0.036 0.03 0.065 0.081 0.064 0.114 0.075 0.063 0.083 0.102 0.085 0.051 0.041 0.047 0.125 0.064 0.062 0.063 0.107 0.134 0.157 0.104 0.066 0.049 0.046 0.045 0.041 0.12 0.24 0.198 0.16 0.059 0.063 0.089 0.116 0.081 0.073 0.059 0.059 0.077 0.073 0.053 0.044 0.044 0.05 0.052 0.046 0.059 0.085 0.073 0.079 0.066 0.063 0.089 0.2 0.145 0.04 0.042 0.053 0.052 0.055 0.063 0.066 0.069 0.071 0.072
0.071 0.059 0.056 0.068 0.049 0.046 0.078 0.082 0.075 0.043 0.041 0.034 0.033 0.027 0.059 0.101 0.21 0.19 0.075 0.068 0.068 0.08 0.072 0.043 0.074 0.089 0.075 0.076 0.067 0.112 0.147 0.141 0.084 0.054 0.057 0.053 0.056 0.06 0.038 0.19 0.168 0.15 0.056 0.071 0.053 0.044 0.143 0.168 0.064 0.053 0.052 0.045 0.052 0.049 0.061 0.098 0.069 0.05 0.051 0.06 0.074 0.063 0.056 0.061 0.151 0.065 0.043 0.039 0.045 0.056 0.059 0.061 0.065 0.066 0.069 0.072 0.073
0.077 0.068 0.068 0.033 0.045 0.043 0.037 0.035 0.05 0.027 0.029 0.03 0.027 0.039 0.044 0.248 0.261 0.238 0.192 0.069 0.046 0.038 0.043 0.041 0.048 0.074 0.048 0.046 0.042 0.059 0.042 0.049 0.053 0.059 0.063 0.065 0.063 0.057 0.052 0.073 0.051 0.05 0.07 0.063 0.063 0.053 0.063 0.059 0.079 0.09 0.093 0.064 0.033 0.033 0.039 0.059 0.14 0.165 0.177 0.198 0.137 0.095 0.041 0.063 0.036 0.036 0.04 0.051 0.054 0.059 0.062 0.064 0.066 0.068 0.072 0.074 0.076
0.099 0.124 0.053 0.036 0.038 0.036 0.035 0.039 0.029 0.05 0.032 0.026 0.029 0.031 0.076 0.281 0.19 0.032 0.039 0.057 0.049 0.046 0.041 0.032 0.036 0.04 0.048 0.065 0.052 0.059 0.056 0.056 0.058 0.066 0.071 0.067 0.07 0.068 0.058 0.059 0.061 0.058 0.059 0.06 0.07 0.067 0.058 0.054 0.05 0.063 0.059 0.062 0.036 0.034 0.038 0.034 0.058 0.212 0.22 0.12 0.048 0.051 0.035 0.081 0.035 0.043 0.052 0.06 0.06 0.067 0.066 0.067 0.065 0.067 0.075 0.076 0.077
0.039 0.045 0.046 0.044 0.039 0.037 0.039 0.04 0.033 0.037 0.028 0.03 0.035 0.037 0.059 0.07 0.055 0.047 0.056 0.057 0.043 0.041 0.043 0.043 0.051 0.099 0.078 0.056 0.07 0.07 0.053 0.057 0.067 0.088 0.084 0.067 0.053 0.062 0.066 0.073 0.074 0.067 0.062 0.08 0.073 0.071 0.073 0.06 0.052 0.054 0.059 0.057 0.043 0.039 0.039 0.04 0.04 0.098 0.187 0.137 0.048 0.045 0.039 0.091 0.048 0.056 0.061 0.063 0.06 0.069 0.069 0.067 0.068 0.067 0.071 0.075 0.078
0.045 0.045 0.049 0.044 0.047 0.047 0.044 0.047 0.043 0.056 0.148 0.063 0.049 0.039 0.05 0.054 0.064 0.073 0.077 0.056 0.059 0.059 0.056 0.054 0.055 0.069 0.065 0.073 0.07 0.071 0.099 0.116 0.09 0.077 0.086 0.073 0.091 0.135 0.062 0.108 0.099 0.085 0.069 0.063 0.055 0.063 0.068 0.072 0.063 0.086 0.074 0.082 0.052 0.062 0.17 0.09 0.062 0.084 0.079 0.072 0.073 0.063 0.05 0.048 0.064 0.067 0.068 0.057 0.058 0.067 0.07 0.074 0.077 0.079 0.071 0.072 0.074
0.064 0.062 0.058 0.055 0.058 0.055 0.049 0.051 0.054 0.044 0.051 0.061 0.051 0.047 0.042 0.037 0.041 0.065 0.066 0.071 0.071 0.066 0.068 0.075 0.109 0.103 0.111 0.107 0.08 0.086 0.083 0.095 0.099 0.084 0.071 0.061 0.079 0.101 0.069 0.116 0.122 0.123 0.102 0.096 0.085 0.079 0.08 0.074 0.065 0.057 0.067 0.067 0.1 0.067 0.282 0.274 0.234 0.212 0.144 0.077 0.077 0.071 0.057 0.052 0.068 0.07 0.068 0.064 0.061 0.059 0.06 0.065 0.068 0.071 0.074 0.076 0.079
0.06 0.053 0.052 0.045 0.039 0.041 0.04 0.046 0.046 0.05 0.059 0.064 0.069 0.064 0.057 0.055 0.043 0.063 0.08 0.086 0.087 0.086 0.098 0.092 0.09 0.083 0.094 0.102 0.093 0.097 0.106 0.11 0.145 0.132 0.082 0.091 0.086 0.099 0.111 0.104 0.117 0.124 0.128 0.127 0.126 0.121 0.102 0.094 0.09 0.07 0.071 0.072 0.092 0.196 0.184 0.273 0.272 0.175 0.097 0.071 0.093 0.087 0.059 0.069 0.143 0.138 0.064 0.068 0.07 0.071 0.063 0.059 0.065 0.067 0.07 0.066 0.067
0.047 0.048 0.05 0.045 0.042 0.045 0.047 0.05 0.048 0.048 0.061 0.061 0.068 0.065 0.076 0.075 0.064 0.073 0.08 0.113 0.132 0.124 0.103 0.086 0.1 0.097 0.093 0.1 0.102 0.102 0.138 0.172 0.12 0.131 0.108 0.095 0.098 0.106 0.114 0.121 0.147 0.139 0.126 0.125 0.108 0.137 0.137 0.166 0.163 0.092 0.095 0.101 0.072 0.083 0.098 0.195 0.298 0.205 0.088 0.079 0.1 0.059 0.053 0.092 0.055 0.19 0.095 0.06 0.066 0.082 0.075 0.061 0.067 0.072 0.077 0.075 0.066
0.056 0.054 0.058 0.055 0.057 0.054 0.058 0.057 0.052 0.056 0.058 0.063 0.058 0.071 0.085 0.083 0.08 0.074 0.118 0.119 0.124 0.082 0.062 0.072 0.09 0.078 0.057 0.102 0.114 0.123 0.136 0.099 0.058 0.043 0.058 0.088 0.112 0.093 0.098 0.105 0.119 0.126 0.146 0.172 0.115 0.109 0.128 0.122 0.122 0.131 0.16 0.126 0.109 0.1 0.079 0.155 0.22 0.127 0.094 0.152 0.043 0.059 0.062 0.083 0.059 0.145 0.115 0.06 0.064 0.061 0.062 0.072 0.074 0.077 0.072 0.073 0.077
0.078 0.083 0.083 0.083 0.086 0.151 0.084 0.089 0.088 0.104 0.124 0.134 0.134 0.106 0.074 0.066 0.072 0.088 0.128 0.098 0.098 0.084 0.076 0.088 0.084 0.08 0.071 0.071 0.11 0.075 0.084 0.087 0.078 0.084 0.093 -0.008 -0 0.062 0.102 0.147 0.147 0.168 0.161 0.164 0.088 0.113 0.096 0.1 0.128 0.123 0.119 0.082 0.196 0.133 0.255 0.22 0.183 0.154 0.214 0.156 0.135 0.084 0.065 0.078 0.106 0.266 0.313 0.334 0.227 0.197 0.189 0.118 0.088 0.085 0.092 0.091 0.081
0.083 0.091 0.09 0.096 0.068 0.031 0.015 0.025 0.061 0.088 0.086 0.089 0.08 0.072 0.062 0.065 0.059 0.058 0.064 0.084 0.107 0.096 0.094 0.086 0.08 0.086 0.073 0.075 0.08 0.08 0.106 0.143 0.129 0.1 0.09 0.06 0.072 0.079 0.108 0.113 0.128 0.131 0.124 0.107 0.088 0.098 0.123 0.117 0.116 0.104 0.091 0.064 0.079 0.126 0.146 0.172 0.218 0.167 0.199 0.114 0.155 0.149 0.089 0.083 0.081 0.096 0.116 0.16 0.19 0.208 0.222 0.292 0.188 0.089 0.09 0.097 0.095
0.104 0.09 0.071 0.071 0.06 0.047 0.057 0.06 0.058 0.048 0.037 0.026 0.038 0.051 0.054 0.055 0.054 0.06 0.056 0.066 0.075 0.042 0.016 0.063 0.068 0.062 0.066 0.073 0.077 0.106 0.09 0.08 0.101 0.123 0.077 0.086 0.108 0.092 0.084 0.078 0.066 0.057 0.044 0.055 0.104 0.111 0.108 0.083 0.117 0.128 0.126 0.067 0.082 0.107 0.103 0.071 0.17 0.146 0.191 0.212 0.166 0.113 0.107 0.11 0.102 0.121 0.133 0.102 0.103 0.255 0.26 0.243 0.216 0.127 0.095 0.097 0.1
0.048 0.047 0.046 0.044 0.048 0.038 0.044 0.063 0.053 0.05 0.04 0.046 0.046 0.055 0.05 0.055 0.058 0.062 0.055 0.072 0.056 0.061 0.085 0.042 0.045 0.062 0.058 0.095 0.066 0.09 0.082 0.079 0.092 0.102 0.113 0.082 0.081 0.095 0.098 0.077 0.092 0.103 0.096 0.095 0.108 0.121 0.112 0.123 0.124 0.15 0.16 0.17 0.169 0.125 0.067 0.049 0.134 0.152 0.191 0.162 0.171 0.246 0.193 0.168 0.118 0.131 0.134 0.143 0.136 0.066 0.111 0.308 0.363 0.395 0.094 0.113 0.116
0.039 0.04 0.046 0.049 0.05 0.049 0.058 0.064 0.061 0.047 0.049 0.12 0.134 0.071 0.055 0.058 0.065 0.066 0.06 0.059 0.067 0.074 0.088 0.097 0.009 0.064 0.084 0.076 0.097 0.076 0.096 0.09 0.078 0.085 0.107 0.131 0.112 0.108 0.108 0.108 0.105 0.109 0.113 0.116 0.106 0.104 0.112 0.124 0.13 0.114 0.12 0.142 0.147 0.142 0.166 0.149 0.14 0.105 0.082 0.211 0.17 0.169 0.266 0.26 0.166 0.139 0.139 0.129 0.126 0.089 0.15 0.192 0.281 0.313 0.174 0.116 0.129
0.056 0.045 0.063 0.087 0.044 0.037 0.038 -0.023 -0.077 0.131 0.116 0.133 0.11 0.067 0.049 0.051 0.051 0.047 0.046 0.064 0.095 0.053 0.051 0.058 0.078 0.072 0.041 0.096 0.123 0.067 0.054 0.078 0.084 0.091 0.095 0.109 0.118 0.132 0.141 0.1 0.096 0.077 0.093 0.055 0.147 0.12 0.121 0.147 0.122 0.135 0.185 0.17 0.129 0.143 0.211 0.143 0.23 0.243 0.241 0.247 0.157 0.271 0.31 0.12 0.257 0.158 0.16 0.156 0.151 0.141 0.11 0.151 0.204 0.379 0.345 0.323 0.227
0.05 0.046 0.043 0.058 0.034 0.048 0.056 0.044 0.037 0.032 0.053 0.065 0.131 0.064 0.051 0.051 0.049 0.049 0.053 0.06 0.052 0.055 0.049 0.058 0.061 0.076 0.069 0.049 0.038 0.088 0.064 0.065 0.059 0.072 0.084 0.089 0.115 0.126 0.108 0.089 0.09 0.085 0.11 0.121 0.131 0.117 0.127 0.167 0.126 0.08 0.077 0.205 0.211 0.172 0.244 0.236 0.193 0.25 0.337 0.261 0.283 0.22 0.254 0.305 0.295 0.258 0.336 0.363 0.294 0.215 0.137 0.131 0.276 0.364 0.175 0.151 0.098
0.051 0.049 0.036 0.058 0.045 0.059 0.052 0.05 0.05 0.043 0.04 0.034 0.033 0.039 0.048 0.046 0.049 0.063 0.086 0.058 0.062 0.062 0.069 0.076 0.071 0.062 0.068 0.07 0.079 0.032 0.037 0.061 0.097 0.105 0.108 0.104 0.116 0.13 0.12 0.089 0.04 0.026 0.023 0.098 0.107 0.025 0.045 0.16 0.174 0.149 0.144 0.135 0.122 0.283 0.317 0.297 0.262 0.159 0.192 0.247 0.205 0.245 0.249 0.223 0.274 0.339 0.389 0.41 0.397 0.248 0.196 0.209 0.155 0.145 0.119 0.117 0.144
0.055 0.055 0.046 0.05 0.038 0.052 0.056 0.062 0.067 0.06 0.073 0.06 0.049 0.046 0.05 0.054 0.062 0.072 0.071 0.067 0.064 0.064 0.096 0.12 0.086 0.065 0.078 0.074 0.069 0.097 0.075 -0.012 0.038 0.101 0.136 0.119 0.116 0.133 0.134 0.103 0.095 0.103 0.031 -0.022 0.096 0.113 -0.017 0.071 0.181 0.169 0.164 0.155 0.059 0.124 0.267 0.277 0.363 0.315 0.221 0.198 0.296 0.329 0.289 0.285 0.253 0.261 0.284 0.318 0.278 0.217 0.221 0.279 0.279 0.209 0.182 0.248 0.193
0.052 0.055 0.05 0.041 0.051 0.045 0.06 0.059 0.057 0.049 0.052 0.07 0.057 0.043 0.05 0.058 0.071 0.074 0.077 0.077 0.074 0.077 0.089 0.096 0.09 0.1 0.106 0.112 0.091 0.076 0.075 0.084 0.08 0.09 0.088 0.122 0.12 0.148 0.089 0.095 0.099 0.097 0.084 0.069 0.128 0.077 -0.019 0.062 0.07 0.209 0.195 0.164 0.17 0.184 0.124 0.169 0.213 0.288 0.28 0.177 0.129 0.161 0.223 0.295 0.252 0.221 0.365 0.343 0.333 0.304 0.403 0.394 0.35 0.279 0.263 0.251 0.221
0.045 0.05 0.048 0.049 0.042 0.034 0.048 0.048 0.042 0.055 0.053 0.057 0.056 0.046 0.068 0.078 0.078 0.067 0.062 0.075 0.061 0.072 0.085 0.106 0.077 0.01 0.005 0.022 0.034 0.076 0.096 0.096 0.092 0.076 0.083 0.096 0.088 0.045 0.054 0.091 0.112 0.103 0.096 0.13 -0.3 -0.065 0.089 0.113 0.06 0.069 0.166 0.167 0.193 0.206 0.242 0.201 0.235 0.271 0.297 0.296 0.283 0.328 0.388 0.368 0.329 0.383 0.317 0.294 0.281 0.328 0.26 0.265 0.122 0.192 0.426 0.433 0.392
0.044 0.045 0.04 0.043 0.048 0.044 0.039 0.04 0.039 0.046 0.014 0.032 0.061 0.045 0.051 0.047 0.052 0.057 0.062 0.064 0.061 0.07 0.065 0.084 0.067 0.028 0.073 0.066 0.024 0.09 0.096 0.125 0.125 0.121 0.097 0.097 0.111 0.096 0.091 0.092 0.081 0.09 0.103 0.11 -0.3 -0.3 -0.3 0.105 0.127 0.132 0.121 0.157 0.178 0.237 0.182 0.162 0.118 0.16 0.148 0.175 0.224 0.239 0.318 0.317 0.22 0.226 0.277 0.323 0.334 0.332 0.28 0.288 0.204 0.151 0.138 0.194 0.262
0.043 0.048 0.045 0.045 0.049 0.049 0.049 0.039 0.034 0.041 0.048 0.05 0.063 0.15 0.053 0.05 0.056 0.057 0.07 0.068 0.074 0.065 0.067 0.067 0.07 0.08 0.074 0.079 0.077 0.043 0.016 0 -0.007 -0.012 0.068 0.076 0.082 0.077 0.116 0.104 0.111 0.116 0.104 0.112 0.118 -0.3 -0.3 0.095 0.08 0.096 0.135 0.152 0.139 0.147 0.131 0.154 0.099 0.123 0.143 0.309 0.285 0.236 0.306 0.235 0.234 0.268 0.299 0.284 0.149 0.373 0.328 0.298 0.37 0.432 0.317 0.166 0.336
0.041 0.047 0.05 0.043 0.049 0.049 0.051 0.048 0.042 0.042 0.052 0.049 0.084 0.127 0.055 0.055 0.071 0.064 0.064 0.071 0.087 0.068 0.065 0.073 0.066 0.069 0.077 0.094 0.072 0.106 0.099 0.082 0.054 0.016 0.096 0.135 0.102 0.083 0.074 0.099 0.095 0.103 0.119 0.131 0.124 0.119 0.121 0.133 0.13 0.122 0.145 0.175 0.16 0.17 0.173 0.192 0.174 0.187 0.211 0.184 0.323 0.333 0.348 0.351 0.325 0.339 0.361 0.261 0.166 0.271 0.278 0.328 0.421 0.435 0.381 0.276 0.384
0.043 0.046 0.05 0.051 0.047 0.05 0.052 0.053 0.051 0.044 0.052 0.041 0.067 0.131 0.122 0.052 0.053 0.061 0.063 0.078 0.074 0.091 0.063 0.069 0.067 0.082 0.063 0.074 0.091 0.091 0.102 0.099 0.107 0.082 0.109 0.117 0.113 0.089 0.089 0.098 0.097 0.068 0.065 0.082 0.127 0.125 0.116 0.13 0.128 0.127 0.144 0.17 0.174 0.201 0.194 0.157 0.16 0.232 0.248 0.211 0.227 0.276 0.36 0.353 0.361 0.341 0.34 0.342 0.34 0.269 0.202 0.198 0.322 0.415 0.433 0.374 0.366
0.053 0.049 0.053 0.052 0.046 0.047 0.046 0.047 0.049 0.053 0.047 0.047 0.053 0.053 0.05 0.055 0.052 0.046 0.045 0.059 0.066 -0.007 0.072 0.066 0.073 0.1 0.071 0.102 0.094 0.079 0.086 0.076 0.089 0.102 0.108 0.095 0.071 0.075 0.078 0.09 0.088 0.096 0.1 0.113 0.097 0.149 0.13 0.135 0.113 0.133 0.114 0.123 0.147 0.187 0.142 0.156 0.327 0.374 0.239 0.257 0.326 0.291 0.284 0.275 0.227 0.163 0.232 0.273 0.317 0.347 0.368 0.369 0.403 0.414 0.292 0.208 0.257
0.059 0.055 0.056 0.054 0.05 0.045 0.047 0.046 0.048 0.051 0.052 0.05 0.05 0.05 0.044 0.048 0.053 0.055 0.048 0.053 0.052 0.025 0.061 0.082 0.061 0.067 0.099 0.094 0.074 0.068 0.05 0.064 0.071 0.093 0.119 0.118 0.113 0.089 0.083 0.101 0.107 0.108 0.113 0.12 0.106 0.148 0.114 0.134 0.113 0.116 0.112 0.129 0.167 0.177 0.258 0.255 0.25 0.316 0.265 0.28 0.312 0.333 0.312 0.312 0.226 0.218 0.166 0.215 0.225 0.312 0.304 0.321 0.347 0.289 0.425 0.392 0.35
0.061 0.061 0.057 -0.3 0.043 0.052 0.049 0.048 0.049 0.054 0.053 0.051 0.052 0.053 0.043 0.044 0.051 0.054 0.057 0.059 0.055 0.061 0.065 0.059 0.066 0.055 0.072 0.077 0.074 0.076 0.087 0.087 0.075 0.071 0.09 0.098 0.085 0.092 0.099 0.083 0.093 0.093 0.117 0.132 0.129 0.172 0.167 0.134 0.125 0.114 0.11 0.145 0.16 0.169 0.283 0.295 0.319 0.308 0.261 0.255 0.322 0.319 0.364 0.349 0.369 0.309 0.304 0.309 0.327 0.357 0.356 0.352 0.437 0.296 0.387 0.441 0.444
0.061 0.061 0.06 0.068 0.053 0.048 0.041 0.041 0.047 0.054 0.053 0.05 0.049 0.053 0.048 0.045 0.05 0.058 0.058 0.067 0.057 0.059 0.053 0.078 0.06 0.075 0.08 0.091 0.092 0.08 0.083 0.079 0.067 0.084 0.065 0.094 0.108 0.115 0.097 0.11 0.101 0.085 0.073 0.059 0.146 0.165 0.165 0.158 0.205 0.151 0.163 0.128 0.14 0.126 0.246 0.271 0.321 0.284 0.245 0.316 0.329 0.354 0.349 0.381 0.306 0.271 0.292 0.334 0.305 0.402 0.339 0.269 0.308 0.366 0.338 0.371 0.413
0.06 0.055 0.059 0.062 0.066 0.07 0.061 0.021 -0.178 0.049 0.054 0.052 0.05 0.052 0.051 0.05 0.051 0.054 0.057 0.059 0.065 0.07 0.057 0.07 0.045 0.056 0.065 0.082 0.082 0.084 0.072 0.075 0.073 0.091 0.102 0.103 0.113 0.11 0.102 0.117 0.113 0.104 0.089 0.106 0.122 0.14 0.139 0.159 0.128 0.116 0.156 0.124 0.176 0.182 0.271 0.261 0.267 0.298 0.251 0.337 0.358 0.363 0.345 0.384 0.405 0.332 0.331 0.368 0.363 0.389 0.451 0.41 0.376 0.369 0.249 0.325 0.393
0.064 0.058 0.059 0.07 0.064 0.072 0.069 0.064 0.063 0.048 0.056 0.054 0.055 0.053 0.054 0.051 0.049 0.051 0.052 0.056 0.057 0.053 0.059 0.064 0.062 0.071 0.056 0.082 0.069 0.079 0.077 0.068 0.083 0.1 0.102 0.077 0.095 0.089 0.083 0.076 0.077 0.074 0.104 0.149 0.116 0.09 0.12 0.12 0.129 0.113 0.115 0.137 0.175 0.165 0.19 0.247 0.272 0.269 0.226 0.264 0.297 0.313 0.315 0.291 0.354 0.407 0.397 0.409 0.381 0.42 0.388 0.405 0.407 0.427 0.423 0.36 0.369
0.07 0.069 0.095 0.124 0.075 0.069 0.06 0.064 0.064 0.063 0.061 0.058 0.054 0.054 0.057 0.057 0.057 0.052 0.054 0.054 0.055 0.052 0.051 0.053 0.045 0.056 0.054 0.063 0.059 0.057 0.061 0.059 0.061 0.079 0.109 0.1 0.088 0.082 0.057 0.094 0.1 0.128 0.107 0.104 0.107 0.11 0.117 0.129 0.124 0.15 0.169 0.153 0.162 0.157 0.179 0.13 0.18 0.268 0.323 0.24 0.263 0.284 0.283 0.306 0.334 0.38 0.368 0.331 0.291 0.294 0.266 0.305 0.299 0.324 0.366 0.408 0.444
0.129 0.103 0.068 0.062 0.083 0.052 0.05 0.059 0.065 0.063 0.062 0.062 0.065 0.057 0.057 0.063 0.056 0.054 0.057 0.051 0.051 0.055 0.052 0.049 0.046 0.042 0.044 0.054 0.053 0.072 0.077 0.077 0.065 0.069 0.069 0.079 0.075 0.067 0.051 0.183 0.203 0.124 0.091 0.081 0.096 0.075 0.078 0.136 0.124 0.164 0.162 0.18 0.178 0.148 0.21 0.2 0.186 0.225 0.343 0.365 0.343 0.311 0.285 0.28 0.294 0.275 0.268 -0.029 0.339 0.279 0.284 0.282 0.308 0.278 0.277 0.31 0.385
