data/china_ndvi_max_1993.asc
ncols         710
nrows         510
xllcorner     70
yllcorner     10
cellsize      0.1
NODATA_value  -9999
[rows 136 to 169 of 510, columns 462 to 538 of 710]
-9999 -9999 -9999 -9999 -9999 -9999 -9999 -9999 -9999 -9999 -9999 -9999 -9999 -9999 -9999 -9999 -9999 -9999 -9999 -9999 -9999 -9999 -9999 -9999 -9999 -9999 -9999 -9999 -9999 -9999 -9999 -9999 -9999 -9999 0.364 0.375 0.387 0.376 0.406 0.416 0.409 0.445 0.474 0.474 0.475 0.468 0.51 0.515 0.51 0.445 0.495 0.488 0.444 0.44 0.478 0.482 0.494 0.487 0.463 0.459 0.43 0.454 0.427 0.417 0.447 0.473 0.473 0.422 0.384 0.38 0.371 0.391 0.367 0.401 0.363 0.359 0.325
-9999 -9999 -9999 -9999 -9999 -9999 -9999 -9999 -9999 -9999 -9999 -9999 -9999 -9999 -9999 -9999 -9999 -9999 -9999 -9999 -9999 -9999 -9999 -9999 -9999 -9999 -9999 -9999 -9999 -9999 -9999 -9999 -9999 -9999 -9999 0.372 0.434 0.422 0.433 0.422 0.448 0.498 0.471 0.453 0.469 0.507 0.511 0.512 0.516 0.491 0.485 0.482 0.469 0.41 0.384 0.463 0.531 0.547 0.395 0.41 0.407 0.409 0.439 0.371 0.384 0.382 0.389 0.396 0.386 0.368 0.428 0.449 0.419 0.371 0.249 0.308 0.33
-9999 -9999 -9999 -9999 -9999 -9999 -9999 -9999 -9999 -9999 -9999 -9999 -9999 -9999 -9999 -9999 -9999 -9999 -9999 -9999 -9999 -9999 -9999 -9999 -9999 -9999 -9999 -9999 -9999 -9999 -9999 -9999 -9999 -9999 -9999 -9999 0.411 0.405 0.398 0.477 0.466 0.475 0.479 0.467 0.479 0.51 0.533 0.496 0.46 0.451 0.449 0.445 0.441 0.527 0.448 0.412 0.454 0.429 0.455 0.418 0.469 0.45 0.431 0.422 0.343 0.339 0.368 0.362 0.37 0.376 0.395 0.437 0.402 0.365 0.304 0.352 0.37
-9999 -9999 -9999 -9999 -9999 -9999 -9999 -9999 -9999 -9999 -9999 -9999 -9999 -9999 -9999 -9999 -9999 -9999 -9999 -9999 -9999 -9999 -9999 -9999 -9999 -9999 -9999 -9999 -9999 -9999 -9999 -9999 -9999 -9999 -9999 -9999 0.396 0.391 0.373 0.469 0.47 0.47 0.491 0.48 0.501 0.527 0.518 0.462 0.498 0.511 0.47 0.465 0.474 0.447 0.406 0.409 0.342 0.356 0.461 0.455 0.494 0.435 0.353 0.368 0.348 0.346 0.354 0.393 0.391 0.425 0.406 0.422 0.412 0.369 0.297 0.457 0.389
-9999 -9999 -9999 -9999 -9999 -9999 -9999 -9999 -9999 -9999 -9999 -9999 -9999 -9999 -9999 -9999 -9999 -9999 -9999 -9999 -9999 -9999 -9999 -9999 -9999 -9999 -9999 -9999 -9999 -9999 -9999 -9999 -9999 -9999 -9999 -9999 -9999 -9999 0.408 0.534 0.495 0.477 0.494 0.494 0.519 0.474 0.427 0.452 0.492 0.423 0.413 0.398 0.447 0.487 0.504 0.481 0.412 0.361 0.381 0.341 0.345 0.364 0.354 0.338 0.32 0.324 0.366 0.366 0.371 0.263 0.293 0.38 0.426 0.348 0.344 0.358 0.33
-9999 -9999 -9999 -9999 -9999 -9999 -9999 -9999 -9999 -9999 -9999 -9999 -9999 -9999 -9999 -9999 -9999 -9999 -9999 -9999 -9999 -9999 -9999 -9999 -9999 -9999 -9999 -9999 -9999 -9999 -9999 -9999 -9999 -9999 -9999 -9999 -9999 -9999 0.4 0.453 0.457 0.386 0.468 0.458 0.497 0.49 0.461 0.428 0.474 0.483 0.4 0.379 0.446 0.472 0.47 0.427 0.383 0.381 0.357 0.311 0.31 0.337 0.326 0.319 0.303 0.359 0.367 0.323 0.364 0.299 0.373 0.437 0.406 0.363 0.36 0.263 0.415
-9999 -9999 -9999 -9999 -9999 -9999 -9999 -9999 -9999 -9999 -9999 -9999 -9999 -9999 -9999 -9999 -9999 -9999 -9999 -9999 -9999 0.321 0.292 -9999 -9999 -9999 0.336 0.372 0.377 -9999 -9999 -9999 -9999 -9999 -9999 -9999 -9999 -9999 0.378 0.406 0.407 0.394 0.379 0.425 0.403 0.402 0.397 0.386 0.398 0.407 0.391 0.441 0.386 0.479 0.432 0.4 0.453 0.441 0.374 0.353 0.336 0.336 0.334 0.333 0.331 0.34 0.336 0.305 0.373 0.404 0.376 0.412 0.414 0.452 0.374 0.423 0.358
-9999 -9999 -9999 -9999 -9999 -9999 -9999 -9999 -9999 -9999 -9999 -9999 -9999 -9999 -9999 -9999 -9999 -9999 0.313 0.301 0.296 0.284 0.281 0.277 0.305 0.306 0.305 0.295 0.339 0.316 0.364 0.414 0.384 0.31 0.346 -9999 0.401 0.398 0.384 0.374 0.378 0.361 0.353 0.388 0.381 0.386 0.392 0.444 0.423 0.387 0.356 0.412 0.401 0.405 0.414 0.375 0.428 0.479 0.406 0.37 0.354 0.33 0.304 0.331 0.329 0.331 0.322 0.315 0.401 0.403 0.407 0.424 0.449 0.384 0.342 0.351 0.259
-9999 -9999 -9999 -9999 -9999 -9999 -9999 -9999 -9999 -9999 -9999 -9999 -9999 0.308 0.301 0.258 0.258 0.278 0.305 0.257 0.27 0.243 0.266 0.287 0.298 0.332 0.326 0.317 0.303 0.312 0.324 0.357 0.336 0.345 0.382 0.398 0.384 0.376 0.366 0.357 0.367 0.356 0.354 0.371 0.365 0.381 0.392 0.492 0.402 0.412 0.428 0.37 0.335 0.466 0.418 0.372 0.435 0.399 0.355 0.371 0.336 0.31 0.301 0.321 0.327 0.327 0.324 0.335 0.352 0.398 0.425 0.441 0.433 0.38 0.342 0.349 0.283
-9999 -9999 -9999 -9999 -9999 -9999 -9999 -9999 -9999 -9999 -9999 -9999 0.257 0.245 0.238 0.247 0.241 0.196 0.257 0.273 0.276 0.289 0.289 0.265 0.275 0.293 0.274 0.32 0.317 0.358 0.363 0.321 0.328 0.346 0.365 0.322 0.326 0.344 0.348 0.355 0.362 0.357 0.366 0.36 0.351 0.349 0.418 0.396 0.353 0.35 0.335 0.353 0.368 0.377 0.337 0.331 0.373 0.321 0.319 0.335 0.313 0.343 0.322 0.348 0.327 0.325 0.333 0.307 0.406 0.345 0.42 0.379 0.391 0.292 0.299 0.331 0.333
-9999 -9999 -9999 -9999 -9999 0.23 0.254 0.272 0.266 0.25 0.247 0.248 0.266 0.248 0.239 0.237 0.234 0.242 0.272 0.247 0.298 0.287 0.267 0.256 0.272 0.266 0.284 0.306 0.332 0.324 0.315 0.318 0.336 0.345 0.333 0.316 0.323 0.322 0.343 0.361 0.355 0.345 0.338 0.371 0.394 0.373 0.39 0.358 0.336 0.355 0.378 0.36 0.338 0.425 0.473 0.462 0.34 0.31 0.315 0.321 0.324 0.326 0.347 0.324 0.318 0.317 0.326 0.354 0.252 0.245 0.289 0.39 0.38 0.281 0.273 0.274 0.355
-9999 -9999 -9999 -9999 0.237 0.243 0.249 0.273 0.257 0.235 0.223 0.247 0.267 0.227 0.221 0.25 0.271 0.255 0.259 0.232 0.278 0.244 0.222 0.279 0.361 0.381 0.334 0.307 0.319 0.29 0.3 0.304 0.322 0.329 0.334 0.322 0.346 0.342 0.327 0.33 0.353 0.369 0.342 0.366 0.351 0.367 0.366 0.344 0.4 0.412 0.416 0.381 0.334 0.347 0.35 0.356 0.344 0.351 0.343 0.338 0.332 0.316 0.349 0.334 0.336 0.332 0.335 0.302 0.312 0.294 0.236 0.29 0.346 0.337 0.339 0.373 0.403
-9999 -9999 0.281 0.251 0.274 0.282 0.263 0.243 0.255 0.212 0.23 0.267 0.255 0.249 0.219 0.235 0.255 0.258 0.247 0.195 0.235 0.226 0.27 0.281 0.338 0.375 0.368 0.339 0.325 0.276 0.292 0.269 0.299 0.324 0.32 0.319 0.324 0.351 0.347 0.355 0.335 0.326 0.313 0.35 0.346 0.334 0.339 0.315 0.423 0.443 0.387 0.441 0.392 0.361 0.349 0.326 0.341 0.356 0.336 0.355 0.331 0.326 0.328 0.301 0.306 0.3 0.297 0.325 0.294 0.288 0.275 0.252 0.231 0.276 0.292 0.323 0.415
-9999 0.268 0.272 0.273 0.265 0.276 0.294 0.273 0.241 0.22 0.228 0.269 0.263 0.217 0.213 0.214 0.256 0.281 0.26 0.225 0.27 0.324 0.327 0.277 0.297 0.289 0.308 0.302 0.329 0.292 0.32 0.32 0.318 0.326 0.308 0.325 0.329 0.343 0.307 0.35 0.343 0.336 0.336 0.331 0.335 0.329 0.356 0.365 0.374 0.405 0.391 0.431 0.43 0.405 0.388 0.364 0.347 0.347 0.299 0.355 0.332 0.31 0.295 0.304 0.295 0.276 0.311 0.327 0.287 0.274 0.287 0.257 0.256 0.245 0.279 0.325 0.403
-9999 0.252 0.271 0.267 0.296 0.322 0.298 0.273 0.287 0.251 0.222 0.258 0.265 0.234 0.232 0.242 0.236 0.238 0.243 0.223 0.242 0.284 0.273 0.245 0.25 0.264 0.311 0.288 0.268 0.281 0.288 0.286 0.276 0.312 0.326 0.298 0.319 0.35 0.373 0.368 0.375 0.365 0.348 0.373 0.345 0.359 0.372 0.405 0.395 0.355 0.353 0.393 0.376 0.345 0.34 0.344 0.32 0.316 0.315 0.391 0.343 0.362 0.371 0.263 0.286 0.246 0.305 0.315 0.272 0.328 0.277 0.27 0.308 0.236 0.257 0.289 0.346
-9999 0.242 0.263 0.268 0.292 0.304 0.287 0.264 0.25 0.23 0.219 0.242 0.271 0.244 0.237 0.246 0.228 0.263 0.25 0.243 0.233 0.256 0.234 0.248 0.255 0.247 0.26 0.262 0.284 0.277 0.287 0.298 0.301 0.307 0.311 0.307 0.327 0.386 0.398 0.378 0.356 0.325 0.343 0.355 0.361 0.363 0.384 0.392 0.369 0.424 0.368 0.418 0.404 0.364 0.338 0.367 0.306 0.31 0.299 0.334 0.327 0.315 0.371 0.295 0.281 0.256 0.304 0.348 0.296 0.282 0.272 0.302 0.294 0.264 0.335 0.398 0.365
0.27 0.212 0.229 0.259 0.257 0.273 0.253 0.268 0.262 0.252 0.27 0.259 0.255 0.217 0.219 0.238 0.247 0.23 0.238 0.242 0.242 0.232 0.282 0.272 0.256 0.26 0.264 0.273 0.275 0.289 0.297 0.274 0.293 0.298 0.296 0.357 0.354 0.398 0.369 0.36 0.378 0.346 0.354 0.372 0.361 0.368 0.346 0.404 0.476 0.462 0.392 0.343 0.367 0.334 0.333 0.343 0.323 0.317 0.332 0.34 0.329 0.318 0.371 0.408 0.378 0.343 0.364 0.39 0.373 0.279 0.307 0.337 0.333 0.357 0.33 0.353 0.25
0.23 0.203 0.139 0.278 0.263 0.273 0.271 0.24 0.262 0.286 0.297 0.275 0.255 0.251 0.221 0.243 0.237 0.194 0.245 0.261 0.245 0.251 0.242 0.258 0.273 0.299 0.257 0.264 0.273 0.243 0.26 0.269 0.291 0.288 0.278 0.314 0.338 0.371 0.325 0.349 0.357 0.338 0.4 0.352 0.388 0.444 0.369 0.382 0.405 0.54 0.438 0.442 0.361 0.374 0.35 0.325 0.351 0.314 0.324 0.33 0.317 0.345 0.35 0.397 0.378 0.361 0.306 0.276 0.348 0.326 0.34 0.323 0.305 0.275 0.264 0.258 0.315
0.209 0.196 0.158 0.252 0.264 0.267 0.255 0.238 0.25 0.258 0.255 0.24 0.237 0.329 0.181 0.193 0.195 0.226 0.227 0.217 0.231 0.274 0.261 0.261 0.237 0.225 0.238 0.298 0.259 0.277 0.306 0.291 0.298 0.326 0.277 0.282 0.328 0.382 0.343 0.4 0.4 0.399 0.37 0.31 0.297 0.368 0.346 0.319 0.331 0.375 0.38 0.389 0.352 0.375 0.353 0.356 0.308 0.293 0.317 0.327 0.299 0.322 0.346 0.366 0.374 0.375 0.362 0.391 0.305 0.335 0.354 0.309 0.272 0.298 0.291 0.327 0.332
0.253 0.296 0.328 0.278 0.282 0.29 0.257 0.259 0.23 0.248 0.235 0.172 0.233 0.264 0.286 0.271 0.23 0.224 0.259 0.273 0.272 0.254 0.274 0.262 0.252 0.269 0.246 0.267 0.308 0.289 0.287 0.279 0.278 0.287 0.357 0.357 0.354 0.379 0.324 0.375 0.37 0.391 0.42 0.469 0.416 0.368 0.385 0.47 0.306 0.264 0.296 0.383 0.402 0.311 0.335 0.337 0.333 0.331 0.295 0.26 0.254 0.271 0.215 0.252 0.387 0.393 0.358 0.376 0.298 0.328 0.321 0.307 0.259 0.25 0.219 0.243 0.225
0.234 0.223 0.215 0.201 0.247 0.253 0.269 0.306 0.262 0.246 0.268 0.242 0.21 0.299 0.303 0.292 0.275 0.265 0.26 0.235 0.241 0.29 0.284 0.262 0.263 0.267 0.278 0.273 0.305 0.279 0.306 0.272 0.267 0.296 0.325 0.352 0.371 0.355 0.364 0.397 0.375 0.385 0.433 0.406 0.367 0.381 0.47 0.433 0.35 0.33 0.336 0.316 0.326 0.346 0.322 0.325 0.323 0.311 0.312 0.287 0.259 0.262 0.296 0.321 0.342 0.304 0.265 0.307 0.265 0.246 0.248 0.264 0.263 0.309 0.282 0.247 0.22
0.217 0.201 0.211 0.188 0.193 0.243 0.3 0.27 0.258 0.259 0.26 0.26 0.268 0.311 0.293 0.28 0.25 0.262 0.22 0.303 0.259 0.277 0.266 0.263 0.281 0.298 0.298 0.292 0.316 0.323 0.278 0.261 0.275 0.305 0.369 0.4 0.416 0.351 0.406 0.475 0.406 0.412 0.403 0.358 0.48 0.488 0.491 0.459 0.334 0.363 0.358 0.317 0.297 0.316 0.308 0.303 0.291 0.261 0.274 0.307 0.266 0.29 0.302 0.337 0.341 0.35 0.371 0.323 0.239 0.222 0.244 0.255 0.284 0.288 0.176 0.201 0.196
0.207 0.178 0.203 0.234 0.228 0.267 0.291 0.281 0.261 0.255 0.255 0.278 0.31 0.32 0.333 0.272 0.257 0.243 0.277 0.273 0.272 0.304 0.299 0.277 0.259 0.305 0.291 0.323 0.345 0.286 0.332 0.348 0.355 0.368 0.422 0.485 0.423 0.381 0.407 0.373 0.388 0.417 0.356 0.391 0.461 0.409 0.526 0.493 0.324 0.328 0.35 0.345 0.338 0.328 0.325 0.288 0.292 0.302 0.302 0.299 0.275 0.295 0.296 0.305 0.33 0.353 0.305 0.312 0.278 0.291 0.31 0.267 0.28 0.217 0.25 0.238 0.224
0.188 0.193 0.209 0.229 0.26 0.265 0.284 0.266 0.273 0.27 0.285 0.299 0.278 0.287 0.29 0.293 0.267 0.244 0.241 0.257 0.254 0.278 0.303 0.296 0.279 0.36 0.307 0.308 0.349 0.343 0.302 0.312 0.34 0.476 0.499 0.414 0.425 0.446 0.394 0.421 0.426 0.363 0.384 0.367 0.426 0.404 0.433 0.42 0.385 0.321 0.319 0.375 0.361 0.317 0.292 0.305 0.344 0.31 0.293 0.274 0.274 0.235 0.244 0.253 0.28 0.261 0.257 0.252 0.28 0.278 0.319 0.28 0.248 0.235 0.212 0.208 0.27
0.211 0.246 0.263 0.254 0.26 0.264 0.26 0.281 0.274 0.285 0.292 0.29 0.27 0.281 0.273 0.28 0.273 0.276 0.303 0.294 0.269 0.314 0.34 0.296 0.286 0.275 0.303 0.349 0.37 0.354 0.383 0.487 0.504 0.361 0.334 0.391 0.348 0.355 0.389 0.344 0.365 0.392 0.438 0.407 0.343 0.409 0.344 0.292 0.446 0.375 0.313 0.297 0.302 0.315 0.317 0.318 0.332 0.294 0.324 0.306 0.288 0.305 0.283 0.273 0.253 0.266 0.277 0.292 0.288 0.252 0.267 0.238 0.198 0.315 0.294 0.238 0.318
0.248 0.251 0.224 0.225 0.22 0.247 0.264 0.256 0.263 0.269 0.293 0.285 0.301 0.296 0.275 0.289 0.293 0.295 0.289 0.274 0.297 0.295 0.319 0.291 0.291 0.311 0.337 0.313 0.341 0.405 0.454 0.495 0.488 0.385 0.365 0.333 0.393 0.374 0.361 0.329 0.387 0.412 0.385 0.396 0.348 0.318 0.321 0.36 0.347 0.324 0.326 0.349 0.309 0.286 0.277 0.29 0.287 0.268 0.262 0.27 0.276 0.266 0.298 0.286 0.287 0.287 0.284 0.304 0.263 0.269 0.272 0.246 0.193 0.348 0.252 0.205 0.364
0.251 0.229 0.246 0.234 0.235 0.263 0.268 0.279 0.253 0.273 0.28 0.257 0.262 0.297 0.254 0.265 0.3 0.298 0.337 0.319 0.363 0.337 0.294 0.376 0.388 0.323 0.328 0.375 0.386 0.479 0.491 0.484 0.388 0.445 0.359 0.304 0.373 0.349 0.333 0.321 0.409 0.386 0.373 0.362 0.353 0.31 0.291 0.34 0.414 0.344 0.341 0.307 0.311 0.291 0.26 0.28 0.259 0.242 0.248 0.248 0.268 0.263 0.236 0.26 0.291 0.298 0.313 0.307 0.291 0.301 0.318 0.297 0.244 0.276 0.269 0.322 0.331
0.248 0.24 0.243 0.241 0.27 0.257 0.255 0.265 0.266 0.255 0.251 0.263 0.253 0.268 0.271 0.327 0.347 0.318 0.323 0.337 0.381 0.36 0.333 0.362 0.362 0.339 0.358 0.411 0.471 0.494 0.394 0.445 0.482 0.433 0.399 0.339 0.324 0.352 0.305 0.364 0.405 0.385 0.339 0.33 0.361 0.348 0.36 0.317 0.343 0.379 0.345 0.267 0.282 0.28 0.235 0.25 0.257 0.244 0.229 0.254 0.261 0.267 0.301 0.269 0.224 0.274 0.289 0.32 0.279 0.234 0.276 0.324 0.3 0.285 0.273 0.278 0.263
0.193 0.229 0.245 0.271 0.267 0.274 0.26 0.271 0.255 0.267 0.292 0.29 0.294 0.298 0.279 0.298 0.328 0.332 0.337 0.336 0.385 0.395 0.388 0.325 0.35 0.37 0.344 0.393 0.449 0.404 0.357 0.414 0.515 0.39 0.397 0.358 0.357 0.332 0.288 0.461 0.412 0.353 0.345 0.412 0.343 0.343 0.339 0.335 0.325 0.305 0.268 0.237 0.261 0.285 0.293 0.295 0.292 0.287 0.265 0.24 0.246 0.263 0.299 0.293 0.298 0.29 0.293 0.308 0.288 0.318 0.278 0.28 0.314 0.258 0.292 0.313 0.31
0.267 0.258 0.249 0.244 0.239 0.269 0.278 0.282 0.267 0.272 0.282 0.289 0.276 0.333 0.31 0.315 0.36 0.332 0.334 0.359 0.317 0.396 0.404 0.358 0.363 0.356 0.415 0.418 0.359 0.345 0.402 0.407 0.332 0.468 0.399 0.359 0.412 0.341 0.3 0.314 0.295 0.316 0.381 0.35 0.4 0.318 0.327 0.371 0.262 0.307 0.274 0.331 0.296 0.284 0.29 0.276 0.278 0.287 0.271 0.274 0.282 0.27 0.295 0.274 0.309 0.314 0.317 0.298 0.299 0.22 0.22 0.272 0.262 0.292 0.27 0.273 0.313
0.248 0.266 0.274 0.273 0.258 0.288 0.317 0.317 0.316 0.313 0.269 0.29 0.305 0.296 0.295 0.304 0.314 0.286 0.329 0.315 0.336 0.385 0.458 0.345 0.327 0.37 0.393 0.385 0.363 0.365 0.339 0.334 0.347 0.406 0.387 0.355 0.336 0.315 0.298 0.311 0.317 0.317 0.335 0.322 0.334 0.315 0.293 0.374 0.27 0.263 0.295 0.309 0.321 0.293 0.286 0.281 0.29 0.292 0.285 0.286 0.269 0.274 0.27 0.288 0.287 0.28 0.29 0.327 0.305 0.291 0.255 0.263 0.293 0.301 0.306 0.313 0.273
0.263 0.251 0.227 0.255 0.301 0.314 0.299 0.281 0.291 0.287 0.28 0.252 0.245 0.291 0.277 0.294 0.339 0.329 0.343 0.375 0.389 0.409 0.394 0.294 0.284 0.408 0.508 0.448 0.349 0.35 0.429 0.339 0.328 0.34 0.402 0.381 0.336 0.324 0.314 0.309 0.284 0.275 0.28 0.305 0.331 0.369 0.345 0.314 0.271 0.281 0.297 0.288 0.308 0.289 0.272 0.273 0.309 0.318 0.287 0.283 0.301 0.276 0.282 0.302 0.28 0.312 0.237 0.204 0.254 0.302 0.308 0.286 0.282 0.33 0.34 0.34 0.266
0.261 0.254 0.257 0.275 0.283 0.308 0.285 0.248 0.229 0.278 0.279 0.298 0.311 0.343 0.302 0.318 0.311 0.349 0.415 0.467 0.396 0.348 0.297 0.315 0.311 0.317 0.429 0.481 0.392 0.365 0.381 0.358 0.305 0.351 0.45 0.42 0.334 0.315 0.312 0.3 0.32 0.293 0.276 0.268 0.287 0.312 0.342 0.309 0.361 0.269 0.293 0.319 0.279 0.276 0.276 0.301 0.28 0.264 0.292 0.282 0.322 0.359 0.345 0.299 0.337 0.311 0.327 0.308 0.255 0.292 0.292 0.277 0.243 0.326 0.379 0.362 0.364
0.236 0.25 0.28 0.312 0.305 0.297 0.275 0.268 0.266 0.298 0.302 0.347 0.359 0.349 0.374 0.379 0.336 0.324 0.399 0.433 0.358 0.333 0.279 0.291 0.388 0.317 0.364 0.46 0.382 0.4 0.364 0.347 0.386 0.327 0.392 0.326 0.318 0.312 0.296 0.301 0.297 0.289 0.279 0.278 0.296 0.274 0.325 0.297 0.351 0.298 0.336 0.311 0.286 0.272 0.356 0.321 0.299 0.294 0.378 0.33 0.315 0.314 0.344 0.268 0.259 0.277 0.309 0.346 0.348 0.291 0.303 0.301 0.344 0.29 0.267 0.291 0.336
