data/china_ndvi_max_2007.asc
ncols         710
nrows         510
xllcorner     70
yllcorner     10
cellsize      0.1
NODATA_value  -9999
[rows 175 to 209 of 510, columns 539 to 615 of 710]
0.411 0.42 0.427 0.441 0.444 0.446 0.43 0.429 0.436 0.422 0.452 0.414 0.435 0.41 0.4 0.439 0.429 0.421 0.485 0.474 0.474 0.468 0.509 0.504 0.557 0.52 0.475 0.574 0.579 0.489 0.496 0.495 0.474 0.498 0.525 0.594 0.588 0.556 0.54 0.552 0.558 0.446 0.412 0.337 0.351 0.42 0.481 0.57 0.542 0.561 0.601 0.627 0.645 0.644 0.614 0.513 0.512 0.582 0.55 0.555 0.573 0.588 0.622 0.649 0.657 0.609 0.57 0.611 0.588 0.603 0.59 0.618 0.604 0.619 0.655 -9999 -9999
0.419 0.431 0.424 0.42 0.4 0.406 0.386 0.414 0.441 0.437 0.387 0.42 0.415 0.425 0.42 0.434 0.488 0.436 0.449 0.447 0.477 0.439 0.542 0.488 0.561 0.508 0.526 0.463 0.47 0.534 0.491 0.493 0.412 0.428 0.463 0.466 0.569 0.539 0.569 0.569 0.585 0.486 0.418 0.405 0.459 0.457 0.444 0.489 0.551 0.574 0.609 0.603 0.607 0.598 0.569 0.578 0.526 0.476 0.519 0.477 0.554 0.594 0.614 0.608 0.623 0.65 0.579 0.588 0.574 0.599 0.612 0.587 0.579 0.579 -9999 -9999 -9999
0.41 0.403 0.43 0.423 0.38 0.313 0.443 0.451 0.475 0.416 0.378 0.444 0.435 0.452 0.49 0.51 0.469 0.493 0.49 0.47 0.45 0.415 0.444 0.509 0.524 0.512 0.481 0.433 0.45 0.459 0.447 0.436 0.452 0.517 0.554 0.552 0.567 0.557 0.561 0.592 0.578 0.529 0.488 0.518 0.551 0.511 0.525 0.568 0.564 0.526 0.587 0.593 0.597 0.572 0.596 0.572 0.572 0.535 0.556 0.516 0.573 0.582 0.593 0.63 0.654 0.637 0.681 0.668 0.661 0.654 0.63 0.543 0.537 0.592 -9999 -9999 -9999
0.4 0.42 0.411 0.418 0.408 0.339 0.484 0.542 0.47 0.438 -0.3 0.43 0.447 0.468 0.451 0.479 0.471 0.497 0.48 0.512 0.515 0.491 0.468 0.437 0.469 0.517 0.5 0.484 0.484 0.411 0.414 0.45 0.472 0.511 0.55 0.614 0.562 0.551 0.589 0.589 0.55 0.546 0.604 0.593 0.617 0.621 0.596 0.595 0.569 0.573 0.538 0.575 0.612 0.603 0.572 0.578 0.584 0.594 0.572 0.578 0.625 0.596 0.593 0.596 0.599 0.604 0.634 0.612 0.64 0.633 0.63 0.554 0.62 -9999 -9999 -9999 -9999
0.425 0.429 0.415 0.407 0.4 0.431 0.497 0.495 0.473 0.485 0.425 0.432 0.45 0.471 0.437 0.461 0.492 0.51 0.462 0.494 0.53 0.458 0.435 0.434 0.481 0.473 0.465 0.48 0.451 0.399 0.422 0.464 0.491 0.549 0.57 0.571 0.576 0.572 0.553 0.576 0.582 0.589 0.599 0.597 0.601 0.606 0.591 0.593 0.568 0.559 0.57 0.562 0.599 0.598 0.564 0.596 0.555 0.583 0.542 0.53 -9999 0.556 0.621 0.582 0.58 0.594 0.597 0.597 0.587 0.601 0.619 0.59 0.617 -9999 -9999 -9999 -9999
0.407 0.418 0.396 0.443 0.515 0.519 0.527 0.549 0.516 0.443 0.407 0.439 0.329 0.4 0.447 0.43 0.477 0.442 0.413 0.452 0.445 0.513 0.444 0.468 0.47 0.473 0.422 0.425 0.439 0.493 0.532 0.564 0.579 0.561 0.529 0.561 0.562 0.577 0.56 0.577 0.578 0.526 0.59 0.533 0.482 0.461 0.578 0.573 0.581 0.608 0.623 0.608 0.557 0.454 0.42 0.4 0.391 0.505 0.57 0.513 -9999 -9999 -9999 -9999 0.369 0.288 0.524 0.593 0.597 0.621 0.632 0.648 -9999 -9999 -9999 -9999 -9999
0.415 0.397 0.372 0.468 0.517 0.501 0.539 0.487 0.523 0.507 0.498 0.467 0.454 0.437 0.469 0.459 0.465 0.438 0.427 0.438 0.458 0.427 0.442 0.442 0.435 0.476 0.475 0.51 0.497 0.559 0.576 0.58 0.57 0.56 0.574 0.582 0.573 0.574 0.555 0.528 0.558 0.578 0.566 0.548 0.552 0.612 0.616 0.608 0.61 0.626 0.617 0.592 0.505 0.48 0.437 0.443 0.453 0.53 0.575 0.5 -9999 -9999 -9999 -9999 0.402 0.385 0.602 -9999 -9999 -9999 -9999 -9999 -9999 -9999 -9999 -9999 -9999
0.403 0.408 0.414 0.456 0.467 0.529 0.489 0.52 0.459 0.452 0.493 0.481 0.465 0.46 0.454 0.451 0.413 0.443 0.476 0.466 0.439 0.418 0.447 0.456 0.469 0.476 0.541 0.559 0.561 0.593 0.569 0.559 0.587 0.555 0.567 0.578 0.566 0.566 0.572 0.581 0.545 0.531 0.495 0.467 0.468 0.519 0.603 0.615 0.61 0.618 0.629 0.543 0.421 0.424 0.493 0.551 0.466 0.466 0.544 -9999 -9999 -9999 -9999 -9999 0.547 0.618 -9999 -9999 -9999 -9999 -9999 -9999 -9999 -9999 -9999 -9999 -9999
0.397 0.4 0.392 0.436 0.537 0.534 0.531 0.479 0.549 0.511 0.484 0.501 0.438 0.439 0.451 0.453 0.444 0.477 0.45 0.431 0.427 0.422 0.422 0.475 0.443 0.462 0.513 0.536 0.565 0.572 0.517 0.567 0.496 0.553 0.55 0.578 0.556 0.567 0.579 0.594 0.588 0.531 0.484 0.494 0.421 0.44 0.591 0.6 0.611 0.612 0.582 0.491 0.486 0.55 0.597 0.608 0.542 0.548 0.605 -9999 -9999 -9999 -9999 -9999 -9999 -9999 -9999 0.53 -9999 -9999 -9999 -9999 -9999 -9999 -9999 -9999 -9999
0.418 0.347 0.355 0.441 0.551 0.519 0.496 0.532 0.51 0.538 0.537 0.565 0.486 0.467 0.474 0.428 0.453 0.418 0.371 0.452 0.449 0.445 0.446 0.453 0.442 0.495 0.531 0.574 0.581 0.568 0.584 0.52 0.502 0.546 0.518 0.557 0.566 0.581 0.544 0.564 0.578 0.565 0.565 0.532 0.446 0.402 0.58 0.601 0.612 0.616 0.596 0.502 0.519 0.583 0.591 0.595 0.607 0.6 0.585 -9999 -9999 -9999 -9999 -9999 -9999 -9999 -9999 -9999 -9999 -9999 -9999 -9999 -9999 -9999 -9999 -9999 -9999
0.452 0.481 0.507 0.515 0.548 0.594 0.498 0.468 0.505 0.499 0.487 0.586 0.563 0.553 0.491 0.446 0.426 0.442 0.47 0.443 0.426 0.507 0.412 0.442 0.515 0.528 0.594 0.576 0.53 0.437 0.536 0.509 0.55 0.533 0.496 0.517 0.523 0.556 0.574 0.565 0.583 0.609 0.593 0.571 0.605 0.605 0.652 0.625 0.648 0.639 0.667 0.546 0.587 0.594 -9999 -9999 0.544 -9999 -9999 -9999 -9999 -9999 -9999 -9999 -9999 -9999 -9999 -9999 -9999 -9999 -9999 -9999 -9999 -9999 -9999 -9999 -9999
0.368 0.516 0.48 0.515 0.53 0.534 0.52 0.537 0.547 0.585 0.583 0.543 0.567 0.477 0.46 0.438 0.479 0.522 0.448 0.465 0.531 0.454 0.433 0.511 0.535 0.567 0.601 0.592 0.58 0.598 0.589 0.51 0.536 0.528 0.488 0.521 0.533 0.558 0.567 0.563 0.577 0.62 0.603 0.582 0.61 0.635 0.631 0.642 0.642 0.606 0.648 0.598 0.586 0.498 -9999 -9999 -9999 -9999 -9999 -9999 -9999 -9999 -9999 -9999 -9999 -9999 -9999 -9999 -9999 -9999 -9999 -9999 -9999 -9999 -9999 -9999 -9999
0.419 0.455 0.507 0.541 0.551 0.561 0.58 0.578 0.573 0.591 0.58 0.537 0.511 0.506 0.472 0.48 0.54 0.467 0.526 0.563 0.488 0.454 0.49 0.508 0.568 0.581 0.556 0.576 0.573 0.594 0.572 0.631 0.618 0.583 0.518 0.516 0.529 0.56 0.605 0.6 0.635 0.665 0.683 0.634 0.598 0.631 0.628 0.618 0.589 0.581 0.556 0.59 0.571 -9999 -9999 -9999 -9999 -9999 -9999 -9999 -9999 -9999 -9999 -9999 -9999 -9999 -9999 -9999 -9999 -9999 -9999 -9999 -9999 -9999 -9999 -9999 -9999
0.428 0.512 0.491 0.575 0.519 0.594 0.614 0.592 0.604 0.605 0.54 0.549 0.551 0.539 0.498 0.553 0.514 0.555 0.545 0.469 0.448 0.598 0.586 0.582 0.609 0.588 0.542 0.503 0.539 0.575 0.591 0.577 0.603 0.578 0.551 0.526 0.534 0.563 0.553 0.601 0.663 0.67 0.664 0.616 0.527 0.499 0.627 0.637 0.568 0.589 0.597 0.508 -9999 -9999 -9999 -9999 -9999 -9999 -9999 -9999 -9999 -9999 -9999 -9999 -9999 -9999 -9999 -9999 -9999 -9999 -9999 -9999 -9999 -9999 -9999 -9999 -9999
0.503 0.543 0.538 0.517 0.526 0.572 0.585 0.555 0.562 0.549 0.531 0.554 0.563 0.543 0.563 0.584 0.538 0.572 0.478 0.469 0.581 0.567 0.57 0.569 0.599 0.579 0.518 0.485 0.542 0.555 0.545 0.522 0.49 0.529 0.561 0.551 0.552 0.519 0.579 0.601 0.622 0.429 -9999 -9999 -9999 -9999 0.592 -9999 -9999 -9999 -9999 -9999 -9999 -9999 -9999 -9999 -9999 -9999 -9999 -9999 -9999 -9999 -9999 -9999 -9999 -9999 -9999 -9999 -9999 -9999 -9999 -9999 -9999 -9999 -9999 -9999 -9999
0.339 0.349 0.45 0.499 0.531 0.466 0.591 0.586 0.528 0.557 0.593 0.593 0.628 0.598 0.515 0.607 0.514 0.541 0.544 0.59 0.588 0.586 0.614 0.551 0.483 0.449 0.506 0.563 0.559 0.591 0.568 0.53 0.56 0.55 0.566 0.562 0.558 0.593 0.549 0.644 0.655 0.441 0.443 -9999 -9999 -9999 -9999 -9999 -9999 -9999 -9999 -9999 -9999 -9999 -9999 -9999 -9999 -9999 -9999 -9999 -9999 -9999 -9999 -9999 -9999 -9999 -9999 -9999 -9999 -9999 -9999 -9999 -9999 -9999 -9999 -9999 -9999
0.354 0.426 0.485 0.549 0.545 0.56 0.55 0.528 0.589 0.588 0.613 0.55 0.56 0.551 0.482 0.507 0.523 0.539 0.563 0.553 0.546 0.495 0.533 0.501 0.534 0.555 0.548 0.573 0.572 0.58 -9999 0.522 0.52 0.498 0.558 0.589 0.572 0.547 0.566 0.589 0.59 0.595 0.552 -9999 -9999 -9999 -9999 -9999 -9999 -9999 -9999 -9999 -9999 -9999 -9999 -9999 -9999 -9999 -9999 -9999 -9999 -9999 -9999 -9999 -9999 -9999 -9999 -9999 -9999 -9999 -9999 -9999 -9999 -9999 -9999 -9999 -9999
0.469 0.493 0.546 0.503 0.566 0.607 0.562 0.545 0.527 0.494 0.481 0.494 0.541 0.556 0.473 0.494 0.521 0.536 0.52 0.508 0.52 0.566 0.567 0.519 0.53 0.466 0.591 0.576 0.527 -9999 -9999 -9999 0.532 0.524 0.545 0.546 0.524 0.581 0.632 0.589 0.618 0.669 0.554 -9999 -9999 -9999 -9999 -9999 -9999 -9999 -9999 -9999 -9999 -9999 -9999 -9999 -9999 -9999 -9999 -9999 -9999 -9999 -9999 -9999 -9999 -9999 -9999 -9999 -9999 -9999 -9999 -9999 -9999 -9999 -9999 -9999 -9999
0.513 0.522 0.517 0.542 0.589 0.611 0.596 0.587 0.596 0.532 0.602 0.618 0.602 0.572 0.551 0.583 0.595 0.612 0.556 0.549 0.536 0.585 0.58 0.522 0.525 0.536 0.556 -9999 -9999 -9999 -9999 -9999 -9999 0.548 0.437 0.524 0.553 0.634 0.646 0.639 0.651 0.574 0.535 0.528 0.489 -9999 -9999 -9999 -9999 -9999 -9999 -9999 -9999 -9999 -9999 -9999 -9999 -9999 -9999 -9999 -9999 -9999 -9999 -9999 -9999 -9999 -9999 -9999 -9999 -9999 -9999 -9999 -9999 -9999 -9999 -9999 -9999
0.537 0.569 0.574 0.581 0.582 0.558 0.572 0.606 0.592 0.597 0.56 0.579 0.535 0.583 0.544 0.519 0.537 0.539 0.57 0.496 0.503 0.593 0.608 0.588 0.541 0.606 0.564 -9999 -9999 -9999 -9999 -9999 -9999 -9999 0.476 0.481 0.524 0.517 0.562 0.598 0.582 0.48 0.506 0.528 -9999 -9999 -9999 -9999 -9999 -9999 -9999 -9999 -9999 -9999 -9999 -9999 -9999 -9999 -9999 -9999 -9999 -9999 -9999 -9999 -9999 -9999 -9999 -9999 -9999 -9999 -9999 -9999 -9999 -9999 -9999 -9999 -9999
0.521 0.5 0.58 0.584 0.527 0.513 0.586 0.549 0.564 0.532 0.56 0.561 0.489 0.545 0.596 0.567 0.5 0.468 0.494 0.545 0.585 0.599 0.629 0.601 0.618 0.622 0.455 -9999 -9999 -9999 -9999 -9999 -9999 -9999 -9999 -9999 -9999 -9999 -9999 -9999 -9999 -9999 0.422 -9999 -9999 -9999 -9999 -9999 -9999 -9999 -9999 -9999 -9999 -9999 -9999 -9999 -9999 -9999 -9999 -9999 -9999 -9999 -9999 -9999 -9999 -9999 -9999 -9999 -9999 -9999 -9999 -9999 -9999 -9999 -9999 -9999 -9999
0.482 0.536 0.446 0.527 0.532 0.494 0.553 0.591 0.541 0.587 0.571 0.588 0.601 0.585 0.531 0.477 0.548 0.553 0.555 0.534 0.535 0.606 0.631 0.624 0.613 -9999 -9999 -9999 -9999 -9999 -9999 -9999 -9999 -9999 -9999 -9999 -9999 -9999 -9999 -9999 -9999 -9999 -9999 -9999 -9999 -9999 -9999 -9999 -9999 -9999 -9999 -9999 -9999 -9999 -9999 -9999 -9999 -9999 -9999 -9999 -9999 -9999 -9999 -9999 -9999 -9999 -9999 -9999 -9999 -9999 -9999 -9999 -9999 -9999 -9999 -9999 -9999
0.565 0.581 0.546 0.577 0.565 0.538 0.543 0.577 0.614 0.59 0.563 0.616 0.575 0.561 0.551 0.522 0.577 0.602 0.594 0.6 0.572 0.61 0.617 0.592 0.496 -9999 -9999 -9999 -9999 -9999 -9999 -9999 -9999 -9999 -9999 -9999 -9999 -9999 -9999 -9999 -9999 -9999 -9999 -9999 -9999 -9999 -9999 -9999 -9999 -9999 -9999 -9999 -9999 -9999 -9999 -9999 -9999 -9999 -9999 -9999 -9999 -9999 -9999 -9999 -9999 -9999 -9999 -9999 -9999 -9999 -9999 -9999 -9999 -9999 -9999 -9999 -9999
0.601 0.584 0.578 0.609 0.61 0.58 0.584 0.627 0.619 0.624 0.634 0.607 0.596 0.627 0.57 0.619 0.592 0.618 0.609 0.617 0.612 0.61 0.576 -9999 -9999 -9999 -9999 -9999 -9999 -9999 -9999 -9999 -9999 -9999 -9999 -9999 -9999 -9999 -9999 -9999 -9999 -9999 -9999 -9999 -9999 -9999 -9999 -9999 -9999 -9999 -9999 -9999 -9999 -9999 -9999 -9999 -9999 -9999 -9999 -9999 -9999 -9999 -9999 -9999 -9999 -9999 -9999 -9999 -9999 -9999 -9999 -9999 -9999 -9999 -9999 -9999 -9999
0.575 0.577 0.567 0.601 0.599 0.597 0.582 0.612 0.578 0.576 0.611 0.59 0.627 0.599 0.601 0.599 0.572 0.586 0.588 0.579 0.596 0.596 -9999 -9999 -9999 -9999 -9999 -9999 -9999 -9999 -9999 -9999 -9999 -9999 -9999 -9999 -9999 -9999 -9999 -9999 -9999 -9999 -9999 -9999 -9999 -9999 -9999 -9999 -9999 -9999 -9999 -9999 -9999 -9999 -9999 -9999 -9999 -9999 -9999 -9999 -9999 -9999 -9999 -9999 -9999 -9999 -9999 -9999 -9999 -9999 -9999 -9999 -9999 -9999 -9999 -9999 -9999
0.558 0.539 0.556 0.573 0.606 0.568 0.501 0.541 0.588 0.612 0.576 0.603 0.522 0.514 0.564 0.609 0.581 0.567 0.547 0.497 -9999 0.471 -9999 -9999 -9999 -9999 -9999 -9999 -9999 -9999 -9999 -9999 -9999 -9999 -9999 -9999 -9999 -9999 -9999 -9999 -9999 -9999 -9999 -9999 -9999 -9999 -9999 -9999 -9999 -9999 -9999 -9999 -9999 -9999 -9999 -9999 -9999 -9999 -9999 -9999 -9999 -9999 -9999 -9999 -9999 -9999 -9999 -9999 -9999 -9999 -9999 -9999 -9999 -9999 -9999 -9999 -9999
0.555 0.536 0.56 0.544 0.57 0.583 0.573 0.583 0.565 0.585 0.606 0.564 0.579 0.585 0.601 0.596 0.589 0.565 -9999 -9999 -9999 -9999 -9999 -9999 -9999 -9999 -9999 -9999 -9999 -9999 -9999 -9999 -9999 -9999 -9999 -9999 -9999 -9999 -9999 -9999 -9999 -9999 -9999 -9999 -9999 -9999 -9999 -9999 -9999 -9999 -9999 -9999 -9999 -9999 -9999 -9999 -9999 -9999 -9999 -9999 -9999 -9999 -9999 -9999 -9999 -9999 -9999 -9999 -9999 -9999 -9999 -9999 -9999 -9999 -9999 -9999 -9999
0.565 0.542 0.525 0.548 0.551 0.505 0.547 0.509 0.515 0.47 0.588 0.568 0.578 0.574 0.579 0.59 -9999 -9999 -9999 -9999 -9999 -9999 -9999 -9999 -9999 -9999 -9999 -9999 -9999 -9999 -9999 -9999 -9999 -9999 -9999 -9999 -9999 -9999 -9999 -9999 -9999 -9999 -9999 -9999 -9999 -9999 -9999 -9999 -9999 -9999 -9999 -9999 -9999 -9999 -9999 -9999 -9999 -9999 -9999 -9999 -9999 -9999 -9999 -9999 -9999 -9999 -9999 -9999 -9999 -9999 -9999 -9999 -9999 -9999 -9999 -9999 -9999
0.534 0.524 0.577 0.525 0.504 0.579 0.517 0.537 0.539 0.563 0.573 0.568 0.567 -9999 -9999 -9999 -9999 -9999 -9999 -9999 -9999 -9999 -9999 -9999 -9999 -9999 -9999 -9999 -9999 -9999 -9999 -9999 -9999 -9999 -9999 -9999 -9999 -9999 -9999 -9999 -9999 -9999 -9999 -9999 -9999 -9999 -9999 -9999 -9999 -9999 -9999 -9999 -9999 -9999 -9999 -9999 -9999 -9999 -9999 -9999 -9999 -9999 -9999 -9999 -9999 -9999 -9999 -9999 -9999 -9999 -9999 -9999 -9999 -9999 -9999 -9999 -9999
0.585 0.52 0.52 0.452 0.502 0.576 0.583 0.543 0.569 0.579 0.543 -9999 -9999 -9999 -9999 -9999 -9999 -9999 -9999 -9999 -9999 -9999 -9999 -9999 -9999 -9999 -9999 -9999 -9999 -9999 -9999 -9999 -9999 -9999 -9999 -9999 -9999 -9999 -9999 -9999 -9999 -9999 -9999 -9999 -9999 -9999 -9999 -9999 -9999 -9999 -9999 -9999 -9999 -9999 -9999 -9999 -9999 -9999 -9999 -9999 -9999 -9999 -9999 -9999 -9999 -9999 -9999 -9999 -9999 -9999 -9999 -9999 -9999 -9999 -9999 -9999 -9999
0.492 0.483 0.538 0.529 0.511 0.493 0.579 0.629 0.559 0.532 -9999 -9999 -9999 -9999 -9999 -9999 -9999 -9999 -9999 -9999 -9999 -9999 -9999 -9999 -9999 -9999 -9999 -9999 -9999 -9999 -9999 -9999 -9999 -9999 -9999 -9999 -9999 -9999 -9999 -9999 -9999 -9999 -9999 -9999 -9999 -9999 -9999 -9999 -9999 -9999 -9999 -9999 -9999 -9999 -9999 -9999 -9999 -9999 -9999 -9999 -9999 -9999 -9999 -9999 -9999 -9999 -9999 -9999 -9999 -9999 -9999 -9999 -9999 -9999 -9999 -9999 -9999
0.499 0.562 0.535 0.508 0.548 0.543 0.551 0.492 -9999 -9999 -9999 -9999 -9999 -9999 -9999 -9999 -9999 -9999 -9999 -9999 -9999 -9999 -9999 -9999 -9999 -9999 -9999 -9999 -9999 -9999 -9999 -9999 -9999 -9999 -9999 -9999 -9999 -9999 -9999 -9999 -9999 -9999 -9999 -9999 -9999 -9999 -9999 -9999 -9999 -9999 -9999 -9999 -9999 -9999 -9999 -9999 -9999 -9999 -9999 -9999 -9999 -9999 -9999 -9999 -9999 -9999 -9999 -9999 -9999 -9999 -9999 -9999 -9999 -9999 -9999 -9999 -9999
0.542 0.553 0.596 0.569 0.511 0.503 -9999 -9999 -9999 -9999 -9999 -9999 -9999 -9999 -9999 -9999 -9999 -9999 -9999 -9999 -9999 -9999 -9999 -9999 -9999 -9999 -9999 -9999 -9999 -9999 -9999 -9999 -9999 -9999 -9999 -9999 -9999 -9999 -9999 -9999 -9999 -9999 -9999 -9999 -9999 -9999 -9999 -9999 -9999 -9999 -9999 -9999 -9999 -9999 -9999 -9999 -9999 -9999 -9999 -9999 -9999 -9999 -9999 -9999 -9999 -9999 -9999 -9999 -9999 -9999 -9999 -9999 -9999 -9999 -9999 -9999 -9999
0.478 0.528 0.56 0.53 0.48 -9999 -9999 -9999 -9999 -9999 -9999 -9999 -9999 -9999 -9999 -9999 -9999 -9999 -9999 -9999 -9999 -9999 -9999 -9999 -9999 -9999 -9999 -9999 -9999 -9999 -9999 -9999 -9999 -9999 -9999 -9999 -9999 -9999 -9999 -9999 -9999 -9999 -9999 -9999 -9999 -9999 -9999 -9999 -9999 -9999 -9999 -9999 -9999 -9999 -9999 -9999 -9999 -9999 -9999 -9999 -9999 -9999 -9999 -9999 -9999 -9999 -9999 -9999 -9999 -9999 -9999 -9999 -9999 -9999 -9999 -9999 -9999
0.476 0.501 0.497 0.489 0.391 -9999 -9999 -9999 -9999 -9999 -9999 -9999 -9999 -9999 -9999 -9999 -9999 -9999 -9999 -9999 -9999 -9999 -9999 -9999 -9999 -9999 -9999 -9999 -9999 -9999 -9999 -9999 -9999 -9999 -9999 -9999 -9999 -9999 -9999 -9999 -9999 -9999 -9999 -9999 -9999 -9999 -9999 -9999 -9999 -9999 -9999 -9999 -9999 -9999 -9999 -9999 -9999 -9999 -9999 -9999 -9999 -9999 -9999 -9999 -9999 -9999 -9999 -9999 -9999 -9999 -9999 -9999 -9999 -9999 -9999 -9999 -9999
