data/china_ndvi_max_2001.asc
ncols         710
nrows         510
xllcorner     70
yllcorner     10
cellsize      0.1
NODATA_value  -9999
[rows 175 to 209 of 510, columns 539 to 615 of 710]
0.395 0.395 0.417 0.438 0.421 0.422 0.428 0.425 0.441 0.431 0.447 0.409 0.381 0.377 0.403 0.404 0.446 0.408 0.454 0.47 0.461 0.473 0.534 0.551 0.605 0.573 0.534 0.598 0.61 0.521 0.489 0.509 0.454 0.535 0.527 0.623 0.623 0.666 0.637 0.641 0.643 0.459 0.424 0.38 0.413 0.416 0.531 0.589 0.556 0.601 0.634 0.647 0.676 0.669 0.678 0.568 0.55 0.613 0.569 0.593 0.619 0.594 0.654 0.66 0.686 0.677 0.568 0.614 0.623 0.629 0.627 0.627 0.626 0.608 0.633 -9999 -9999
0.372 0.427 0.43 0.419 0.401 0.425 0.409 0.412 0.412 0.415 0.371 0.395 0.41 0.405 0.399 0.42 0.486 0.427 0.441 0.447 0.473 0.44 0.564 0.516 0.569 0.534 0.554 0.489 0.501 0.545 0.498 0.534 0.45 0.456 0.496 0.506 0.617 0.592 0.641 0.632 0.637 0.514 0.449 0.438 0.486 0.467 0.486 0.532 0.555 0.601 0.623 0.626 0.642 0.642 0.606 0.608 0.547 0.517 0.548 0.518 0.596 0.613 0.645 0.621 0.647 0.662 0.607 0.642 0.615 0.619 0.618 0.599 0.576 0.567 -9999 -9999 -9999
0.398 0.418 0.43 0.423 0.396 0.333 0.434 0.452 0.437 0.374 0.339 0.437 0.417 0.446 0.473 0.49 0.489 0.495 0.496 0.477 0.448 0.428 0.469 0.533 0.556 0.54 0.492 0.467 0.467 0.472 0.478 0.46 0.477 0.534 0.574 0.574 0.611 0.617 0.631 0.645 0.619 0.563 0.536 0.585 0.597 0.57 0.56 0.628 0.579 0.547 0.613 0.615 0.63 0.6 0.613 0.601 0.605 0.58 0.596 0.54 0.602 0.621 0.621 0.617 0.643 0.65 0.667 0.662 0.659 0.657 0.631 0.547 0.531 0.594 -9999 -9999 -9999
0.371 0.426 0.427 0.44 0.42 0.347 0.477 0.524 0.457 0.403 -0.3 0.422 0.432 0.454 0.434 0.47 0.464 0.468 0.479 0.498 0.538 0.507 0.503 0.463 0.517 0.525 0.492 0.471 0.506 0.436 0.442 0.47 0.497 0.54 0.58 0.646 0.623 0.598 0.62 0.623 0.621 0.612 0.609 0.648 0.663 0.657 0.628 0.631 0.579 0.617 0.553 0.601 0.63 0.617 0.616 0.612 0.598 0.624 0.585 0.584 0.638 0.619 0.63 0.63 0.645 0.612 0.639 0.604 0.622 0.639 0.617 0.577 0.625 -9999 -9999 -9999 -9999
0.407 0.416 0.426 0.429 0.429 0.423 0.506 0.484 0.456 0.443 0.403 0.419 0.419 0.452 0.441 0.457 0.498 0.499 0.475 0.494 0.539 0.491 0.469 0.459 0.485 0.464 0.503 0.49 0.472 0.449 0.441 0.512 0.525 0.588 0.613 0.632 0.633 0.626 0.614 0.592 0.617 0.604 0.647 0.619 0.614 0.634 0.616 0.611 0.599 0.587 0.606 0.593 0.616 0.613 0.581 0.595 0.571 0.602 0.554 0.557 -9999 0.589 0.6 0.597 0.604 0.617 0.612 0.608 0.593 0.612 0.63 0.62 0.613 -9999 -9999 -9999 -9999
0.412 0.404 0.416 0.409 0.484 0.51 0.512 0.505 0.507 0.457 0.414 0.428 0.335 0.376 0.444 0.406 0.448 0.437 0.417 0.468 0.45 0.485 0.457 0.474 0.478 0.481 0.455 0.436 0.481 0.527 0.563 0.61 0.61 0.567 0.568 0.607 0.638 0.637 0.654 0.636 0.618 0.558 0.617 0.568 0.508 0.503 0.638 0.64 0.648 0.645 0.638 0.618 0.598 0.478 0.453 0.441 0.426 0.528 0.588 0.503 -9999 -9999 -9999 -9999 0.405 0.322 0.53 0.602 0.575 0.613 0.594 0.615 -9999 -9999 -9999 -9999 -9999
0.413 0.407 0.384 0.472 0.508 0.481 0.525 0.449 0.502 0.494 0.475 0.456 0.442 0.42 0.449 0.435 0.43 0.425 0.431 0.451 0.455 0.461 0.472 0.467 0.48 0.491 0.489 0.531 0.536 0.581 0.595 0.601 0.596 0.576 0.588 0.624 0.648 0.642 0.617 0.585 0.582 0.586 0.594 0.576 0.594 0.648 0.679 0.67 0.688 0.66 0.663 0.61 0.525 0.51 0.493 0.46 0.483 0.52 0.591 0.492 -9999 -9999 -9999 -9999 0.402 0.393 0.58 -9999 -9999 -9999 -9999 -9999 -9999 -9999 -9999 -9999 -9999
0.408 0.406 0.426 0.486 0.46 0.516 0.48 0.503 0.454 0.438 0.483 0.467 0.459 0.453 0.442 0.426 0.41 0.449 0.434 0.469 0.419 0.441 0.433 0.462 0.512 0.502 0.546 0.59 0.591 0.614 0.587 0.578 0.608 0.588 0.592 0.625 0.612 0.625 0.648 0.651 0.589 0.562 0.535 0.514 0.516 0.552 0.658 0.703 0.68 0.686 0.66 0.586 0.475 0.46 0.519 0.594 0.506 0.474 0.544 -9999 -9999 -9999 -9999 -9999 0.531 0.61 -9999 -9999 -9999 -9999 -9999 -9999 -9999 -9999 -9999 -9999 -9999
0.424 0.423 0.425 0.461 0.549 0.534 0.52 0.486 0.541 0.502 0.493 0.507 0.428 0.413 0.408 0.441 0.442 0.458 0.445 0.406 0.411 0.419 0.448 0.463 0.466 0.48 0.549 0.581 0.61 0.6 0.565 0.586 0.517 0.559 0.564 0.614 0.609 0.63 0.668 0.632 0.645 0.549 0.527 0.545 0.448 0.456 0.663 0.652 0.677 0.695 0.615 0.53 0.532 0.614 0.64 0.638 0.565 0.578 0.644 -9999 -9999 -9999 -9999 -9999 -9999 -9999 -9999 0.541 -9999 -9999 -9999 -9999 -9999 -9999 -9999 -9999 -9999
0.43 0.376 0.412 0.43 0.548 0.508 0.483 0.529 0.52 0.54 0.529 0.575 0.483 0.457 0.446 0.436 0.441 0.422 0.384 0.442 0.448 0.456 0.451 0.477 0.472 0.538 0.534 0.595 0.602 0.585 0.631 0.528 0.53 0.575 0.533 0.567 0.609 0.621 0.568 0.619 0.633 0.608 0.581 0.558 0.488 0.451 0.651 0.635 0.674 0.638 0.633 0.545 0.572 0.647 0.639 0.638 0.647 0.618 0.588 -9999 -9999 -9999 -9999 -9999 -9999 -9999 -9999 -9999 -9999 -9999 -9999 -9999 -9999 -9999 -9999 -9999 -9999
0.445 0.475 0.494 0.515 0.553 0.59 0.512 0.467 0.509 0.52 0.487 0.583 0.526 0.56 0.498 0.459 0.447 0.462 0.473 0.484 0.468 0.524 0.468 0.492 0.554 0.543 0.611 0.588 0.539 0.464 0.546 0.518 0.587 0.576 0.498 0.541 0.539 0.612 0.617 0.612 0.639 0.66 0.642 0.599 0.622 0.629 0.68 0.666 0.666 0.656 0.688 0.573 0.672 0.663 -9999 -9999 0.55 -9999 -9999 -9999 -9999 -9999 -9999 -9999 -9999 -9999 -9999 -9999 -9999 -9999 -9999 -9999 -9999 -9999 -9999 -9999 -9999
0.347 0.499 0.485 0.525 0.527 0.524 0.524 0.528 0.552 0.581 0.585 0.554 0.57 0.491 0.494 0.46 0.509 0.569 0.484 0.489 0.522 0.455 0.483 0.521 0.551 0.565 0.625 0.619 0.613 0.622 0.605 0.533 0.547 0.506 0.51 0.539 0.557 0.589 0.597 0.604 0.605 0.658 0.638 0.608 0.624 0.649 0.639 0.648 0.651 0.633 0.66 0.648 0.625 0.563 -9999 -9999 -9999 -9999 -9999 -9999 -9999 -9999 -9999 -9999 -9999 -9999 -9999 -9999 -9999 -9999 -9999 -9999 -9999 -9999 -9999 -9999 -9999
0.461 0.464 0.5 0.536 0.567 0.562 0.592 0.591 0.577 0.614 0.6 0.537 0.515 0.501 0.478 0.509 0.574 0.496 0.538 0.594 0.527 0.462 0.515 0.531 0.555 0.603 0.59 0.618 0.61 0.649 0.601 0.643 0.635 0.586 0.53 0.533 0.548 0.604 0.646 0.643 0.646 0.701 0.698 0.653 0.582 0.628 0.662 0.644 0.618 0.605 0.581 0.611 0.606 -9999 -9999 -9999 -9999 -9999 -9999 -9999 -9999 -9999 -9999 -9999 -9999 -9999 -9999 -9999 -9999 -9999 -9999 -9999 -9999 -9999 -9999 -9999 -9999
0.446 0.521 0.479 0.553 0.513 0.586 0.594 0.589 0.602 0.584 0.541 0.559 0.556 0.552 0.506 0.552 0.527 0.558 0.554 0.505 0.466 0.62 0.587 0.581 0.605 0.608 0.555 0.499 0.561 0.607 0.63 0.608 0.607 0.58 0.571 0.541 0.566 0.592 0.6 0.619 0.657 0.685 0.667 0.645 0.579 0.527 0.625 0.683 0.595 0.616 0.609 0.546 -9999 -9999 -9999 -9999 -9999 -9999 -9999 -9999 -9999 -9999 -9999 -9999 -9999 -9999 -9999 -9999 -9999 -9999 -9999 -9999 -9999 -9999 -9999 -9999 -9999
0.524 0.547 0.518 0.523 0.539 0.573 0.577 0.569 0.526 0.556 0.525 0.584 0.593 0.557 0.581 0.592 0.552 0.568 0.481 0.502 0.607 0.583 0.578 0.585 0.618 0.617 0.484 0.503 0.565 0.597 0.582 0.528 0.507 0.55 0.589 0.576 0.597 0.6 0.602 0.623 0.657 0.457 -9999 -9999 -9999 -9999 0.613 -9999 -9999 -9999 -9999 -9999 -9999 -9999 -9999 -9999 -9999 -9999 -9999 -9999 -9999 -9999 -9999 -9999 -9999 -9999 -9999 -9999 -9999 -9999 -9999 -9999 -9999 -9999 -9999 -9999 -9999
0.333 0.369 0.426 0.484 0.518 0.441 0.582 0.597 0.541 0.554 0.584 0.597 0.636 0.623 0.53 0.616 0.529 0.559 0.543 0.587 0.538 0.586 0.578 0.56 0.495 0.46 0.517 0.573 0.582 0.573 0.518 0.557 0.58 0.548 0.586 0.637 0.606 0.609 0.604 0.664 0.67 0.48 0.51 -9999 -9999 -9999 -9999 -9999 -9999 -9999 -9999 -9999 -9999 -9999 -9999 -9999 -9999 -9999 -9999 -9999 -9999 -9999 -9999 -9999 -9999 -9999 -9999 -9999 -9999 -9999 -9999 -9999 -9999 -9999 -9999 -9999 -9999
0.359 0.421 0.445 0.536 0.543 0.559 0.539 0.536 0.599 0.586 0.58 0.56 0.579 0.566 0.506 0.536 0.546 0.549 0.553 0.565 0.567 0.509 0.51 0.496 0.559 0.556 0.572 0.579 0.562 0.579 -9999 0.538 0.545 0.542 0.579 0.605 0.63 0.588 0.583 0.621 0.598 0.65 0.611 -9999 -9999 -9999 -9999 -9999 -9999 -9999 -9999 -9999 -9999 -9999 -9999 -9999 -9999 -9999 -9999 -9999 -9999 -9999 -9999 -9999 -9999 -9999 -9999 -9999 -9999 -9999 -9999 -9999 -9999 -9999 -9999 -9999 -9999
0.461 0.487 0.548 0.521 0.572 0.617 0.58 0.547 0.514 0.499 0.501 0.508 0.555 0.552 0.471 0.517 0.547 0.549 0.533 0.528 0.545 0.579 0.584 0.507 0.55 0.485 0.576 0.549 0.497 -9999 -9999 -9999 0.53 0.563 0.538 0.565 0.571 0.574 0.652 0.606 0.621 0.685 0.62 -9999 -9999 -9999 -9999 -9999 -9999 -9999 -9999 -9999 -9999 -9999 -9999 -9999 -9999 -9999 -9999 -9999 -9999 -9999 -9999 -9999 -9999 -9999 -9999 -9999 -9999 -9999 -9999 -9999 -9999 -9999 -9999 -9999 -9999
0.532 0.52 0.538 0.559 0.602 0.62 0.602 0.6 0.602 0.534 0.602 0.631 0.626 0.572 0.563 0.569 0.602 0.577 0.547 0.554 0.522 0.578 0.586 0.534 0.535 0.547 0.56 -9999 -9999 -9999 -9999 -9999 -9999 0.552 0.467 0.537 0.565 0.617 0.654 0.653 0.669 0.639 0.607 0.598 0.519 -9999 -9999 -9999 -9999 -9999 -9999 -9999 -9999 -9999 -9999 -9999 -9999 -9999 -9999 -9999 -9999 -9999 -9999 -9999 -9999 -9999 -9999 -9999 -9999 -9999 -9999 -9999 -9999 -9999 -9999 -9999 -9999
0.545 0.595 0.582 0.608 0.588 0.561 0.578 0.605 0.601 0.602 0.595 0.583 0.527 0.577 0.541 0.502 0.547 0.518 0.553 0.484 0.486 0.599 0.605 0.585 0.548 0.618 0.563 -9999 -9999 -9999 -9999 -9999 -9999 -9999 0.477 0.506 0.514 0.54 0.587 0.618 0.614 0.534 0.536 0.566 -9999 -9999 -9999 -9999 -9999 -9999 -9999 -9999 -9999 -9999 -9999 -9999 -9999 -9999 -9999 -9999 -9999 -9999 -9999 -9999 -9999 -9999 -9999 -9999 -9999 -9999 -9999 -9999 -9999 -9999 -9999 -9999 -9999
0.551 0.523 0.597 0.58 0.504 0.515 0.575 0.542 0.587 0.519 0.572 0.558 0.498 0.556 0.575 0.553 0.508 0.475 0.472 0.565 0.617 0.625 0.616 0.633 0.615 0.607 0.44 -9999 -9999 -9999 -9999 -9999 -9999 -9999 -9999 -9999 -9999 -9999 -9999 -9999 -9999 -9999 0.443 -9999 -9999 -9999 -9999 -9999 -9999 -9999 -9999 -9999 -9999 -9999 -9999 -9999 -9999 -9999 -9999 -9999 -9999 -9999 -9999 -9999 -9999 -9999 -9999 -9999 -9999 -9999 -9999 -9999 -9999 -9999 -9999 -9999 -9999
0.497 0.539 0.448 0.556 0.527 0.512 0.532 0.559 0.544 0.582 0.578 0.566 0.604 0.569 0.53 0.465 0.558 0.551 0.585 0.551 0.569 0.61 0.616 0.611 0.589 -9999 -9999 -9999 -9999 -9999 -9999 -9999 -9999 -9999 -9999 -9999 -9999 -9999 -9999 -9999 -9999 -9999 -9999 -9999 -9999 -9999 -9999 -9999 -9999 -9999 -9999 -9999 -9999 -9999 -9999 -9999 -9999 -9999 -9999 -9999 -9999 -9999 -9999 -9999 -9999 -9999 -9999 -9999 -9999 -9999 -9999 -9999 -9999 -9999 -9999 -9999 -9999
0.582 0.58 0.53 0.587 0.57 0.524 0.545 0.568 0.589 0.583 0.572 0.593 0.566 0.555 0.549 0.508 0.56 0.629 0.635 0.634 0.588 0.628 0.608 0.615 0.495 -9999 -9999 -9999 -9999 -9999 -9999 -9999 -9999 -9999 -9999 -9999 -9999 -9999 -9999 -9999 -9999 -9999 -9999 -9999 -9999 -9999 -9999 -9999 -9999 -9999 -9999 -9999 -9999 -9999 -9999 -9999 -9999 -9999 -9999 -9999 -9999 -9999 -9999 -9999 -9999 -9999 -9999 -9999 -9999 -9999 -9999 -9999 -9999 -9999 -9999 -9999 -9999
0.596 0.565 0.585 0.602 0.594 0.581 0.558 0.59 0.613 0.597 0.613 0.591 0.601 0.615 0.544 0.568 0.599 0.623 0.617 0.619 0.613 0.616 0.583 -9999 -9999 -9999 -9999 -9999 -9999 -9999 -9999 -9999 -9999 -9999 -9999 -9999 -9999 -9999 -9999 -9999 -9999 -9999 -9999 -9999 -9999 -9999 -9999 -9999 -9999 -9999 -9999 -9999 -9999 -9999 -9999 -9999 -9999 -9999 -9999 -9999 -9999 -9999 -9999 -9999 -9999 -9999 -9999 -9999 -9999 -9999 -9999 -9999 -9999 -9999 -9999 -9999 -9999
0.588 0.564 0.559 0.578 0.603 0.595 0.573 0.611 0.576 0.57 0.61 0.584 0.59 0.568 0.577 0.566 0.549 0.575 0.583 0.582 0.574 0.597 -9999 -9999 -9999 -9999 -9999 -9999 -9999 -9999 -9999 -9999 -9999 -9999 -9999 -9999 -9999 -9999 -9999 -9999 -9999 -9999 -9999 -9999 -9999 -9999 -9999 -9999 -9999 -9999 -9999 -9999 -9999 -9999 -9999 -9999 -9999 -9999 -9999 -9999 -9999 -9999 -9999 -9999 -9999 -9999 -9999 -9999 -9999 -9999 -9999 -9999 -9999 -9999 -9999 -9999 -9999
0.551 0.532 0.566 0.56 0.605 0.567 0.506 0.505 0.584 0.598 0.561 0.589 0.513 0.494 0.567 0.585 0.564 0.545 0.523 0.468 -9999 0.486 -9999 -9999 -9999 -9999 -9999 -9999 -9999 -9999 -9999 -9999 -9999 -9999 -9999 -9999 -9999 -9999 -9999 -9999 -9999 -9999 -9999 -9999 -9999 -9999 -9999 -9999 -9999 -9999 -9999 -9999 -9999 -9999 -9999 -9999 -9999 -9999 -9999 -9999 -9999 -9999 -9999 -9999 -9999 -9999 -9999 -9999 -9999 -9999 -9999 -9999 -9999 -9999 -9999 -9999 -9999
0.547 0.54 0.534 0.565 0.564 0.595 0.583 0.569 0.54 0.588 0.584 0.55 0.548 0.565 0.588 0.578 0.572 0.539 -9999 -9999 -9999 -9999 -9999 -9999 -9999 -9999 -9999 -9999 -9999 -9999 -9999 -9999 -9999 -9999 -9999 -9999 -9999 -9999 -9999 -9999 -9999 -9999 -9999 -9999 -9999 -9999 -9999 -9999 -9999 -9999 -9999 -9999 -9999 -9999 -9999 -9999 -9999 -9999 -9999 -9999 -9999 -9999 -9999 -9999 -9999 -9999 -9999 -9999 -9999 -9999 -9999 -9999 -9999 -9999 -9999 -9999 -9999
0.564 0.536 0.53 0.545 0.541 0.505 0.537 0.485 0.498 0.457 0.57 0.542 0.549 0.558 0.585 0.572 -9999 -9999 -9999 -9999 -9999 -9999 -9999 -9999 -9999 -9999 -9999 -9999 -9999 -9999 -9999 -9999 -9999 -9999 -9999 -9999 -9999 -9999 -9999 -9999 -9999 -9999 -9999 -9999 -9999 -9999 -9999 -9999 -9999 -9999 -9999 -9999 -9999 -9999 -9999 -9999 -9999 -9999 -9999 -9999 -9999 -9999 -9999 -9999 -9999 -9999 -9999 -9999 -9999 -9999 -9999 -9999 -9999 -9999 -9999 -9999 -9999
0.527 0.527 0.546 0.532 0.499 0.57 0.496 0.518 0.51 0.542 0.557 0.571 0.539 -9999 -9999 -9999 -9999 -9999 -9999 -9999 -9999 -9999 -9999 -9999 -9999 -9999 -9999 -9999 -9999 -9999 -9999 -9999 -9999 -9999 -9999 -9999 -9999 -9999 -9999 -9999 -9999 -9999 -9999 -9999 -9999 -9999 -9999 -9999 -9999 -9999 -9999 -9999 -9999 -9999 -9999 -9999 -9999 -9999 -9999 -9999 -9999 -9999 -9999 -9999 -9999 -9999 -9999 -9999 -9999 -9999 -9999 -9999 -9999 -9999 -9999 -9999 -9999
0.554 0.493 0.512 0.459 0.474 0.559 0.582 0.511 0.553 0.554 0.514 -9999 -9999 -9999 -9999 -9999 -9999 -9999 -9999 -9999 -9999 -9999 -9999 -9999 -9999 -9999 -9999 -9999 -9999 -9999 -9999 -9999 -9999 -9999 -9999 -9999 -9999 -9999 -9999 -9999 -9999 -9999 -9999 -9999 -9999 -9999 -9999 -9999 -9999 -9999 -9999 -9999 -9999 -9999 -9999 -9999 -9999 -9999 -9999 -9999 -9999 -9999 -9999 -9999 -9999 -9999 -9999 -9999 -9999 -9999 -9999 -9999 -9999 -9999 -9999 -9999 -9999
0.489 0.472 0.521 0.515 0.509 0.46 0.554 0.599 0.561 0.515 -9999 -9999 -9999 -9999 -9999 -9999 -9999 -9999 -9999 -9999 -9999 -9999 -9999 -9999 -9999 -9999 -9999 -9999 -9999 -9999 -9999 -9999 -9999 -9999 -9999 -9999 -9999 -9999 -9999 -9999 -9999 -9999 -9999 -9999 -9999 -9999 -9999 -9999 -9999 -9999 -9999 -9999 -9999 -9999 -9999 -9999 -9999 -9999 -9999 -9999 -9999 -9999 -9999 -9999 -9999 -9999 -9999 -9999 -9999 -9999 -9999 -9999 -9999 -9999 -9999 -9999 -9999
0.489 0.547 0.518 0.485 0.516 0.5 0.542 0.472 -9999 -9999 -9999 -9999 -9999 -9999 -9999 -9999 -9999 -9999 -9999 -9999 -9999 -9999 -9999 -9999 -9999 -9999 -9999 -9999 -9999 -9999 -9999 -9999 -9999 -9999 -9999 -9999 -9999 -9999 -9999 -9999 -9999 -9999 -9999 -9999 -9999 -9999 -9999 -9999 -9999 -9999 -9999 -9999 -9999 -9999 -9999 -9999 -9999 -9999 -9999 -9999 -9999 -9999 -9999 -9999 -9999 -9999 -9999 -9999 -9999 -9999 -9999 -9999 -9999 -9999 -9999 -9999 -9999
0.534 0.534 0.57 0.56 0.483 0.5 -9999 -9999 -9999 -9999 -9999 -9999 -9999 -9999 -9999 -9999 -9999 -9999 -9999 -9999 -9999 -9999 -9999 -9999 -9999 -9999 -9999 -9999 -9999 -9999 -9999 -9999 -9999 -9999 -9999 -9999 -9999 -9999 -9999 -9999 -9999 -9999 -9999 -9999 -9999 -9999 -9999 -9999 -9999 -9999 -9999 -9999 -9999 -9999 -9999 -9999 -9999 -9999 -9999 -9999 -9999 -9999 -9999 -9999 -9999 -9999 -9999 -9999 -9999 -9999 -9999 -9999 -9999 -9999 -9999 -9999 -9999
0.481 0.521 0.559 0.539 0.478 -9999 -9999 -9999 -9999 -9999 -9999 -9999 -9999 -9999 -9999 -9999 -9999 -9999 -9999 -9999 -9999 -9999 -9999 -9999 -9999 -9999 -9999 -9999 -9999 -9999 -9999 -9999 -9999 -9999 -9999 -9999 -9999 -9999 -9999 -9999 -9999 -9999 -9999 -9999 -9999 -9999 -9999 -9999 -9999 -9999 -9999 -9999 -9999 -9999 -9999 -9999 -9999 -9999 -9999 -9999 -9999 -9999 -9999 -9999 -9999 -9999 -9999 -9999 -9999 -9999 -9999 -9999 -9999 -9999 -9999 -9999 -9999
0.467 0.474 0.49 0.475 0.402 -9999 -9999 -9999 -9999 -9999 -9999 -9999 -9999 -9999 -9999 -9999 -9999 -9999 -9999 -9999 -9999 -9999 -9999 -9999 -9999 -9999 -9999 -9999 -9999 -9999 -9999 -9999 -9999 -9999 -9999 -9999 -9999 -9999 -9999 -9999 -9999 -9999 -9999 -9999 -9999 -9999 -9999 -9999 -9999 -9999 -9999 -9999 -9999 -9999 -9999 -9999 -9999 -9999 -9999 -9999 -9999 -9999 -9999 -9999 -9999 -9999 -9999 -9999 -9999 -9999 -9999 -9999 -9999 -9999 -9999 -9999 -9999
