data/china_ndvi_max_1987.asc
ncols         710
nrows         510
xllcorner     70
yllcorner     10
cellsize      0.1
NODATA_value  -9999
[rows 340 to 373 of 510, columns 308 to 384 of 710]
0.541 0.575 0.666 0.707 0.694 0.699 0.651 0.666 0.708 0.644 0.736 0.719 0.628 0.57 0.594 0.603 0.694 0.708 0.632 0.604 0.539 0.57 0.558 0.517 0.518 0.515 0.456 0.438 0.488 0.428 0.377 0.361 0.539 0.488 0.407 0.471 0.49 0.511 0.528 0.609 0.658 0.609 0.559 0.592 0.612 0.563 0.546 0.554 0.513 0.534 0.529 0.505 0.629 0.572 0.597 0.607 0.611 0.624 0.57 0.596 0.653 0.696 0.638 0.627 0.637 0.664 0.664 0.645 0.656 0.656 0.643 0.56 0.62 0.553 0.561 0.634 0.713
0.573 0.56 0.701 0.66 0.698 0.683 0.698 0.662 0.716 0.652 0.655 0.711 0.523 0.557 0.622 0.653 0.696 0.692 0.567 0.589 0.594 0.582 0.475 0.482 0.454 0.506 0.534 0.454 0.435 0.412 0.463 0.444 0.508 0.51 0.488 0.495 0.563 0.504 0.5 0.546 0.587 0.533 0.553 0.584 0.59 0.591 0.556 0.614 0.557 0.584 0.589 0.548 0.587 0.572 0.58 0.584 0.602 0.599 0.596 0.614 0.658 0.666 0.648 0.66 0.646 0.643 0.666 0.647 0.652 0.66 0.637 0.586 0.587 0.579 0.64 0.671 0.652
0.622 0.639 0.621 0.632 0.624 0.643 0.644 0.634 0.625 0.676 0.598 0.557 0.591 0.593 0.604 0.596 0.614 0.598 0.579 0.58 0.575 0.566 0.424 0.434 0.474 0.479 0.515 0.414 0.428 0.442 0.493 0.519 0.54 0.53 0.514 0.517 0.53 0.588 0.538 0.543 0.536 0.52 0.562 0.596 0.587 0.652 0.68 0.656 0.688 0.632 0.603 0.618 0.569 0.592 0.575 0.576 0.601 0.619 0.456 0.572 0.642 0.669 0.649 0.671 0.635 0.616 0.638 0.616 0.622 0.683 0.644 0.647 0.578 0.595 0.65 0.678 0.67
0.6 0.602 0.644 0.657 0.613 0.554 0.566 0.545 0.567 0.647 0.518 0.544 0.555 0.645 0.601 0.575 0.586 0.535 0.58 0.606 0.56 0.567 0.47 0.531 0.537 0.491 0.423 0.442 0.494 0.477 0.515 0.576 0.619 0.612 0.598 0.563 0.53 0.585 0.532 0.598 0.557 0.588 0.598 0.572 0.512 0.682 0.617 0.685 0.659 0.674 0.655 0.647 0.632 0.608 0.628 0.62 0.589 0.617 0.464 0.599 0.596 0.652 0.686 0.676 0.622 0.665 0.72 0.611 0.586 0.669 0.658 0.657 0.623 0.679 0.723 0.69 0.7
0.621 0.524 0.636 0.616 0.58 0.485 0.512 0.463 0.47 0.465 0.455 0.432 0.607 0.633 0.585 0.562 0.551 0.618 0.56 0.546 0.57 0.649 0.465 0.473 0.494 0.461 0.499 0.473 0.405 0.455 0.534 0.586 0.6 0.639 0.574 0.576 0.534 0.569 0.535 0.602 0.603 0.531 0.595 0.63 0.585 0.598 0.578 0.666 0.644 0.671 0.664 0.655 0.641 0.628 0.682 0.643 0.549 0.585 0.604 0.478 0.576 0.62 0.702 0.68 0.619 0.676 0.676 0.649 0.63 0.632 0.631 0.54 0.623 0.675 0.699 0.737 0.747
0.661 0.641 0.727 0.559 0.541 0.513 0.529 0.601 0.744 0.678 0.572 0.472 0.56 0.504 0.474 0.502 0.546 0.43 0.528 0.627 0.617 0.525 0.412 0.365 0.421 0.539 0.484 0.526 0.529 0.599 0.569 0.544 0.551 0.583 0.622 0.565 0.541 0.643 0.67 0.615 0.651 0.562 0.623 0.623 0.64 0.595 0.543 0.617 0.613 0.56 0.533 0.573 0.571 0.577 0.576 0.551 0.535 0.538 0.564 0.586 0.671 0.641 0.697 0.673 0.666 0.69 0.735 0.652 0.681 0.632 0.623 0.657 0.693 0.706 0.807 0.767 0.799
0.696 0.684 0.6 0.628 0.625 0.703 0.664 0.668 0.734 0.66 0.608 0.564 0.44 0.477 0.535 0.505 0.431 0.498 0.453 0.543 0.454 0.421 0.499 0.297 0.451 0.511 0.498 0.533 0.563 0.583 0.606 0.56 0.571 0.499 0.506 0.506 0.527 0.575 0.613 0.589 0.592 0.644 0.625 0.591 0.614 0.676 0.59 0.611 0.593 0.535 0.541 0.532 0.592 0.592 0.591 0.579 0.622 0.614 0.599 0.625 0.678 0.699 0.663 0.658 0.679 0.686 0.704 0.643 0.692 0.651 0.618 0.672 0.722 0.758 0.755 0.737 0.751
0.562 0.541 0.694 0.742 0.704 0.704 0.706 0.7 0.65 0.538 0.568 0.494 0.462 0.439 0.441 0.445 0.547 0.573 0.558 0.501 0.531 0.618 0.5 0.361 0.488 0.465 0.557 0.541 0.593 0.575 0.605 0.601 0.498 0.414 0.641 0.597 0.546 0.558 0.6 0.6 0.629 0.643 0.625 0.591 0.598 0.604 0.6 0.603 0.583 0.521 0.544 0.518 0.609 0.541 0.578 0.576 0.597 0.649 0.677 0.645 0.672 0.69 0.663 0.673 0.707 0.677 0.716 0.64 0.652 0.602 0.615 0.661 0.712 0.741 0.725 0.728 0.709
0.666 0.595 0.682 0.661 0.713 0.682 0.691 0.608 0.545 0.493 0.54 0.501 0.458 0.428 0.491 0.566 0.668 0.556 0.583 0.608 0.58 0.587 0.521 0.369 0.509 0.563 0.576 0.52 0.52 0.55 0.563 0.465 0.396 0.551 0.574 0.562 0.552 0.585 0.611 0.606 0.652 0.66 0.646 0.574 0.579 0.548 0.605 0.602 0.615 0.534 0.57 0.609 0.617 0.594 0.561 0.605 0.662 0.676 0.628 0.658 0.695 0.698 0.685 0.706 0.702 0.711 0.687 0.665 0.6 0.642 0.652 0.677 0.719 0.761 0.748 0.716 0.697
0.547 0.677 0.69 0.663 0.662 0.643 0.683 0.599 0.509 0.477 0.507 0.48 0.464 0.385 0.518 0.61 0.677 0.618 0.623 0.639 0.667 0.668 0.515 0.416 0.446 0.589 0.517 0.541 0.531 0.494 0.48 0.46 0.472 0.531 0.542 0.568 0.563 0.561 0.575 0.633 0.614 0.638 0.63 0.583 0.545 0.594 0.58 0.572 0.56 0.553 0.567 0.604 0.607 0.617 0.618 0.638 0.664 0.624 0.603 0.651 0.65 0.713 0.715 0.706 0.698 0.692 0.7 0.697 0.682 0.672 0.64 0.665 0.729 0.715 0.734 0.735 0.716
0.659 0.584 0.635 0.616 0.668 0.679 0.679 0.548 0.5 0.491 0.42 0.427 0.601 0.501 0.608 0.656 0.64 0.619 0.619 0.644 0.621 0.564 0.514 0.487 0.492 0.497 0.599 0.545 0.571 0.553 0.484 0.527 0.521 0.599 0.573 0.478 0.507 0.563 0.534 0.546 0.58 0.622 0.628 0.553 0.562 0.565 0.541 0.612 0.639 0.593 0.633 0.65 0.635 0.572 0.622 0.631 0.624 0.604 0.684 0.684 0.661 0.722 0.684 0.658 0.655 0.654 0.67 0.621 0.737 0.729 0.659 0.651 0.71 0.689 0.708 0.721 0.69
0.716 0.736 0.669 0.586 0.606 0.626 0.686 0.613 0.596 0.472 0.398 0.471 0.622 0.619 0.557 0.637 0.664 0.582 0.654 0.631 0.638 0.595 0.539 0.515 0.533 0.586 0.603 0.539 0.51 0.521 0.507 0.476 0.545 0.547 0.544 0.532 0.594 0.575 0.556 0.563 0.56 0.536 0.656 0.587 0.581 0.575 0.56 0.546 0.573 0.612 0.622 0.65 0.596 0.614 0.602 0.653 0.684 0.653 0.687 0.689 0.688 0.729 0.649 0.66 0.66 0.653 0.668 0.634 0.712 0.697 0.657 0.608 0.731 0.73 0.743 0.728 0.733
0.639 0.803 0.682 0.661 0.621 0.596 0.61 0.533 0.514 0.45 0.443 0.465 0.663 0.679 0.631 0.66 0.631 0.564 0.581 0.625 0.615 0.62 0.548 0.517 0.543 0.563 0.59 0.572 0.514 0.48 0.515 0.521 0.543 0.471 0.534 0.578 0.567 0.582 0.552 0.556 0.556 0.599 0.614 0.665 0.622 0.531 0.567 0.568 0.56 0.575 0.584 0.65 0.647 0.637 0.651 0.673 0.642 0.613 0.645 0.691 0.606 0.652 0.682 0.648 0.65 0.637 0.681 0.684 0.647 0.619 0.604 0.642 0.717 0.742 0.737 0.736 0.742
0.619 0.723 0.653 0.616 0.576 0.597 0.669 0.59 0.496 0.445 0.469 0.43 0.7 0.675 0.655 0.634 0.651 0.59 0.583 0.627 0.631 0.629 0.499 0.486 0.516 0.558 0.572 0.574 0.472 0.556 0.448 0.498 0.463 0.504 0.567 0.58 0.53 0.567 0.587 0.535 0.622 0.639 0.608 0.619 0.62 0.537 0.535 0.554 0.581 0.597 0.596 0.601 0.642 0.648 0.647 0.665 0.671 0.598 0.596 0.64 0.638 0.644 0.661 0.582 0.663 0.652 0.651 0.633 0.673 0.646 0.638 0.661 0.655 0.733 0.705 0.731 0.706
0.528 0.631 0.671 0.618 0.57 0.634 0.67 0.667 0.503 0.495 0.535 0.488 0.657 0.664 0.593 0.668 0.638 0.571 0.621 0.581 0.627 0.589 0.517 0.527 0.498 0.506 0.528 0.561 0.5 0.496 0.459 0.542 0.511 0.583 0.584 0.561 0.542 0.558 0.568 0.557 0.557 0.585 0.532 0.621 0.597 0.587 0.581 0.563 0.552 0.576 0.562 0.588 0.626 0.692 0.641 0.648 0.681 0.625 0.621 0.651 0.641 0.575 0.612 0.64 0.683 0.638 0.673 0.667 0.634 0.679 0.672 0.666 0.672 0.69 0.704 0.738 0.7
0.594 0.493 0.592 0.517 0.608 0.688 0.676 0.592 0.545 0.559 0.63 0.65 0.742 0.655 0.576 0.518 0.587 0.596 0.687 0.66 0.589 0.591 0.549 0.556 0.608 0.495 0.435 0.552 0.485 0.567 0.503 0.5 0.663 0.664 0.618 0.572 0.579 0.61 0.604 0.558 0.564 0.564 0.645 0.688 0.642 0.589 0.594 0.615 0.554 0.565 0.508 0.501 0.667 0.732 0.735 0.693 0.68 0.698 0.701 0.671 0.63 0.636 0.669 0.699 0.718 0.703 0.649 0.654 0.695 0.664 0.689 0.668 0.723 0.675 0.706 0.709 0.734
0.539 0.584 0.609 0.647 0.67 0.759 0.687 0.472 0.51 0.527 0.626 0.658 0.725 0.697 0.528 0.608 0.712 0.631 0.633 0.646 0.604 0.565 0.555 0.563 0.551 0.582 0.516 0.496 0.505 0.576 0.55 0.512 0.666 0.514 0.584 0.593 0.578 0.59 0.631 0.589 0.545 0.571 0.597 0.616 0.551 0.548 0.524 0.592 0.641 0.592 0.479 0.529 0.713 0.717 0.709 0.716 0.707 0.716 0.671 0.63 0.627 0.671 0.723 0.763 0.739 0.695 0.62 0.708 0.68 0.698 0.711 0.722 0.722 0.693 0.718 0.685 0.677
0.54 0.55 0.648 0.602 0.536 0.577 0.598 0.604 0.627 0.627 0.709 0.736 0.653 0.589 0.573 0.613 0.796 0.615 0.666 0.619 0.646 0.642 0.522 0.598 0.581 0.659 0.585 0.608 0.57 0.583 0.574 0.517 0.547 0.529 0.613 0.607 0.555 0.631 0.64 0.592 0.599 0.561 0.554 0.596 0.612 0.594 0.555 0.642 0.647 0.586 0.513 0.534 0.658 0.669 0.685 0.676 0.691 0.656 0.643 0.649 0.617 0.662 0.767 0.795 0.747 0.72 0.718 0.695 0.703 0.692 0.687 0.711 0.755 0.671 0.728 0.704 0.676
0.6 0.622 0.664 0.575 0.571 0.534 0.593 0.633 0.602 0.645 0.682 0.733 0.59 0.477 0.637 0.684 0.79 0.702 0.663 0.465 0.54 0.634 0.634 0.63 0.648 0.548 0.529 0.59 0.477 0.507 0.553 0.572 0.464 0.505 0.568 0.598 0.611 0.623 0.557 0.56 0.597 0.585 0.597 0.566 0.547 0.566 0.63 0.638 0.652 0.623 0.616 0.588 0.659 0.655 0.678 0.673 0.678 0.654 0.653 0.672 0.702 0.735 0.777 0.778 0.784 0.672 0.729 0.719 0.661 0.664 0.738 0.746 0.698 0.662 0.654 0.704 0.69
0.589 0.683 0.617 0.624 0.609 0.577 0.645 0.509 0.547 0.608 0.689 0.655 0.647 0.484 0.648 0.685 0.729 0.61 0.528 0.253 0.477 0.543 0.68 0.645 0.535 0.504 0.607 0.509 0.412 0.523 0.588 0.579 0.478 0.523 0.557 0.593 0.578 0.584 0.563 0.562 0.587 0.554 0.659 0.643 0.612 0.565 0.592 0.626 0.627 0.636 0.641 0.648 0.664 0.699 0.649 0.722 0.694 0.694 0.723 0.748 0.762 0.766 0.733 0.766 0.774 0.742 0.667 0.69 0.711 0.71 0.751 0.748 0.684 0.646 0.611 0.664 0.683
0.708 0.546 0.672 0.664 0.591 0.635 0.71 0.53 0.629 0.683 0.715 0.61 0.541 0.663 0.654 0.692 0.58 0.485 0.564 -0.3 0.365 0.454 0.562 0.548 0.456 0.457 0.463 0.406 0.398 0.505 0.517 0.576 0.537 0.532 0.592 0.543 0.606 0.587 0.57 0.577 0.594 0.526 0.538 0.557 0.604 0.636 0.608 0.652 0.718 0.674 0.725 0.715 0.681 0.698 0.652 0.728 0.727 0.76 0.753 0.76 0.745 0.761 0.713 0.748 0.725 0.713 0.73 0.718 0.711 0.684 0.733 0.711 0.76 0.668 0.627 0.664 0.789
0.694 0.737 0.651 0.665 0.683 0.65 0.686 0.625 0.68 0.676 0.632 0.525 0.61 0.654 0.627 0.736 0.63 0.532 0.579 -0.3 0.486 0.501 0.625 0.553 0.558 0.491 0.507 0.433 0.522 0.509 0.544 0.589 0.438 0.529 0.539 0.552 0.638 0.595 0.553 0.604 0.596 0.595 0.574 0.645 0.698 0.651 0.642 0.608 0.608 0.634 0.703 0.709 0.699 0.69 0.666 0.734 0.733 0.724 0.753 0.772 0.766 0.737 0.723 0.724 0.678 0.698 0.708 0.717 0.689 0.705 0.705 0.709 0.745 0.64 0.655 0.682 0.725
0.723 0.662 0.631 0.64 0.696 0.687 0.677 0.636 0.633 0.628 0.56 0.588 0.674 0.632 0.562 0.649 0.548 0.537 -0.3 0.441 0.597 0.573 0.59 0.599 0.568 0.527 0.541 0.548 0.603 0.536 0.5 0.452 0.581 0.591 0.643 0.641 0.659 0.658 0.638 0.644 0.574 0.611 0.646 0.642 0.686 0.668 0.665 0.637 0.642 0.686 0.658 0.72 0.694 0.681 0.681 0.768 0.723 0.7 0.712 0.728 0.738 0.727 0.716 0.714 0.7 0.671 0.711 0.712 0.719 0.728 0.721 0.689 0.633 0.659 0.689 0.664 0.64
0.752 0.71 0.754 0.655 0.687 0.692 0.692 0.65 0.674 0.65 0.649 0.583 0.635 0.647 0.592 0.644 0.547 0.651 0.525 0.507 0.58 0.639 0.62 0.601 0.524 0.54 0.54 0.618 0.568 0.5 0.49 0.546 0.639 0.693 0.693 0.66 0.658 0.677 0.706 0.658 0.686 0.795 0.688 0.68 0.632 0.639 0.629 0.707 0.694 0.698 0.716 0.746 0.74 0.726 0.689 0.714 0.784 0.726 0.723 0.731 0.682 0.698 0.708 0.706 0.716 0.686 0.664 0.72 0.713 0.72 0.733 0.699 0.72 0.697 0.699 0.699 0.661
0.695 0.803 0.851 0.724 0.69 0.63 0.675 0.656 0.717 0.67 0.641 0.633 0.597 0.613 0.577 0.662 0.668 0.57 0.626 0.546 0.623 -0.3 0.621 0.585 0.581 0.609 0.655 0.637 0.569 0.483 0.489 0.591 0.626 0.687 0.709 0.691 0.692 0.684 0.696 0.705 0.728 0.823 0.683 0.638 0.677 0.652 0.672 0.735 0.715 0.723 0.728 0.739 0.771 0.747 0.743 0.716 0.705 0.724 0.702 0.7 0.716 0.685 0.719 0.756 0.759 0.731 0.675 0.725 0.739 0.718 0.711 0.654 0.715 0.711 0.688 0.66 0.672
0.827 0.658 0.673 0.695 0.821 0.72 0.729 0.729 0.681 0.607 0.556 0.724 0.661 0.655 0.612 0.712 0.708 0.521 0.655 0.603 0.531 0.497 0.613 0.504 0.559 0.708 0.586 0.546 0.639 0.553 0.586 0.6 0.626 0.676 0.652 0.685 0.77 0.715 0.763 0.735 0.705 0.694 0.69 0.719 0.711 0.678 0.693 0.739 0.712 0.739 0.771 0.783 0.724 0.725 0.746 0.857 0.788 0.718 0.715 0.711 0.685 0.68 0.726 0.756 0.832 0.747 0.726 0.7 0.681 0.707 0.656 0.686 0.715 0.714 0.721 0.665 0.697
0.832 0.773 0.695 0.69 0.758 0.856 0.721 0.705 0.589 0.607 0.509 0.679 0.653 0.692 0.73 0.771 0.699 0.552 0.551 0.539 0.507 0.604 0.623 0.516 0.66 0.677 0.5 0.65 0.637 0.581 0.611 0.654 0.653 0.623 0.61 0.667 0.708 0.681 0.706 0.723 0.695 0.645 0.688 0.705 0.733 0.723 0.723 0.741 0.744 0.719 0.752 0.75 0.752 0.715 0.719 0.764 0.772 0.728 0.689 0.716 0.733 0.737 0.713 0.726 0.741 0.719 0.705 0.727 0.634 0.674 0.719 0.699 0.697 0.739 0.731 0.694 0.674
0.738 0.784 0.737 0.827 0.717 0.825 0.867 0.671 0.705 0.647 0.646 0.647 0.677 0.743 0.713 0.722 0.706 0.632 0.625 0.617 0.55 0.618 0.553 0.493 0.574 0.599 0.543 0.68 0.695 0.688 0.632 0.619 0.526 0.561 0.553 0.599 0.64 0.628 0.647 0.665 0.698 0.671 0.692 0.668 0.687 0.733 0.73 0.758 0.735 0.725 0.747 0.738 0.742 0.743 0.748 0.756 0.74 0.733 0.686 0.672 0.759 0.734 0.722 0.705 0.701 0.708 0.71 0.639 0.632 0.677 0.728 0.717 0.723 0.729 0.737 0.722 0.664
0.764 0.795 0.698 0.827 0.713 0.744 0.844 0.636 0.718 0.675 0.593 0.586 0.647 0.716 0.718 0.761 0.747 0.664 0.672 0.537 0.507 0.621 0.59 0.59 0.594 0.6 0.587 0.698 0.68 0.7 0.623 0.58 0.537 0.508 0.561 0.588 0.642 0.593 0.607 0.625 0.668 0.671 0.732 0.722 0.682 0.709 0.717 0.769 0.762 0.767 0.768 0.768 0.747 0.764 0.752 0.779 0.736 0.829 0.702 0.732 0.721 0.738 0.744 0.727 0.715 0.635 0.626 0.626 0.607 0.712 0.762 0.728 0.685 0.719 0.748 0.72 0.635
0.689 0.798 0.707 0.699 0.748 0.688 0.724 0.66 0.658 0.671 0.685 0.656 0.655 0.67 0.639 0.707 0.65 0.606 0.685 0.707 0.676 0.69 0.637 0.622 0.615 0.604 0.567 0.676 0.692 0.674 0.598 0.578 0.562 0.546 0.558 0.59 0.61 0.529 0.586 0.601 0.604 0.661 0.534 0.577 0.669 0.694 0.759 0.725 0.732 0.768 0.776 0.757 0.69 0.694 0.711 0.716 0.741 0.738 0.737 0.761 0.777 0.74 0.694 0.733 0.731 0.688 0.667 0.632 0.666 0.66 0.718 0.702 0.603 0.685 0.712 0.719 0.629
0.703 0.69 0.78 0.707 0.803 0.783 0.8 0.809 0.783 0.678 0.63 0.67 0.714 0.668 0.676 0.67 0.659 0.671 0.615 0.57 0.49 0.531 0.604 0.577 0.589 0.562 0.626 0.579 0.592 0.488 0.46 0.436 0.499 0.473 0.534 0.576 0.463 0.543 0.575 0.581 0.565 0.552 0.6 0.627 0.595 0.643 0.581 0.655 0.717 0.717 0.737 0.746 0.672 0.727 0.752 0.81 0.764 0.682 0.547 0.677 0.726 0.719 0.726 0.705 0.718 0.702 0.691 0.683 0.677 0.677 0.693 0.753 0.603 0.596 0.643 0.7 0.674
0.7 0.678 0.812 0.694 0.773 0.714 0.738 0.668 0.847 0.689 0.564 0.631 0.733 0.712 0.715 0.733 0.68 0.7 0.643 0.553 0.55 0.639 0.572 0.556 0.559 0.576 0.677 0.598 0.495 0.435 0.38 0.381 0.578 0.542 0.6 0.605 0.594 0.559 0.58 0.646 0.602 0.583 0.606 0.612 0.623 0.626 0.63 0.657 0.722 0.703 0.7 0.718 0.723 0.729 0.817 0.833 0.837 0.723 0.638 0.618 0.617 0.582 0.709 0.751 0.715 0.738 0.714 0.659 0.678 0.707 0.671 0.648 0.628 0.651 0.616 0.683 0.695
0.698 0.685 0.772 0.698 0.725 0.709 0.71 0.656 0.668 0.71 0.676 0.596 0.718 0.727 0.728 0.729 0.673 0.565 0.606 0.569 0.504 0.398 0.504 0.539 0.581 0.509 0.579 0.599 0.59 0.506 0.367 0.389 0.487 0.551 0.568 0.53 0.558 0.546 0.616 0.613 0.613 0.622 0.62 0.594 0.66 0.617 0.633 0.662 0.724 0.736 0.697 0.708 0.803 0.806 0.823 0.786 0.793 0.763 0.725 0.725 0.631 0.613 0.594 0.672 0.76 0.717 0.717 0.703 0.683 0.697 0.689 0.663 0.582 0.591 0.629 0.677 0.704
0.783 0.703 0.709 0.779 0.713 0.706 0.684 0.66 0.683 0.736 0.712 0.679 0.71 0.745 0.702 0.634 0.638 0.568 0.537 0.634 0.444 0.439 0.507 0.57 0.519 0.491 0.551 0.595 0.554 0.551 0.41 0.44 0.477 0.516 0.537 0.52 0.424 0.61 0.679 0.67 0.612 0.577 0.633 0.588 0.559 0.627 0.654 0.708 0.611 0.701 0.694 0.681 0.731 0.794 0.81 0.687 0.697 0.709 0.713 0.695 0.688 0.69 0.527 0.539 0.605 0.732 0.715 0.693 0.685 0.706 0.662 0.693 0.602 0.579 0.653 0.653 0.624
