data/china_ndvi_max_2006.asc
ncols         710
nrows         510
xllcorner     70
yllcorner     10
cellsize      0.1
NODATA_value  -9999
[rows 210 to 244 of 510, columns 77 to 153 of 710]
0.093 0.087 0.083 0.064 0.073 0.076 0.073 0.08 0.095 0.133 0.18 0.29 0.295 0.264 0.28 0.203 0.14 0.112 0.173 0.121 0.097 0.073 0.052 0.042 0.041 0.042 0.045 0.052 0.044 0.038 0.036 0.041 0.074 0.035 0.037 0.037 0.038 0.038 0.042 0.043 0.044 0.044 0.046 0.048 0.05 0.05 0.051 0.051 0.05 0.052 0.054 0.055 0.055 0.054 0.055 0.055 0.056 0.056 0.059 0.057 0.057 0.056 0.057 0.059 0.058 0.058 0.058 0.063 0.064 0.063 0.063 0.063 0.063 0.062 0.061 0.062 0.062
0.102 0.09 0.085 0.084 0.082 0.094 0.119 0.111 0.225 0.241 0.201 0.138 0.188 0.124 0.152 0.137 0.102 0.093 0.082 0.071 0.06 0.047 0.048 0.042 0.046 0.047 0.053 0.051 0.045 0.041 0.035 0.037 0.064 0.036 0.038 0.039 0.04 0.04 0.043 0.044 0.044 0.046 0.048 0.051 0.052 0.05 0.051 0.051 0.053 0.055 0.056 0.056 0.056 0.056 0.056 0.058 0.057 0.057 0.058 0.058 0.057 0.058 0.057 0.059 0.058 0.058 0.059 0.062 0.064 0.063 0.063 0.063 0.063 0.062 0.064 0.063 0.061
0.209 0.176 0.142 0.165 0.121 0.149 0.126 0.173 0.171 0.187 0.042 0.023 0.202 0.074 0.098 0.109 0.065 0.075 0.047 0.04 0.042 0.047 0.048 0.04 0.04 0.044 0.052 0.051 0.047 0.04 0.036 0.034 0.046 0.036 0.039 0.041 0.041 0.042 0.044 0.045 0.047 0.049 0.052 0.054 0.054 0.052 0.053 0.054 0.056 0.056 0.057 0.057 0.057 0.058 0.059 0.058 0.058 0.057 0.059 0.059 0.058 0.059 0.06 0.059 0.059 0.06 0.062 0.064 0.064 0.064 0.063 0.064 0.063 0.064 0.064 0.064 0.064
0.127 0.112 0.134 0.089 0.071 0.076 0.153 0.218 0.14 0.168 0.115 0.186 0.208 0.126 0.065 0.052 0.041 0.042 0.044 0.042 0.048 0.052 0.048 0.043 0.039 0.047 0.052 0.05 0.046 0.041 0.038 0.036 0.04 0.035 0.041 0.04 0.042 0.044 0.046 0.047 0.048 0.052 0.055 0.052 0.053 0.054 0.054 0.056 0.055 0.057 0.058 0.058 0.059 0.059 0.059 0.059 0.059 0.056 0.06 0.058 0.059 0.06 0.059 0.059 0.059 0.059 0.064 0.064 0.064 0.065 0.065 0.064 0.064 0.064 0.064 0.064 0.064
0.085 0.087 0.105 0.075 0.104 0.186 0.26 0.165 0.165 0.133 0.099 0.08 0.078 0.071 0.044 0.04 0.038 0.04 0.044 0.046 0.05 0.053 0.05 0.043 0.041 0.051 0.052 0.051 0.046 0.044 0.042 0.039 0.043 0.036 0.04 0.041 0.043 0.043 0.048 0.049 0.051 0.053 0.055 0.052 0.054 0.055 0.056 0.057 0.056 0.058 0.058 0.057 0.059 0.058 0.058 0.056 0.058 0.058 0.06 0.058 0.059 0.06 0.061 0.06 0.06 0.061 0.065 0.066 0.065 0.066 0.065 0.065 0.065 0.064 0.064 0.064 0.063
0.173 0.212 0.329 0.243 0.234 0.197 0.127 0.09 0.045 0.037 0.038 0.039 0.039 0.049 0.035 0.036 0.042 0.046 0.052 0.054 0.055 0.055 0.053 0.042 0.051 0.052 0.053 0.056 0.05 0.048 0.045 0.041 0.05 0.038 0.042 0.042 0.043 0.044 0.05 0.053 0.055 0.054 0.054 0.054 0.055 0.057 0.059 0.058 0.058 0.057 0.059 0.059 0.059 0.058 0.059 0.06 0.059 0.059 0.061 0.062 0.061 0.062 0.062 0.062 0.062 0.062 0.065 0.065 0.064 0.063 0.064 0.063 0.062 0.062 0.059 0.061 0.061
0.225 0.298 0.277 0.152 0.103 0.077 0.047 0.042 0.038 0.04 0.041 0.04 0.038 0.04 0.036 0.039 0.046 0.049 0.053 0.056 0.057 0.057 0.055 0.042 0.053 0.052 0.057 0.057 0.05 0.047 0.045 0.04 0.058 0.038 0.042 0.043 0.044 0.047 0.052 0.054 0.054 0.053 0.052 0.054 0.055 0.058 0.058 0.058 0.057 0.059 0.059 0.059 0.058 0.058 0.058 0.059 0.06 0.059 0.062 0.062 0.06 0.061 0.061 0.062 0.061 0.062 0.064 0.064 0.064 0.064 0.063 0.063 0.062 0.061 0.063 0.061 0.061
0.277 0.279 0.26 0.173 0.186 0.05 0.046 0.041 0.039 0.039 0.041 0.042 0.041 0.037 0.042 0.045 0.049 0.05 0.055 0.057 0.059 0.059 0.058 0.047 0.05 0.055 0.058 0.058 0.051 0.048 0.045 0.041 0.057 0.037 0.042 0.045 0.046 0.05 0.054 0.056 0.054 0.051 0.052 0.055 0.057 0.056 0.059 0.058 0.056 0.058 0.057 0.058 0.058 0.058 0.059 0.059 0.061 0.062 0.061 0.064 0.062 0.061 0.06 0.061 0.061 0.062 0.062 0.064 0.062 0.062 0.062 0.062 0.062 0.059 0.059 0.059 0.06
0.236 0.282 0.231 0.219 0.083 0.058 0.049 0.044 0.039 0.043 0.044 0.044 0.044 0.044 0.045 0.048 0.051 0.052 0.056 0.058 0.058 0.06 0.059 0.048 0.051 0.056 0.058 0.057 0.052 0.048 0.045 0.043 0.052 0.037 0.042 0.045 0.048 0.05 0.055 0.056 0.054 0.051 0.052 0.055 0.055 0.057 0.059 0.058 0.054 0.055 0.056 0.058 0.058 0.059 0.059 0.058 0.061 0.059 0.059 0.06 0.062 0.061 0.058 0.06 0.059 0.06 0.062 0.063 0.063 0.062 0.062 0.063 0.06 0.059 0.06 0.059 0.059
0.237 0.258 0.251 0.139 0.075 0.056 0.045 0.045 0.044 0.05 0.056 0.054 0.056 0.045 0.047 0.05 0.052 0.052 0.055 0.057 0.059 0.061 0.058 0.049 0.051 0.057 0.058 0.057 0.052 0.049 0.046 0.045 0.051 0.036 0.043 0.047 0.049 0.049 0.056 0.056 0.053 0.053 0.051 0.055 0.056 0.056 0.058 0.054 0.055 0.056 0.056 0.057 0.057 0.058 0.059 0.059 0.059 0.059 0.059 0.063 0.06 0.06 0.059 0.058 0.059 0.059 0.061 0.064 0.064 0.063 0.063 0.062 0.061 0.059 0.06 0.06 0.059
0.255 0.107 0.059 0.053 0.042 0.049 0.044 0.048 0.052 0.047 0.049 0.053 0.052 0.058 0.055 0.054 0.055 0.054 0.057 0.058 0.059 0.052 0.042 0.055 0.057 0.057 0.058 0.058 0.053 0.049 0.049 0.049 0.074 0.037 0.044 0.047 0.05 0.051 0.052 0.049 0.05 0.047 0.051 0.058 0.058 0.063 0.059 0.051 0.054 0.054 0.054 0.057 0.057 0.057 0.057 0.056 0.058 0.056 0.055 0.058 0.055 0.058 0.059 0.059 0.059 0.06 0.062 0.063 0.063 0.064 0.064 0.063 0.062 0.061 0.06 0.058 0.057
0.177 0.067 0.055 0.044 0.045 0.046 0.045 0.052 0.054 0.052 0.056 0.05 0.052 0.061 0.06 0.06 0.058 0.058 0.058 0.062 0.054 0.045 0.052 0.06 0.06 0.061 0.062 0.056 0.051 0.051 0.048 0.05 0.075 0.04 0.044 0.047 0.05 0.053 0.055 0.052 0.05 0.047 0.051 0.058 0.06 0.069 0.062 0.054 0.054 0.056 0.054 0.057 0.056 0.057 0.057 0.055 0.057 0.057 0.056 0.057 0.055 0.056 0.059 0.06 0.059 0.062 0.064 0.065 0.064 0.063 0.063 0.063 0.062 0.06 0.059 0.058 0.058
0.134 0.133 0.062 0.041 0.045 0.05 0.049 0.054 0.054 0.054 0.055 0.057 0.053 0.062 0.056 0.057 0.057 0.054 0.058 0.057 0.052 0.049 0.062 0.061 0.061 0.061 0.059 0.065 0.052 0.051 0.048 0.047 0.05 0.045 0.047 0.054 0.052 0.054 0.048 0.048 0.046 0.049 0.056 0.061 0.067 0.071 0.057 0.053 0.052 0.054 0.054 0.055 0.055 0.057 0.056 0.056 0.057 0.059 0.056 0.057 0.057 0.058 0.06 0.062 0.061 0.063 0.065 0.064 0.064 0.062 0.061 0.062 0.063 0.06 0.06 0.059 0.06
0.176 0.066 0.041 0.045 0.053 0.052 0.055 0.059 0.055 0.052 0.058 0.055 0.059 0.06 0.056 0.051 0.055 0.056 0.06 0.057 0.054 0.058 0.055 0.061 0.057 0.054 0.058 0.058 0.058 0.052 0.049 0.048 0.044 0.046 0.048 0.054 0.055 0.054 0.049 0.047 0.044 0.056 0.058 0.067 0.076 0.07 0.057 0.054 0.053 0.054 0.054 0.055 0.058 0.057 0.055 0.056 0.057 0.056 0.056 0.056 0.058 0.06 0.065 0.062 0.061 0.064 0.065 0.064 0.064 0.063 0.062 0.062 0.061 0.061 0.06 0.058 0.058
0.094 0.054 0.041 0.05 0.053 0.053 0.057 0.056 0.049 0.053 0.057 0.065 0.062 0.06 0.056 0.055 0.056 0.055 0.061 0.057 0.054 0.069 0.064 0.061 0.058 0.057 0.055 0.055 0.056 0.054 0.054 0.051 0.045 0.048 0.052 0.055 0.054 0.052 0.049 0.045 0.049 0.057 0.064 0.08 0.069 0.064 0.059 0.056 0.054 0.054 0.055 0.056 0.057 0.057 0.054 0.056 0.057 0.055 0.057 0.056 0.058 0.061 0.061 0.062 0.064 0.065 0.066 0.065 0.063 0.063 0.062 0.061 0.061 0.062 0.06 0.059 0.058
0.053 0.051 0.049 0.052 0.053 0.05 0.051 0.055 0.056 0.054 0.059 0.061 0.055 0.059 0.058 0.057 0.056 0.059 0.056 0.057 0.059 0.06 0.062 0.058 0.057 0.059 0.059 0.056 0.048 0.048 0.049 0.053 0.056 0.054 0.057 0.054 0.051 0.049 0.048 0.056 0.057 0.076 0.155 0.077 0.064 0.063 0.062 0.058 0.055 0.056 0.057 0.058 0.058 0.055 0.056 0.057 0.056 0.058 0.056 0.053 0.057 0.056 0.061 0.062 0.062 0.064 0.065 0.064 0.063 0.063 0.062 0.06 0.061 0.057 0.06 0.066 0.067
0.062 0.053 0.048 0.053 0.049 0.048 0.048 0.053 0.05 0.053 0.059 0.06 0.059 0.061 0.057 0.057 0.068 0.064 0.06 0.058 0.056 0.054 0.06 0.054 0.056 0.061 0.053 0.046 0.051 0.056 0.066 0.058 0.045 0.055 0.055 0.053 0.051 0.052 0.05 0.054 0.061 0.093 0.099 0.065 0.064 0.063 0.061 0.06 0.056 0.058 0.057 0.058 0.058 0.055 0.057 0.057 0.056 0.057 0.055 0.054 0.054 0.055 0.059 0.06 0.062 0.063 0.065 0.064 0.061 0.062 0.061 0.061 0.058 0.058 0.066 0.072 0.082
0.059 0.053 0.04 0.051 0.051 0.048 0.05 0.054 0.053 0.05 0.056 0.06 0.058 0.063 0.057 0.063 0.065 0.065 0.061 0.06 0.051 0.049 0.057 0.053 0.056 0.056 0.051 0.052 0.066 0.077 0.055 0.051 0.051 0.056 0.055 0.054 0.054 0.056 0.054 0.06 0.067 0.064 0.064 0.064 0.065 0.063 0.062 0.059 0.058 0.058 0.059 0.058 0.059 0.056 0.057 0.057 0.057 0.056 0.055 0.054 0.054 0.056 0.058 0.059 0.063 0.064 0.063 0.06 0.054 0.058 0.058 0.057 0.055 0.065 0.072 0.072 0.076
0.048 0.037 0.041 0.051 0.051 0.052 0.05 0.056 0.055 0.053 0.058 0.058 0.055 0.06 0.064 0.063 0.065 0.059 0.063 0.06 0.057 0.049 0.056 0.048 0.047 0.054 0.052 0.052 0.056 0.062 0.043 0.051 0.052 0.055 0.055 0.055 0.056 0.057 0.06 0.076 0.06 0.065 0.064 0.065 0.064 0.065 0.061 0.06 0.059 0.057 0.06 0.059 0.058 0.056 0.059 0.058 0.058 0.06 0.055 0.057 0.055 0.056 0.057 0.057 0.06 0.062 0.059 0.064 0.055 0.062 0.06 0.065 0.078 0.069 0.065 0.069 0.056
0.065 0.043 0.043 0.053 0.057 0.052 0.057 0.059 0.053 0.052 0.056 0.057 0.053 0.059 0.059 0.056 0.058 0.062 0.06 0.066 0.051 0.045 0.05 0.048 0.051 0.048 0.051 0.054 0.073 0.048 0.052 0.052 0.054 0.056 0.056 0.056 0.055 0.057 0.067 0.057 0.063 0.065 0.065 0.066 0.065 0.064 0.061 0.06 0.059 0.058 0.058 0.057 0.058 0.057 0.059 0.061 0.063 0.058 0.058 0.064 0.057 0.052 0.052 0.057 0.056 0.058 0.062 0.072 0.069 0.064 0.079 0.089 0.079 0.05 0.033 0.034 0.029
0.053 0.047 0.044 0.053 0.058 0.057 0.058 0.063 0.054 0.055 0.057 0.055 0.054 0.061 0.059 0.053 0.058 0.059 0.057 0.055 0.049 0.045 0.057 0.051 0.048 0.069 0.109 0.055 0.064 0.06 0.057 0.053 0.055 0.057 0.056 0.056 0.054 0.056 0.061 0.065 0.067 0.068 0.068 0.066 0.065 0.063 0.062 0.061 0.06 0.06 0.06 0.058 0.059 0.058 0.061 0.085 0.084 0.059 0.063 0.08 0.096 0.051 0.05 0.066 0.076 0.09 0.12 0.105 0.086 0.083 0.064 0.045 0.043 0.041 0.039 0.036 0.041
0.058 0.052 0.054 0.057 0.058 0.059 0.07 0.055 0.058 0.062 0.056 0.052 0.06 0.06 0.062 0.054 0.056 0.06 0.061 0.056 0.047 0.047 0.053 0.05 0.05 0.09 0.082 0.141 0.059 0.059 0.056 0.055 0.052 0.057 0.056 0.055 0.054 0.055 0.065 0.067 0.068 0.068 0.068 0.066 0.065 0.064 0.061 0.06 0.058 0.059 0.058 0.065 0.059 0.057 0.058 0.082 0.066 0.058 0.071 0.075 0.091 0.059 0.058 0.075 0.091 0.092 0.078 0.078 0.049 0.047 0.047 0.048 0.046 0.045 0.045 0.041 0.045
0.063 0.064 0.059 0.06 0.063 0.089 0.122 0.106 0.069 0.058 0.061 0.057 0.057 0.059 0.059 0.059 0.059 0.061 0.062 0.066 0.051 0.053 0.06 0.071 0.121 0.094 0.105 0.19 0.065 0.062 0.055 0.053 0.052 0.055 0.055 0.055 0.054 0.055 0.066 0.069 0.069 0.067 0.067 0.064 0.063 0.063 0.062 0.061 0.059 0.059 0.06 0.099 0.06 0.059 0.057 0.063 0.06 0.056 0.078 0.083 0.088 0.079 0.073 0.065 0.059 0.056 0.05 0.048 0.048 0.046 0.05 0.054 0.052 0.049 0.049 0.047 0.043
0.08 0.069 0.068 0.059 0.057 0.07 0.237 0.11 0.08 0.066 0.063 0.06 0.057 0.056 0.051 0.056 0.058 0.064 0.071 0.066 0.059 0.059 0.055 0.137 0.052 0.064 0.135 0.104 0.066 0.064 0.056 0.053 0.051 0.056 0.055 0.055 0.053 0.064 0.068 0.07 0.07 0.067 0.066 0.059 0.059 0.059 0.067 0.066 0.064 0.062 0.059 0.113 0.063 0.06 0.06 0.066 0.064 0.064 0.092 0.084 0.084 0.098 0.108 0.058 0.053 0.037 0.047 0.049 0.053 0.05 0.048 0.055 0.056 0.054 0.054 0.051 0.045
0.063 0.071 0.064 0.091 0.054 0.066 0.117 0.194 0.135 0.109 0.083 0.066 0.059 0.053 0.054 0.056 0.059 0.071 0.092 0.196 0.112 0.071 0.063 0.084 0.115 0.135 0.087 0.062 0.065 0.064 0.054 0.053 0.053 0.056 0.055 0.055 0.054 0.075 0.069 0.07 0.069 0.067 0.065 0.063 0.064 0.066 0.067 0.066 0.067 0.065 0.067 0.102 0.061 0.059 0.062 0.07 0.067 0.076 0.091 0.085 0.079 0.072 0.067 0.041 0.035 0.035 0.044 0.047 0.05 0.051 0.051 0.053 0.058 0.061 0.061 0.057 0.05
0.079 0.085 0.068 0.154 0.077 0.064 0.058 0.052 0.082 0.043 0.05 0.196 0.096 0.063 0.063 0.073 0.088 0.129 0.279 0.264 0.293 0.27 0.069 0.046 0.044 0.054 0.076 0.086 0.065 0.051 0.048 0.054 0.055 0.054 0.054 0.054 0.053 0.056 0.067 0.068 0.068 0.068 0.066 0.068 0.069 0.069 0.069 0.068 0.068 0.067 0.066 0.102 0.08 0.059 0.054 0.058 0.073 0.075 0.04 0.042 0.043 0.041 0.04 0.043 0.043 0.047 0.044 0.048 0.049 0.046 0.048 0.059 0.056 0.063 0.067 0.067 0.065
0.085 0.097 0.14 0.08 0.068 0.066 0.067 0.06 0.092 0.05 0.046 0.069 0.071 0.055 0.073 0.132 0.152 0.086 0.251 0.358 0.391 0.262 0.075 0.046 0.059 0.077 0.083 0.109 0.062 0.052 0.047 0.052 0.059 0.055 0.055 0.056 0.055 0.051 0.07 0.068 0.067 0.069 0.068 0.066 0.065 0.068 0.071 0.072 0.073 0.073 0.074 0.112 0.091 0.077 0.057 0.062 0.076 0.072 0.048 0.051 0.047 0.041 0.042 0.042 0.046 0.05 0.049 0.048 0.051 0.049 0.057 0.066 0.062 0.057 0.066 0.073 0.078
0.109 0.107 0.095 0.091 0.079 0.079 0.081 0.127 0.088 0.072 0.06 0.059 0.057 0.061 0.061 0.07 0.077 0.064 0.162 0.361 0.35 0.333 0.271 0.15 0.106 0.198 0.15 0.137 0.056 0.056 0.052 0.056 0.063 0.069 0.064 0.065 0.068 0.081 0.085 0.07 0.067 0.066 0.064 0.06 0.052 0.052 0.063 0.071 0.082 0.089 0.093 0.128 0.126 0.062 0.056 0.058 0.061 0.053 0.052 0.055 0.055 0.049 0.041 0.051 0.05 0.055 0.057 0.055 0.061 0.067 0.075 0.083 0.077 0.082 0.093 0.095 0.123
0.12 0.109 0.105 0.102 0.099 0.091 0.094 0.078 0.086 0.088 0.068 0.07 0.063 0.069 0.065 0.067 0.067 0.059 0.068 0.095 0.304 0.394 0.346 0.204 0.264 0.327 0.29 0.169 0.065 0.067 0.063 0.08 0.074 0.093 0.087 0.091 0.091 0.102 0.076 0.098 0.067 0.068 0.062 0.057 0.052 0.047 0.065 0.074 0.095 0.118 0.11 0.148 0.07 0.092 0.058 0.063 0.06 0.057 0.049 0.058 0.061 0.06 0.045 0.062 0.059 0.059 0.059 0.068 0.064 0.068 0.091 0.084 0.087 0.118 0.131 0.152 0.119
0.135 0.15 0.124 0.163 0.13 0.13 0.102 0.114 0.088 0.082 0.086 0.078 0.066 0.064 0.066 0.067 0.061 0.059 0.058 0.057 0.19 0.228 0.23 0.343 0.337 0.198 0.085 0.078 0.086 0.068 0.088 0.238 0.183 0.247 0.143 0.183 0.152 0.165 0.095 0.168 0.105 0.067 0.068 0.054 0.049 0.046 0.048 0.052 0.045 0.059 0.115 0.099 0.05 0.061 0.058 0.065 0.067 0.061 0.056 0.059 0.07 0.073 0.057 0.075 0.068 0.069 0.071 0.077 0.067 0.069 0.081 0.095 0.071 0.062 0.066 0.07 0.043
0.11 0.122 0.121 0.102 0.054 0.117 0.1 0.161 0.152 0.166 0.127 0.101 0.134 0.086 0.082 0.076 0.065 0.066 0.076 0.086 0.059 0.062 0.052 0.059 0.056 0.062 0.053 0.056 0.06 0.056 0.055 0.051 0.046 0.088 0.099 0.112 0.113 0.175 0.296 0.295 0.181 0.053 0.106 0.054 0.049 0.055 0.043 0.042 0.048 0.045 0.045 0.049 0.052 0.056 0.061 0.064 0.077 0.079 0.078 0.081 0.086 0.083 0.087 0.116 0.088 0.062 0.093 0.076 0.102 0.104 0.055 0.041 0.056 0.045 0.012 0.041 0.031
0.082 0.094 0.081 0.088 0.136 0.119 0.124 0.099 0.154 0.168 0.142 0.147 0.143 0.097 0.09 0.088 0.078 0.071 0.069 0.077 0.065 0.065 0.057 0.07 0.067 0.072 0.057 0.06 0.059 0.059 0.059 0.049 0.044 0.057 0.058 0.06 0.078 0.058 0.157 0.252 0.14 0.057 0.093 0.054 0.047 0.048 0.047 0.048 0.049 0.049 0.048 0.055 0.058 0.064 0.068 0.065 0.077 0.078 0.079 0.084 0.086 0.099 0.108 0.113 0.089 0.079 0.095 0.082 0.053 0.03 0.036 0.006 0.018 0.009 0.028 0.039 0.047
0.047 0.046 0.066 0.041 0.049 0.079 0.099 0.029 0.075 0.123 0.12 0.096 0.122 0.09 0.099 0.075 0.073 0.064 0.078 0.083 0.087 0.067 0.059 0.079 0.081 0.085 0.08 0.077 0.059 0.056 0.052 0.047 0.044 0.036 0.036 0.04 0.049 0.053 0.085 0.076 0.055 0.063 0.061 0.061 0.059 0.053 0.058 0.061 0.057 0.056 0.055 0.067 0.067 0.078 0.078 0.091 0.083 0.09 0.109 0.089 0.112 0.133 0.13 0.078 0.063 0.057 0.057 0.038 0.048 0.044 0.053 0.062 0.063 0.045 0.043 0.05 0.053
0.05 0.053 0.057 0.085 0.078 0.07 0.084 0.081 0.082 0.083 0.08 0.082 0.095 0.08 0.073 0.08 0.107 0.095 0.078 0.107 0.096 0.071 0.066 0.113 0.125 0.123 0.109 0.101 0.071 0.055 0.068 0.05 0.048 0.041 0.047 0.05 0.056 0.055 0.069 0.052 0.063 0.07 0.072 0.067 0.076 0.07 0.072 0.075 0.066 0.061 0.063 0.081 0.08 0.087 0.096 0.102 0.116 0.145 0.077 0.07 0.106 0.129 0.083 0.046 0.053 0.045 0.054 0.069 0.047 0.052 0.052 0.043 0.045 0.056 0.053 0.056 0.056
-0.019 0.013 -0.005 0.078 0.073 0.079 0.099 0.09 0.077 0.094 0.103 0.149 0.122 0.087 0.112 0.145 0.145 0.132 0.136 0.128 0.114 0.083 0.071 0.149 0.147 0.129 0.088 0.128 0.078 0.064 0.09 0.07 0.053 0.049 0.052 0.053 0.06 0.059 0.066 0.072 0.07 0.077 0.093 0.085 0.089 0.095 0.088 0.094 0.084 0.091 0.088 0.085 0.092 0.095 0.105 0.098 0.117 0.1 0.069 0.061 0.069 0.055 0.05 0.064 0.054 0.056 0.061 0.064 0.056 0.058 0.065 0.065 0.062 0.048 0.05 0.054 0.044
