data/china_ndvi_max_2002.asc
ncols         710
nrows         510
xllcorner     70
yllcorner     10
cellsize      0.1
NODATA_value  -9999
[rows 136 to 169 of 510, columns 539 to 615 of 710]
0.28 0.347 0.345 0.328 0.276 0.322 0.34 0.371 0.359 0.344 0.349 0.378 0.387 0.385 0.39 0.37 0.371 0.385 0.379 0.398 0.399 0.396 0.403 0.403 0.403 0.38 0.404 0.422 0.43 0.418 0.42 0.41 0.407 0.415 0.41 0.405 0.431 0.492 0.515 0.505 0.515 0.535 0.566 0.581 0.564 0.576 0.578 0.616 0.624 0.641 0.65 0.654 0.639 0.625 0.584 0.527 0.595 0.62 0.627 0.622 0.635 0.502 0.452 0.365 0.275 0.374 0.398 0.384 0.395 0.4 0.417 0.4 0.377 0.392 0.413 0.4 0.379
0.349 0.31 0.337 0.362 0.407 0.387 0.35 0.363 0.357 0.362 0.331 0.384 0.391 0.374 0.378 0.363 0.366 0.389 0.392 0.381 0.368 0.394 0.415 0.411 0.398 0.405 0.391 0.428 0.416 0.409 0.415 0.39 0.391 0.401 0.394 0.417 0.5 0.522 0.475 0.458 0.458 0.522 0.525 0.53 0.533 0.531 0.597 0.603 0.609 0.631 0.646 0.642 0.632 0.607 0.51 0.5 0.587 0.557 0.611 0.627 0.609 0.494 0.454 0.375 0.393 0.387 0.392 0.404 0.401 0.351 0.328 0.341 0.314 0.332 0.325 0.318 0.341
0.354 0.288 0.402 0.392 0.441 0.451 0.374 0.342 0.37 0.36 0.377 0.381 0.38 0.382 0.355 0.359 0.386 0.383 0.364 0.353 0.376 0.415 0.408 0.423 0.389 0.423 0.426 0.428 0.419 0.435 0.432 0.412 0.399 0.395 0.406 0.418 0.427 0.447 0.453 0.488 0.534 0.465 0.5 0.508 0.487 0.582 0.596 0.603 0.602 0.613 0.616 0.634 0.586 0.532 0.46 0.571 0.574 0.561 0.614 0.585 0.575 0.471 0.399 0.379 0.348 0.383 0.402 0.399 0.353 0.275 0.388 0.396 0.386 0.384 0.39 0.386 0.403
0.353 0.368 0.416 0.334 0.381 0.397 0.336 0.311 0.344 0.365 0.378 0.378 0.354 0.386 0.356 0.362 0.355 0.356 0.352 0.397 0.407 0.408 0.422 0.4 0.387 0.415 0.422 0.425 0.422 0.433 0.408 0.411 0.42 0.403 0.403 0.406 0.425 0.418 0.437 0.435 0.423 0.416 0.47 0.45 0.524 0.6 0.549 0.598 0.609 0.611 0.644 0.573 0.592 0.636 0.62 0.623 0.578 0.585 0.607 0.584 0.559 0.423 0.392 0.384 0.352 0.373 0.369 0.309 0.283 0.365 0.388 0.393 0.403 0.408 0.391 0.383 0.389
0.298 0.351 0.316 0.327 0.271 0.207 0.322 0.353 0.362 0.336 0.339 0.296 0.329 0.366 0.356 0.374 0.342 0.39 0.401 0.41 0.358 0.398 0.404 0.37 0.37 0.417 0.418 0.426 0.418 0.415 0.428 0.409 0.405 0.383 0.387 0.391 0.377 0.425 0.431 0.418 0.444 0.448 0.426 0.445 0.494 0.602 0.627 0.627 0.632 0.622 0.623 0.631 0.623 0.642 0.623 0.616 0.569 0.559 0.581 0.479 0.404 0.403 0.374 0.378 0.361 0.354 0.325 0.377 0.398 0.386 0.356 0.397 0.386 0.379 0.382 0.401 0.381
0.309 0.27 0.201 0.205 0.266 0.279 0.319 0.334 0.35 0.353 0.351 0.281 0.094 0.264 0.372 0.356 0.346 0.41 0.393 0.351 0.403 0.399 0.405 0.39 0.394 0.392 0.409 0.419 0.413 0.408 0.397 0.386 0.388 0.408 0.409 0.414 0.441 0.423 0.428 0.447 0.445 0.508 0.489 0.453 0.486 0.551 0.642 0.627 0.64 0.588 0.612 0.622 0.646 0.617 0.633 0.617 0.541 0.517 0.557 0.443 0.424 0.355 0.319 0.333 0.286 0.262 0.383 0.425 0.361 0.379 0.362 0.382 0.381 0.367 0.389 0.38 0.379
0.357 0.188 0.194 0.204 0.251 0.058 0.348 0.358 0.325 0.287 0.311 0.295 0.287 0.302 0.373 0.371 0.394 0.378 0.342 0.407 0.439 0.38 0.385 0.416 0.412 0.395 0.418 0.416 0.383 0.385 0.395 0.4 0.418 0.405 0.413 0.414 0.434 0.41 0.45 0.46 0.493 0.503 0.564 0.58 0.559 0.58 0.611 0.634 0.616 0.606 0.612 0.638 0.628 0.549 0.586 0.597 0.584 0.383 0.45 0.38 0.385 0.379 0.392 0.443 0.421 0.375 0.379 0.356 0.399 0.466 0.493 0.447 0.327 0.358 0.356 0.391 0.385
0.319 0.287 0.25 0.214 0.369 0.376 0.33 0.317 0.327 0.26 0.209 0.245 0.237 0.222 0.262 0.356 0.366 0.309 0.351 0.389 0.407 0.385 0.402 0.434 0.422 0.43 0.393 0.393 0.405 0.409 0.411 0.373 0.416 0.409 0.417 0.454 0.397 0.403 0.485 0.507 0.555 0.538 0.548 0.588 0.606 0.619 0.611 0.6 0.623 0.612 0.591 0.582 0.554 0.558 0.577 0.618 0.563 0.501 0.38 0.414 0.379 0.445 0.441 0.453 0.411 0.411 0.458 0.43 0.505 0.518 0.588 0.5 0.357 0.351 0.443 0.479 0.436
0.39 0.217 0.28 0.247 0.346 0.401 0.34 0.353 0.345 0.281 0.244 0.203 0.189 0.309 0.31 0.308 0.314 0.272 0.389 0.38 0.393 0.393 0.398 0.419 0.411 0.378 0.397 0.409 0.407 0.408 0.41 0.419 0.417 0.426 0.419 0.411 0.491 0.53 0.533 0.538 0.572 0.559 0.579 0.592 0.6 0.607 0.618 0.6 0.633 0.602 0.639 0.619 0.617 0.612 0.581 0.615 0.518 0.436 0.403 0.378 0.377 0.467 0.471 0.47 0.508 0.515 0.522 0.503 0.53 0.536 0.568 0.544 0.445 0.463 0.393 0.392 0.466
0.287 0.389 0.364 0.309 0.3 0.307 0.342 0.352 0.318 0.262 0.262 0.267 0.28 0.281 0.298 0.362 0.219 0.352 0.357 0.362 0.363 0.383 0.399 0.37 0.431 0.377 0.403 0.407 0.382 0.412 0.428 0.412 0.412 0.411 0.421 0.477 0.364 0.424 0.405 0.402 0.353 0.555 0.572 0.585 0.589 0.596 0.532 0.608 0.588 0.615 0.622 0.619 0.62 0.557 0.518 0.446 0.41 0.467 0.419 0.392 0.381 0.405 0.412 0.401 0.406 0.412 0.393 0.418 0.432 0.462 0.483 0.574 0.603 0.587 0.617 0.617 0.487
0.318 0.299 0.283 0.297 0.264 0.268 0.344 0.383 0.346 0.264 0.237 0.279 0.315 0.28 0.353 0.399 0.268 0.361 0.339 0.357 0.367 0.387 0.351 0.37 0.397 0.371 0.382 0.306 0.389 0.419 0.416 0.412 0.41 0.413 0.419 0.443 0.428 0.397 0.379 0.387 0.39 0.554 0.556 0.541 0.581 0.595 0.498 0.528 0.578 0.594 0.615 0.585 0.576 0.535 0.475 0.443 0.35 0.397 0.416 0.422 0.409 0.386 0.401 0.387 0.389 0.398 0.36 0.372 0.367 0.443 0.42 0.547 0.549 0.579 0.597 0.517 0.506
0.425 0.351 0.329 0.308 0.332 0.285 0.318 0.333 0.338 0.309 0.246 0.274 0.294 0.341 0.341 0.384 0.381 0.318 0.328 0.339 0.359 0.377 0.407 0.408 0.394 0.386 0.395 0.401 0.412 0.399 0.421 0.407 0.418 0.416 0.407 0.425 0.499 0.559 0.517 0.398 0.412 0.481 0.497 0.544 0.564 0.58 0.522 0.498 0.501 0.571 0.594 0.563 0.557 0.517 0.418 0.314 0.451 0.386 0.418 0.423 0.427 0.397 0.391 0.381 0.385 0.392 0.381 0.399 0.418 0.409 0.442 0.551 0.578 0.543 0.483 0.486 0.477
0.44 0.343 0.38 0.264 0.289 0.321 0.258 0.224 0.322 0.297 0.247 0.362 0.296 0.296 0.238 0.292 0.397 0.335 0.304 0.308 0.342 0.386 0.401 0.4 0.404 0.405 0.391 0.42 0.414 0.437 0.43 0.393 0.413 0.411 0.413 0.427 0.494 0.569 0.561 0.519 0.406 0.481 0.55 0.582 0.53 0.511 0.57 0.599 0.502 0.514 0.619 0.615 0.521 0.439 0.382 0.403 0.388 0.419 0.393 0.395 0.403 0.388 0.396 0.359 0.379 0.388 0.365 0.391 0.375 0.409 0.369 0.531 0.573 0.525 0.454 0.451 0.461
0.46 0.321 0.363 0.345 0.225 0.225 0.286 0.224 0.303 0.347 0.298 0.274 0.289 0.306 0.389 0.42 0.404 0.393 0.386 0.337 0.287 0.351 0.412 0.412 0.411 0.406 0.422 0.45 0.424 0.461 0.42 0.396 0.402 0.413 0.408 0.407 0.38 0.364 0.421 0.42 0.416 0.426 0.493 0.502 0.511 0.476 0.496 0.488 0.427 0.419 0.459 0.428 0.451 0.416 0.419 0.547 0.399 0.517 0.493 0.464 0.403 0.395 0.399 0.398 0.395 0.416 0.384 0.402 0.39 0.435 0.545 0.536 0.578 0.54 0.44 0.426 0.418
0.441 0.338 0.398 0.334 0.3 0.28 0.216 0.222 0.257 0.178 0.179 0.296 0.345 0.304 0.322 0.385 0.387 0.408 0.404 0.346 0.378 0.441 0.438 0.431 0.41 0.406 0.368 0.434 0.337 0.377 0.406 0.428 0.432 0.442 0.419 0.415 0.428 0.409 0.418 0.394 0.392 0.427 0.408 0.431 0.552 0.507 0.503 0.39 0.413 0.395 0.374 0.477 0.607 0.547 0.566 0.53 0.597 0.593 0.442 0.417 0.506 0.384 0.43 0.524 0.476 0.385 0.398 0.389 0.385 0.41 0.348 0.37 0.409 0.433 0.451 0.463 0.518
0.332 0.348 0.429 0.351 0.244 0.31 0.302 0.286 0.254 0.213 0.312 0.287 0.308 0.337 0.346 0.372 0.402 0.405 0.396 0.412 0.429 0.37 0.366 0.371 0.394 0.405 0.336 0.251 0.243 0.357 0.429 0.454 0.446 0.425 0.432 0.447 0.419 0.415 0.405 0.398 0.412 0.438 0.468 0.501 0.535 0.527 0.484 0.405 0.39 0.398 0.417 0.608 0.582 0.583 0.593 0.576 0.597 0.569 0.451 0.498 0.484 0.382 0.527 0.537 0.54 0.545 0.367 0.422 0.383 0.403 0.311 0.292 0.365 0.383 0.385 0.434 0.416
-0.3 0.29 0.306 0.363 0.382 0.35 0.3 0.315 0.27 0.276 0.302 0.322 0.29 0.394 0.373 0.377 0.364 0.359 0.41 0.41 0.416 0.338 0.355 0.35 0.351 0.34 0.294 0.238 0.272 0.37 0.417 0.446 0.429 0.478 0.452 0.465 0.462 0.497 0.444 0.452 0.441 0.479 0.574 0.56 0.541 0.495 0.464 0.42 0.424 0.472 0.554 0.615 0.636 0.62 0.626 0.606 0.603 0.575 0.491 0.507 0.537 0.434 0.445 0.542 0.588 0.587 0.495 0.481 0.457 0.437 0.503 0.47 0.454 0.444 0.456 0.513 0.427
0.345 0.376 0.301 0.295 0.289 0.373 0.267 0.237 0.288 0.34 0.35 0.313 0.324 0.303 0.294 0.271 0.419 0.432 0.402 0.356 0.382 0.367 0.398 0.416 0.39 0.406 0.418 0.324 0.386 0.43 0.44 0.45 0.498 0.541 0.572 0.561 0.455 0.567 0.531 0.488 0.516 0.528 0.526 0.546 0.514 0.523 0.409 0.424 0.389 0.482 0.608 0.612 0.568 0.604 0.589 0.603 0.596 0.476 0.538 0.524 0.549 0.449 0.454 0.546 0.581 0.587 0.491 0.462 0.551 0.532 0.526 0.498 0.545 0.537 0.53 0.515 0.475
0.305 0.27 0.356 0.332 0.26 0.332 0.325 0.28 0.326 0.356 0.335 0.352 0.355 0.373 0.36 0.362 0.37 0.33 0.382 0.344 0.335 0.373 0.4 0.419 0.438 0.431 0.42 0.413 0.424 0.445 0.435 0.423 0.443 0.517 0.565 0.582 0.577 0.594 0.588 0.577 0.589 0.513 0.568 0.538 0.453 0.445 0.401 0.446 0.479 0.426 0.504 0.594 0.548 0.556 0.577 0.614 0.607 0.584 0.566 0.475 0.56 0.551 0.537 0.54 0.587 0.584 0.435 0.419 0.488 0.524 0.555 0.531 0.496 0.504 0.481 0.473 0.538
0.266 0.295 0.275 0.256 0.336 0.392 0.367 0.375 0.354 0.406 0.395 0.334 0.359 0.408 0.359 0.382 0.37 0.377 0.386 0.399 0.396 0.433 0.441 0.435 0.352 0.4 0.445 0.451 0.437 0.437 0.426 0.493 0.567 0.53 0.565 0.515 0.604 0.589 0.585 0.565 0.562 0.423 0.399 0.421 0.44 0.433 0.571 0.627 0.48 0.39 0.511 0.583 0.564 0.581 0.62 0.593 0.603 0.625 0.577 0.517 0.563 0.609 0.575 0.518 0.385 0.391 0.528 0.531 0.412 0.408 0.471 0.418 0.407 0.419 0.415 0.388 0.39
0.237 0.244 0.203 0.133 0.239 0.231 0.386 0.411 0.364 0.401 0.398 0.413 0.387 0.358 0.345 0.371 0.405 0.392 0.358 0.398 0.413 0.415 0.444 0.444 0.431 0.438 0.426 0.438 0.437 0.449 0.443 0.444 0.486 0.525 0.511 0.461 0.526 0.56 0.568 0.512 0.48 0.431 0.48 0.434 0.43 0.562 0.619 0.588 0.511 0.478 0.593 0.557 0.581 0.585 0.609 0.637 0.635 0.661 0.542 0.515 0.61 0.57 0.454 0.417 0.387 0.411 0.458 0.407 0.393 0.393 0.391 0.344 0.346 0.365 0.387 0.415 0.411
0.24 0.259 0.303 0.212 -0.3 -0.3 0.351 0.395 0.369 0.332 0.34 0.407 0.384 0.315 0.284 0.333 0.333 0.339 0.379 0.389 0.407 0.414 0.413 0.417 0.401 0.409 0.417 0.429 0.424 0.433 0.402 0.433 0.473 0.546 0.514 0.478 0.548 0.539 0.547 0.512 0.474 0.436 0.428 0.482 0.469 0.515 0.611 0.599 0.48 0.455 0.542 0.566 0.569 0.544 0.586 0.61 0.653 0.592 0.51 0.564 0.583 0.491 0.424 0.473 0.448 0.414 0.414 0.379 0.427 0.476 0.46 0.439 0.394 0.39 0.392 0.386 0.412
0.305 0.235 0.377 0.309 0.241 0.286 0.347 0.381 0.399 0.284 0.334 0.41 0.385 0.378 0.378 0.347 0.373 0.403 0.388 0.389 0.416 0.43 0.391 0.403 0.425 0.452 0.452 0.463 0.449 0.429 0.427 0.463 0.545 0.517 0.53 0.567 0.589 0.581 0.486 0.456 0.461 0.439 0.461 0.503 0.596 0.56 0.595 0.597 0.485 0.454 0.486 0.596 0.577 0.597 0.601 0.562 0.6 0.533 0.495 0.558 0.564 0.5 0.459 0.528 0.489 0.53 0.462 0.496 0.479 0.52 0.508 0.516 0.422 0.367 0.452 0.522 0.503
0.212 0.314 0.337 0.357 0.331 0.284 0.333 0.325 0.404 0.425 0.414 0.35 0.351 0.377 0.398 0.382 0.388 0.404 0.429 0.418 0.429 0.434 0.44 0.438 0.442 0.444 0.456 0.467 0.45 0.451 0.433 0.408 0.415 0.422 0.426 0.417 0.485 0.506 0.491 0.5 0.448 0.458 0.494 0.537 0.544 0.519 0.518 0.434 0.521 0.602 0.619 0.572 0.609 0.594 0.601 0.592 0.615 0.559 0.51 0.489 0.525 0.504 0.478 0.511 0.491 0.527 0.471 0.459 0.463 0.56 0.562 0.508 0.466 0.473 0.516 0.491 -9999
0.354 0.335 0.365 0.294 0.301 0.31 0.316 0.384 0.387 0.392 0.382 0.408 0.405 0.347 0.335 0.338 0.375 0.428 0.438 0.389 0.43 0.441 0.453 0.454 0.44 0.443 0.451 0.441 0.451 0.422 0.441 0.409 0.415 0.452 0.483 0.421 0.436 0.489 0.536 0.605 0.605 0.511 0.521 0.562 0.516 0.524 0.418 0.46 0.457 0.57 0.621 0.596 0.616 0.612 0.617 0.642 0.544 0.472 0.432 0.399 0.393 0.431 0.494 0.514 0.516 0.482 0.415 0.436 0.456 0.569 0.598 0.607 -9999 -9999 -9999 -9999 -9999
0.342 0.328 0.348 0.371 0.376 0.354 0.378 0.387 0.394 0.386 0.398 0.422 0.426 0.419 0.425 0.453 0.45 0.441 0.429 0.402 0.374 0.421 0.428 0.438 0.44 0.455 0.401 0.447 0.449 0.447 0.457 0.435 0.431 0.444 0.524 0.53 0.443 0.466 0.54 0.55 0.595 0.585 0.558 0.543 0.572 0.559 0.52 0.545 0.543 0.569 0.607 0.605 0.604 0.616 0.625 0.622 0.513 0.448 0.413 0.419 0.4 0.472 0.493 0.531 0.516 0.503 0.438 0.411 0.473 0.581 0.606 0.615 -9999 -9999 -9999 -9999 -9999
0.355 0.317 0.379 0.363 0.323 0.38 0.379 0.405 0.398 0.392 0.415 0.44 0.436 0.457 0.455 0.459 0.468 0.437 0.444 0.427 0.459 0.415 0.423 0.412 0.421 0.457 0.447 0.435 0.441 0.446 0.411 0.419 0.439 0.399 0.426 0.433 0.538 0.503 0.517 0.517 0.551 0.537 0.585 0.567 0.589 0.591 0.609 0.573 0.614 0.639 0.604 0.559 0.62 0.579 0.543 0.533 0.532 0.513 0.394 0.439 0.503 0.557 0.588 0.571 0.502 0.416 0.394 0.415 0.504 0.577 0.612 0.569 -9999 -9999 -9999 -9999 -9999
0.338 0.335 0.37 0.37 0.346 0.365 0.388 0.407 0.428 0.426 0.418 0.402 0.408 0.419 0.468 0.477 0.441 0.461 0.449 0.434 0.456 0.432 0.421 0.425 0.412 0.422 0.451 0.434 0.428 0.468 0.463 0.453 0.503 0.437 0.499 0.492 0.607 0.612 0.541 0.482 0.549 0.529 0.542 0.578 0.61 0.625 0.62 0.617 0.582 0.6 0.556 0.515 0.572 0.484 0.462 0.415 0.46 0.363 0.372 0.507 0.496 0.559 0.54 0.562 0.45 0.407 0.405 0.429 0.467 0.563 0.594 0.579 0.54 -9999 -9999 -9999 -9999
0.293 0.313 0.299 0.317 0.349 0.369 0.408 0.413 0.435 0.409 0.441 0.391 0.434 0.44 0.45 0.443 0.448 0.446 0.404 0.439 0.468 0.467 0.44 0.469 0.437 0.416 0.436 0.417 0.426 0.44 0.446 0.46 0.44 0.429 0.47 0.511 0.493 0.566 0.589 0.529 0.543 0.595 0.62 0.597 0.592 0.672 0.619 0.61 0.616 0.604 0.626 0.439 0.452 0.512 0.441 0.351 0.357 0.267 0.411 0.424 0.439 0.539 0.504 0.439 0.43 0.482 0.507 0.5 0.49 0.562 0.564 0.549 0.53 -9999 -9999 -9999 -9999
0.317 0.363 0.408 0.402 0.371 0.34 0.421 0.395 0.415 0.367 0.389 0.398 0.403 0.429 0.44 0.427 0.443 0.437 0.465 0.435 0.458 0.444 0.457 0.493 0.457 0.427 0.427 0.431 0.452 0.448 0.448 0.503 0.532 0.489 0.559 0.572 0.57 0.541 0.535 0.556 0.628 0.561 0.622 0.592 0.605 0.664 0.603 0.62 0.598 0.509 0.416 0.424 0.424 0.411 0.406 0.42 0.447 0.488 0.539 0.634 0.644 0.656 0.602 0.564 0.535 0.562 0.542 0.576 0.572 0.481 0.496 0.461 0.441 -9999 -9999 -9999 -9999
0.379 0.401 0.414 0.406 0.404 0.369 0.416 0.411 0.425 0.363 0.335 0.396 0.426 0.433 0.427 0.429 0.441 0.45 0.453 0.418 0.441 0.452 0.44 0.449 0.437 0.439 0.418 0.454 0.444 0.424 0.479 0.533 0.538 0.559 0.571 0.526 0.577 0.611 0.596 0.558 0.536 0.569 0.619 0.637 0.636 0.633 0.634 0.625 0.589 0.526 0.451 0.413 0.417 0.401 0.378 0.392 0.405 0.435 0.538 0.614 0.666 0.647 0.629 0.614 0.583 0.567 0.565 0.564 0.573 0.432 0.509 0.485 0.525 0.56 -9999 -9999 -9999
0.268 0.311 0.338 0.391 0.403 0.393 0.414 0.433 0.452 0.393 0.36 0.419 0.41 0.412 0.415 0.43 0.439 0.44 0.443 0.394 0.411 0.439 0.474 0.516 0.488 0.494 0.449 0.502 0.492 0.532 0.547 0.536 0.516 0.503 0.571 0.557 0.576 0.616 0.592 0.543 0.576 0.616 0.614 0.654 0.68 0.691 0.668 0.616 0.595 0.508 0.41 0.405 0.395 0.423 0.388 0.394 0.442 0.498 0.547 0.585 0.624 0.656 0.655 0.576 0.552 0.568 0.617 0.582 0.546 0.53 0.548 0.576 0.552 0.552 -9999 -9999 -9999
0.304 0.306 0.348 0.372 0.405 0.412 0.41 0.431 0.44 0.401 0.395 0.432 0.437 0.432 0.402 0.426 0.429 0.447 0.444 0.377 0.422 0.535 0.53 0.527 0.448 0.431 0.432 0.502 0.494 0.518 0.552 0.566 0.567 0.573 0.552 0.623 0.537 0.622 0.591 0.6 0.619 0.529 0.62 0.661 0.666 0.67 0.651 0.589 0.58 0.574 0.489 0.36 0.375 0.379 0.455 0.429 0.475 0.503 0.556 0.587 0.613 0.626 0.619 0.476 0.539 0.616 0.666 0.583 0.588 0.581 0.558 0.543 0.524 0.581 -9999 -9999 -9999
0.352 0.365 0.392 0.414 0.435 0.429 0.433 0.433 0.426 0.437 0.398 0.452 0.446 0.427 0.392 0.417 0.431 0.448 0.434 0.414 0.451 0.516 0.487 0.473 0.425 0.421 0.442 0.511 0.516 0.514 0.526 0.577 0.579 0.576 0.532 0.55 0.593 0.59 0.599 0.613 0.609 0.605 0.6 0.615 0.644 0.622 0.6 0.587 0.578 0.569 0.535 0.39 0.41 0.434 0.498 0.438 0.536 0.568 0.579 0.583 0.616 0.653 0.59 0.543 0.615 0.625 0.627 0.598 0.58 0.482 0.497 0.437 0.357 0.436 -9999 -9999 -9999
