data/china_ndvi_max_1999.asc
ncols         710
nrows         510
xllcorner     70
yllcorner     10
cellsize      0.1
NODATA_value  -9999
[rows 238 to 271 of 510, columns 154 to 230 of 710]
0.116 0.052 0.044 0.046 0.043 0.036 0.054 0.05 0.05 0.054 0.062 0.063 0.06 0.048 0.05 0.032 0.049 0.064 0.066 0.057 0.057 0.061 0.065 0.062 0.038 0.036 0.061 0.055 0.057 -0.123 -0.3 0.017 0.062 0.063 0.068 0.061 0.093 0.121 0.117 0.09 0.071 0.082 0.08 0.068 0.08 0.1 0.086 0.076 0.071 0.063 0.063 0.075 0.077 0.105 0.102 0.087 0.072 0.101 0.095 0.115 0.138 0.145 0.103 0.083 0.074 0.062 0.053 0.05 0.049 0.055 0.055 0.05 0.056 0.11 0.05 0.169 0.154
0.058 0.061 0.056 0.059 0.046 0.046 0.048 0.095 0.06 0.064 0.072 0.06 0.061 0.069 0.067 0.057 0.05 0.069 0.067 0.067 0.061 0.055 0.06 0.059 0.048 0.059 0.084 0.069 0.045 0.016 -0.3 -0.002 0.064 0.069 0.086 0.092 0.079 0.075 0.082 0.093 0.088 0.097 0.088 0.069 0.087 0.094 0.089 0.093 0.083 0.064 0.063 0.075 0.088 0.093 0.111 0.118 0.096 0.103 0.101 0.118 0.117 0.128 0.087 0.087 0.087 0.075 0.063 0.058 0.055 0.053 0.056 0.054 0.048 0.047 0.043 0.043 0.194
0.032 0.049 0.056 0.048 0.048 0.052 0.064 0.052 0.051 0.054 0.055 0.071 0.08 0.075 0.064 0.104 0.084 0.077 0.066 0.083 0.083 0.096 0.116 0.097 0.096 0.081 0.106 0.089 0.088 0.114 0.116 0.113 0.127 0.083 0.09 0.093 0.098 0.086 0.096 0.127 0.118 0.105 0.104 0.102 0.127 0.147 0.11 0.124 0.125 0.136 0.127 0.068 0.072 0.077 0.086 0.088 0.094 0.105 0.088 0.088 0.081 0.083 0.083 0.09 0.074 0.087 0.117 0.128 0.102 0.09 0.083 0.072 0.063 0.061 0.059 0.056 0.048
0.055 0.055 0.054 0.064 0.058 0.063 0.066 0.056 0.054 0.06 0.062 0.068 0.069 0.066 0.064 0.071 0.077 0.071 0.075 0.078 0.078 0.1 0.09 0.078 0.07 0.089 0.099 0.088 0.076 0.078 0.081 0.087 0.096 0.094 0.102 0.099 0.098 0.104 0.099 0.108 0.122 0.131 0.125 0.097 0.136 0.171 0.184 0.189 0.195 0.128 0.148 0.133 0.087 0.112 0.163 0.17 0.144 0.115 0.119 0.099 0.089 0.084 0.082 0.083 0.087 0.078 0.073 0.076 0.096 0.094 0.087 0.068 0.063 0.062 0.051 0.053 0.055
0.052 0.059 0.06 0.051 0.045 0.053 0.054 0.055 0.06 0.056 0.055 0.063 0.058 0.049 0.056 0.062 0.065 0.071 0.054 0.065 0.08 0.059 0.046 0.044 0.073 0.071 0.074 0.099 0.091 0.112 0.126 0.109 0.112 0.109 0.08 0.081 0.076 0.086 0.079 0.088 0.12 0.112 0.126 0.133 0.128 0.124 0.114 0.119 0.153 0.177 0.143 0.143 0.136 0.104 0.087 0.142 0.136 0.113 0.128 0.15 0.155 0.11 0.088 0.087 0.07 0.068 0.067 0.074 0.07 0.063 0.062 0.068 0.059 0.058 0.071 0.074 0.062
0.041 0.055 0.067 0.058 0.06 0.063 0.054 0.064 0.053 0.042 0.041 0.054 0.074 0.079 0.076 0.072 0.066 0.074 0.075 0.087 0.069 0.055 0.049 0.078 0.08 0.078 0.073 0.08 0.11 0.105 0.126 0.111 0.114 0.123 0.11 0.093 0.084 0.078 0.088 0.069 0.064 0.103 0.119 0.155 0.109 0.114 0.135 0.138 0.154 0.136 0.144 0.114 0.121 0.108 0.094 0.086 0.045 0.006 0.014 0.078 0.152 0.152 0.124 0.108 0.087 0.077 0.067 0.064 0.067 0.064 0.061 0.065 0.058 0.076 0.1 0.105 0.061
0.058 0.07 0.071 0.068 0.056 0.071 0.067 0.064 0.061 0.057 0.056 0.058 0.059 0.044 0.043 0.053 0.068 0.071 0.068 0.05 -0.006 0.021 0.06 0.089 0.103 0.092 0.084 0.092 0.104 0.081 0.076 0.081 0.08 0.083 0.112 0.114 0.094 0.08 0.088 0.079 0.074 0.068 0.057 0.079 0.104 0.103 0.112 0.118 0.105 0.125 0.132 0.144 0.135 0.109 0.101 0.1 0.087 0.053 0.02 0.066 0.129 0.18 0.162 0.134 0.122 0.098 0.086 0.077 0.076 0.068 0.064 0.055 0.05 0.062 0.076 0.078 0.066
0.071 0.068 0.059 0.051 0.053 0.041 0.051 0.054 0.046 0.051 0.051 0.042 0.049 0.05 0.052 0.045 0.05 0.017 -0.033 -0.035 -0.043 -0.03 0.009 0.046 0.053 0.055 0.062 0.057 0.056 0.06 0.058 0.064 0.054 0.038 0.089 0.067 0.067 0.088 0.096 -0.026 -0.111 0.092 0.096 0.084 0.047 0.019 0.119 0.043 0.098 0.179 0.143 0.068 0.08 0.061 0.08 0.061 0.068 0.098 0.086 0.068 0.077 0.136 0.127 0.154 0.157 0.129 0.141 0.15 0.101 0.083 0.081 0.096 0.128 0.122 0.102 0.096 0.094
0.066 0.052 0.047 0.056 0.049 0.043 0.043 0.037 0.04 0.042 0.045 0.049 0.037 0.049 0.043 0.044 0.041 0.034 0.01 -0.006 0.013 0.04 0.036 0.053 0.054 0.056 0.064 0.069 0.047 0.039 0.059 0.073 0.065 0.053 0.075 0.082 0.048 0.057 0.062 0.083 0.054 -0.002 0.052 0.08 0.079 0.07 0.061 0.061 0.045 0.039 0.071 0.111 0.104 0.068 0.064 0.058 0.039 0.042 0.058 0.09 0.089 0.08 0.09 0.086 0.089 0.093 0.119 0.175 0.134 0.102 0.104 0.121 0.128 0.118 0.149 0.136 0.102
0.056 0.049 0.043 0.035 0.042 0.047 0.052 0.043 0.045 0.052 0.065 0.052 0.052 0.052 0.051 0.053 0.051 0.05 0.05 0.053 0.053 0.061 0.059 0.056 0.057 0.064 0.071 0.027 0.057 0.061 0.06 0.067 0.071 0.078 0.088 0.1 0.071 0.067 0.067 0.036 0.059 0.055 0.062 0.068 0.076 0.068 0.052 0.038 0.046 0.049 0.054 0.066 0.073 0.064 0.066 0.061 0.065 0.039 0.052 0.046 0.075 0.068 0.062 0.089 0.087 0.079 0.053 0.078 0.13 0.11 0.09 0.088 0.078 0.086 0.077 0.097 0.083
0.053 0.052 0.05 0.049 0.055 0.056 0.056 0.059 0.055 0.061 0.06 0.059 0.058 0.066 0.062 0.067 0.074 0.058 0.051 0.04 0.048 0.057 0.049 0.063 0.076 0.078 0.085 0.09 0.091 0.085 0.072 0.066 0.068 0.072 0.076 0.09 0.1 0.095 0.084 0.079 0.086 0.072 0.09 0.089 0.101 0.099 0.01 -0.044 0.046 0.091 0.085 0.049 0.061 0.094 0.039 -0.01 -0.009 0.034 0.049 0.077 0.101 0.079 0.086 0.115 0.086 0.092 0.118 0.108 0.11 0.089 0.112 0.146 0.15 0.097 0.08 0.071 0.067
0.055 0.058 0.056 0.056 0.058 0.06 0.056 0.052 0.062 0.06 0.054 0.068 0.083 0.083 0.077 0.073 0.073 0.066 0.068 0.065 0.059 0.066 0.059 0.061 0.064 0.07 0.052 0.069 0.073 0.065 0.058 0.062 0.067 0.062 0.093 0.001 0.076 0.064 0.07 0.069 0.059 0.083 0.091 0.073 0.056 0.058 0.044 0.048 0.067 0.093 0.069 0.057 0.05 0.055 0.021 -0.055 -0.022 0.023 0.048 0.056 0.083 0.076 0.093 0.128 0.109 0.104 0.13 0.13 0.113 0.114 0.139 0.142 0.113 0.117 0.079 0.065 0.064
0.066 0.077 0.076 0.072 0.094 0.095 0.075 0.065 0.072 0.079 0.072 0.101 0.123 0.099 0.09 0.081 0.063 0.069 0.074 0.072 0.063 0.064 0.063 0.089 0.092 0.078 0.085 0.109 0.1 0.096 0.095 0.103 0.112 0.138 0.148 0.128 0.113 0.114 0.109 0.114 0.08 0.09 0.073 0.06 0.056 0.056 0.099 0.091 0.06 0.037 0.02 0.066 0.009 0.008 -0.029 0.059 0.066 0.068 0.096 0.102 0.007 0.033 0.094 0.076 0.089 0.124 0.154 0.129 0.121 0.085 0.075 0.066 0.064 0.049 0.036 0.017 0.018
0.058 0.065 0.044 0.033 0.051 0.057 0.078 0.111 0.08 0.1 0.097 0.08 0.095 0.088 0.083 0.081 0.081 0.077 0.076 0.072 0.069 0.065 0.063 0.068 0.072 0.077 0.083 0.08 0.084 0.079 0.087 0.096 0.095 0.101 0.055 0.105 0.094 0.098 0.108 0.079 0.067 0.084 0.086 0.082 0.087 0.08 0.016 0.066 0.044 0.072 0.056 0.049 0.006 -0.005 0.018 0.086 0.074 0.079 0.089 0.085 0.091 0.107 0.087 0.084 0.085 0.071 0.063 0.094 0.131 0.122 0.104 0.079 0.099 0.111 0.066 0.05 0.038
0.047 0.031 -0.034 0.026 0.067 0.062 0.072 0.077 0.087 0.081 0.069 0.072 0.071 0.073 0.074 0.079 0.067 0.073 0.068 0.048 0.069 0.078 0.083 0.077 0.072 0.074 0.077 0.083 0.084 0.092 0.099 0.087 0.083 0.087 0.091 0.093 0.099 0.095 0.105 0.142 0.137 0.079 0.068 0.068 0.048 0.09 0.094 0.125 0.125 0.122 0.097 0.08 0.085 0.075 0.064 0.065 0.095 0.089 0.07 0.066 0.024 0.135 0.163 0.094 0.08 0.067 0.118 0.111 0.138 0.129 0.098 0.096 0.094 0.109 0.113 -0.3 0.052
0.04 0.041 0.026 0.059 0.076 0.08 0.077 0.072 0.084 0.053 0.067 0.089 0.084 0.069 0.07 0.074 0.077 0.085 0.083 0.086 0.087 0.081 0.087 0.081 0.084 0.092 0.108 0.116 0.107 0.119 0.113 0.11 0.116 0.113 0.119 0.116 0.12 0.119 0.124 0.104 0.098 0.075 0.078 0.003 -0.008 0.112 0.105 0.11 0.098 0.075 0.054 0.092 0.075 -0 0.07 0.067 0.018 0.06 0.042 0.096 0.106 0.114 0.166 0.098 0.106 0.056 0.15 0.159 0.138 0.11 0.111 0.131 0.144 0.118 0.103 0.087 0.08
0.063 0.057 0.052 0.055 0.072 0.067 0.071 0.074 0.079 0.085 0.08 0.094 0.091 0.093 0.082 0.067 0.083 0.085 0.085 0.089 0.085 0.097 0.093 0.095 0.099 0.099 0.101 0.11 0.109 0.076 0.09 0.087 0.093 0.096 0.099 0.089 0.097 0.093 0.112 0.096 0.063 0.018 -0.014 0.041 0.059 0.109 0.111 0.093 0.071 0.097 0.12 0.127 0.097 0.108 0.104 0.099 0.112 0.137 -0.3 -0.3 0.093 0.081 0.136 0.169 0.131 -0.3 0.1 0.132 0.139 0.109 0.109 0.122 0.133 0.14 0.138 0.143 0.122
0.074 0.073 0.06 0.056 0.061 0.072 0.079 0.082 0.084 0.079 0.077 0.084 0.08 0.083 0.087 0.086 0.112 0.096 0.088 0.067 0.072 0.112 0.106 0.112 0.099 0.109 0.108 0.119 0.117 0.111 0.101 0.12 0.128 0.111 0.076 0.111 0.077 0.058 -0.042 -0.031 0.064 0.099 0.109 0.076 0.059 0.055 0.076 0.083 0.083 0.093 0.103 0.123 0.135 0.14 0.111 0.098 0.109 0.084 0.094 0.101 0.116 0.133 0.135 0.148 0.15 0.135 0.123 0.128 0.128 0.138 0.174 0.155 0.152 0.148 0.147 0.142 0.134
0.079 0.076 0.069 0.079 0.078 0.076 0.078 0.079 0.078 0.043 0.081 0.098 0.092 0.092 0.095 0.09 0.099 0.097 0.076 -0.104 0.077 0.092 0.097 0.093 0.097 0.098 0.104 0.107 0.111 0.099 0.096 0.079 0.137 0.147 0.114 0.095 0.092 0.107 0.08 -0.3 0.085 0.089 0.082 0.072 0.057 0.06 0.068 0.05 0.051 0.053 0.02 0.086 0.095 0.081 0.084 0.087 0.121 0.116 0.127 0.107 0.115 0.129 0.132 0.149 0.112 0.004 0.112 0.129 0.139 0.16 0.17 0.193 0.167 0.152 0.152 0.135 0.133
0.074 0.091 0.097 0.106 0.105 0.104 0.081 0.091 0.092 0.095 0.113 0.094 0.1 0.102 0.077 0.088 0.085 0.083 0.073 0.096 0.1 0.08 0.065 0.084 0.098 0.104 0.113 0.12 0.129 0.111 0.093 0.073 0.08 0.131 0.125 0.146 0.139 0.138 0.138 0.109 0.107 0.101 0.129 0.141 0.142 0.121 0.068 0.03 0.041 -0.3 -0.3 0.048 0.079 0.105 0.116 0.114 0.137 0.108 0.073 0.08 0.091 0.098 0.108 0.129 0.138 0.134 0.078 -0.3 -0.3 0.12 0.127 0.149 0.165 0.165 0.181 0.177 0.174
0.08 0.073 0.097 0.092 0.095 0.089 0.084 0.088 0.093 0.079 0.084 0.076 0.072 -0.101 -0.164 0.03 0.09 0.104 0.098 0.101 0.125 0.108 0.108 0.11 0.123 0.126 0.121 0.14 0.139 0.128 0.126 0.128 0.118 0.097 0.107 0.119 0.168 0.139 0.162 0.127 0.125 0.137 0.144 0.131 0.103 0.134 0.179 0.168 0.155 0.132 0.121 0.154 0.147 0.128 0.115 0.109 0.14 0.161 0.133 0.164 0.145 0.146 0.164 0.172 0.127 0.155 0.135 0.133 0.136 0.105 0.103 0.146 0.147 0.122 0.121 0.141 0.24
0.112 0.089 0.079 0.078 0.093 0.097 0.096 0.086 0.083 0.082 0.069 0.08 0.069 0.043 0.072 0.059 0.066 0.07 0.085 0.108 0.116 0.112 0.085 0.057 0.115 0.126 0.007 0.108 0.115 0.116 0.095 0.103 0.099 0.091 0.107 0.123 0.182 0.185 0.191 0.183 0.116 0.14 0.166 0.162 0.139 0.137 0.132 0.151 0.141 0.113 0.111 0.107 0.02 0.088 0.105 0.092 0.095 0.101 0.109 0.137 0.168 0.11 0.12 0.109 0.111 0.131 0.17 0.196 0.187 0.174 0.188 0.145 0.166 0.162 0.168 0.155 0.109
0.123 0.131 0.127 0.117 0.113 0.109 0.091 0.104 0.096 0.083 0.098 0.108 0.067 0.12 0.111 0.114 0.123 0.112 0.112 0.099 0.095 0.127 0.138 0.124 0.115 0.097 0.106 0.093 0.099 0.092 0.102 0.105 0.111 0.127 0.138 0.131 0.126 0.14 0.145 0.127 0.142 0.072 0.031 0.105 0.141 0.133 0.168 0.161 0.161 -0.039 -0.3 -0.13 0.048 0.111 0.138 0.144 0.094 0.084 0.092 0.088 0.108 0.126 0.136 0.133 0.138 0.135 0.101 0.106 0.128 0.135 0.159 0.236 0.234 0.217 0.163 0.142 0.119
0.104 0.11 0.11 0.125 0.125 0.129 0.126 0.114 0.099 0.109 0.121 0.098 0.062 0.097 0.124 0.115 0.111 0.124 0.113 0.123 0.113 0.116 0.112 0.109 0.101 0.106 0.093 0.089 0.101 0.122 0.116 0.124 0.118 0.12 0.143 0.142 0.132 0.132 0.147 0.08 0.08 0.114 0.104 0.123 0.146 0.149 0.118 0.107 0.092 0.043 -0.3 0.121 0.123 0.059 0.121 0.108 0.119 0.107 0.092 0.121 0.118 0.097 0.098 0.102 0.134 0.14 0.125 0.116 0.038 0.127 0.157 0.231 0.231 0.201 0.209 0.237 0.242
0.09 0.1 0.106 0.114 0.115 0.117 0.106 0.106 0.103 0.099 0.06 0.093 0.103 0.103 0.088 0.097 0.096 0.1 0.087 0.092 0.101 0.084 0.068 0.083 0.084 0.105 0.097 0.086 0.091 0.095 0.095 0.093 0.086 0.069 0.104 0.131 0.118 0.115 0.127 0.131 0.124 0.131 0.147 0.123 0.146 0.168 0.117 0.128 0.144 0.144 0.124 0.049 -0.051 0.053 0.121 0.133 0.134 0.126 0.128 0.166 0.182 0.125 0.129 0.116 0.128 0.143 0.151 0.155 0.144 0.143 0.168 0.195 0.235 0.224 0.22 0.213 0.213
0.079 0.098 0.084 0.08 0.103 0.102 0.087 0.096 0.106 0.119 0.115 0.099 0.083 0.092 0.091 0.091 0.107 0.102 0.085 0.087 0.092 0.083 0.031 0.078 0.093 0.091 0.103 0.108 0.112 0.092 0.092 0.103 0.095 0.027 0.03 -0.3 0.134 0.111 0.074 0.133 0.146 0.127 0.092 0.081 0.021 0.14 0.15 0.127 0.149 0.197 0.196 0.117 0.12 0.103 0.125 0.128 0.132 0.13 0.13 0.166 0.194 0.187 0.149 0.134 0.125 0.159 0.12 0.091 0.124 0.13 0.12 0.132 0.148 0.184 0.211 0.171 0.204
0.066 0.09 0.04 0.084 0.081 0.034 0.068 0.063 0.063 0.075 0.069 0.114 0.122 0.112 0.102 0.092 0.064 0.075 0.057 0.1 0.1 0.089 0.094 0.076 0.097 0.108 0.106 0.118 0.108 0.109 0.111 0.063 0.073 0.105 0.115 0.103 -0.3 -0.07 0.036 0.112 0.106 0.098 0.077 0.086 0.041 0.089 0.172 0.142 0.166 0.233 0.25 0.177 0.162 0.145 0.136 0.123 0.14 0.132 0.137 0.146 0.139 0.195 0.204 0.175 0.159 0.183 0.171 0.143 0.168 0.175 0.169 0.138 0.158 0.158 0.177 0.197 0.2
0.095 0.097 0.048 0.086 0.017 -0.045 0.084 0.087 0.087 0.079 0.088 0.072 0.073 0.092 0.047 0.07 0.113 0.122 0.107 0.105 0.115 0.039 0.115 0.101 0.084 0.087 0.091 0.129 0.127 0.11 0.106 0.102 0.106 0.117 0.126 0.112 0.093 0.116 0.083 0.135 0.162 0.196 0.144 0.098 0.091 0.083 0.124 0.133 0.154 0.099 0.13 0.122 0.13 0.163 0.157 0.127 0.129 0.168 0.199 0.217 0.239 0.101 -0.057 0.156 0.165 0.134 0.162 0.124 0.157 0.172 0.205 0.184 0.169 0.129 0.157 0.163 0.124
0.094 0.102 0.098 0.098 0.077 0.022 0.086 0.088 0.091 0.091 0.084 0.094 0.108 0.12 0.117 0.12 0.116 0.115 0.118 0.115 0.103 0.097 0.122 0.042 0.106 0.123 0.118 0.118 0.11 0.116 0.123 0.119 0.119 0.116 0.133 0.14 0.105 0.124 0.149 0.159 0.166 0.157 0.147 0.093 0.101 0.094 0.094 0.122 0.104 0.076 0.079 0.1 0.16 0.167 0.165 0.133 0.148 0.183 0.195 0.16 0.151 0.085 0.019 0.146 0.166 0.146 0.148 0.129 0.16 0.178 0.179 0.157 0.135 0.124 0.185 0.207 0.194
0.106 0.093 0.101 0.099 0.096 0.091 0.102 0.096 0.086 0.085 0.091 0.075 0.028 0.096 0.115 0.106 0.113 0.109 0.112 0.123 0.111 0.105 0.118 0.112 0.069 0.101 0.121 0.101 0.094 0.106 0.114 0.116 0.102 0.104 0.121 0.123 0.131 0.138 0.13 0.158 0.152 0.114 0.108 0.107 0.1 0.098 0.096 0.131 0.078 0.07 0.067 0.079 0.141 0.171 0.183 0.138 0.163 0.153 0.214 0.203 0.22 0.23 0.212 0.141 0.14 0.158 0.173 0.113 0.16 0.185 0.176 0.13 0.12 0.12 0.136 0.134 0.13
0.128 0.104 0.098 0.104 0.111 0.098 0.09 0.088 0.092 0.101 0.088 0.077 0.014 0.074 0.12 0.125 0.095 0.11 0.107 0.111 0.107 0.106 0.092 0.108 0.1 0.089 0.111 0.119 0.118 0.111 0.112 0.116 0.117 0.113 0.129 0.168 0.155 0.156 0.144 0.128 0.123 0.11 0.112 0.11 0.144 0.146 0.135 0.126 0.121 0.083 0.077 0.093 0.148 0.155 0.174 0.146 0.169 0.2 0.195 0.167 0.191 0.226 0.276 0.22 0.198 0.182 0.14 0.18 0.228 0.232 0.229 0.172 0.143 0.137 0.132 0.173 0.156
0.113 0.115 0.053 0.11 0.113 0.101 0.085 0.097 0.098 0.114 0.106 0.079 0.092 0.107 0.108 0.112 0.078 0.102 0.1 0.107 0.108 0.111 0.106 0.109 0.101 0.107 0.106 0.11 0.125 0.126 0.121 0.134 0.132 0.143 0.13 0.121 0.072 0.074 0.135 0.093 0.105 0.105 0.113 0.121 0.141 0.142 0.122 0.128 0.094 0.094 0.079 0.091 0.088 0.069 0.116 0.153 0.107 0.151 0.191 0.183 0.218 0.182 0.196 0.202 0.199 0.23 0.168 0.17 0.195 0.203 0.193 0.181 0.153 0.123 0.106 0.102 0.122
0.126 0.132 0.126 0.12 0.121 0.126 0.12 0.12 0.113 0.117 0.126 0.119 0.105 0.095 0.087 0.072 -0.3 0.081 0.103 0.13 0.113 0.112 0.119 0.119 0.125 0.118 0.101 0.112 0.127 -0.036 0.094 0.122 -0.106 0.086 0.07 0.069 0.041 -0.042 -0.049 0.092 0.114 0.143 0.141 0.128 0.137 0.148 0.123 0.133 0.175 0.151 0.174 0.164 0.137 0.109 0.092 0.139 0.118 0.151 -0.3 0.125 0.155 0.18 0.201 0.18 0.175 0.157 0.121 0.121 0.152 0.141 0.122 0.169 0.181 0.19 0.153 0.179 0.224
0.105 0.112 0.114 0.115 0.117 0.117 0.119 0.116 0.117 0.121 0.123 0.11 0.109 0.118 0.111 0.105 0.112 0.109 0.116 0.139 0.123 0.127 0.132 0.125 0.1 0.102 0.091 0.11 0.118 0.108 0.117 0.062 0.109 0.104 0.094 0.095 0.016 -0.013 0.036 0.087 0.086 0.133 0.15 0.151 0.147 0.157 0.131 0.154 0.173 0.22 0.149 0.166 0.168 0.113 0.119 0.131 0.124 0.124 0.11 0.144 0.139 0.18 0.161 0.16 0.165 0.152 0.171 0.173 0.164 0.138 0.142 0.191 0.203 0.177 0.148 0.175 0.217
