data/china_ndvi_max_1986.asc
ncols         710
nrows         510
xllcorner     70
yllcorner     10
cellsize      0.1
NODATA_value  -9999
[rows 170 to 203 of 510, columns 462 to 538 of 710]
0.217 0.236 0.227 0.226 0.242 0.252 0.282 0.273 0.28 0.272 0.275 0.278 0.308 0.365 0.344 0.31 0.335 0.324 0.353 0.366 0.329 0.258 0.319 0.336 0.328 0.309 0.324 0.337 0.324 0.447 0.333 0.291 0.306 0.308 0.33 0.285 0.292 0.293 0.266 0.291 0.299 0.296 0.31 0.266 0.317 0.271 0.238 0.244 0.302 0.325 0.285 0.263 0.264 0.331 0.295 0.309 0.297 0.29 0.285 0.286 0.282 0.283 0.313 0.311 0.32 0.283 0.301 0.3 0.298 0.284 0.301 0.3 0.301 0.308 0.312 0.283 0.339
0.234 0.227 0.227 0.241 0.246 0.289 0.28 0.26 0.294 0.296 0.292 0.313 0.362 0.357 0.331 0.33 0.33 0.324 0.394 0.343 0.318 0.297 0.277 0.29 0.295 0.326 0.289 0.322 0.29 0.305 0.28 0.305 0.314 0.308 0.285 0.312 0.292 0.275 0.295 0.311 0.318 0.292 0.298 0.267 0.269 0.28 0.299 0.278 0.25 0.253 0.283 0.326 0.346 0.284 0.287 0.288 0.278 0.266 0.286 0.291 0.303 0.337 0.353 0.352 0.376 0.381 0.375 0.352 0.307 0.311 0.332 0.335 0.293 0.326 0.296 0.314 0.328
0.226 0.218 0.233 0.272 0.237 0.242 0.262 0.269 0.319 0.303 0.306 0.334 0.372 0.367 0.353 0.358 0.444 0.416 0.319 0.302 0.302 0.303 0.278 0.267 0.364 0.404 0.295 0.307 0.275 0.268 0.298 0.35 0.31 0.286 0.299 0.307 0.277 0.311 0.273 0.287 0.295 0.295 0.303 0.293 0.3 0.28 0.277 0.269 0.283 0.313 0.359 0.335 0.307 0.291 0.292 0.298 0.321 0.35 0.327 0.321 0.35 0.351 0.356 0.341 0.31 0.331 0.343 0.379 0.347 0.347 0.347 0.355 0.356 0.343 0.348 0.336 0.357
0.224 0.23 0.233 0.233 0.243 0.229 0.224 0.233 0.271 0.255 0.267 0.328 0.359 0.384 0.406 0.355 0.366 0.281 0.294 0.309 0.299 0.287 0.328 0.385 0.357 0.31 0.288 0.283 0.258 0.278 0.325 0.318 0.301 0.278 0.316 0.276 0.277 0.32 0.266 0.237 0.31 0.326 0.311 0.296 0.293 0.286 0.271 0.278 0.329 0.338 0.315 0.284 0.32 0.26 0.292 0.298 0.321 0.306 0.313 0.321 0.334 0.245 0.375 0.334 0.276 0.322 0.268 0.269 0.338 0.339 0.368 0.36 0.354 0.359 0.36 0.365 0.383
0.235 0.227 0.233 0.237 0.243 0.259 0.273 0.266 0.28 0.317 0.283 0.296 0.313 0.382 0.393 0.466 0.336 0.295 0.317 0.3 0.281 0.244 0.263 0.31 0.313 0.315 0.308 0.296 0.271 0.304 0.284 0.295 0.285 0.261 0.28 0.301 0.289 0.236 0.282 0.272 0.266 0.282 0.29 0.274 0.261 0.278 0.31 0.317 0.336 0.344 0.317 0.312 0.305 0.293 0.286 0.318 0.28 0.298 0.359 0.371 0.365 0.367 0.351 0.295 0.283 0.324 0.301 0.307 0.3 0.306 0.326 0.342 0.378 0.34 0.346 0.356 0.371
0.234 0.235 0.232 0.252 0.226 0.177 0.24 0.249 0.274 0.261 0.267 0.361 0.369 0.316 0.304 0.398 0.338 0.257 0.315 0.315 0.311 0.293 0.273 0.244 0.297 0.379 0.28 0.287 0.27 0.255 0.269 0.253 0.25 0.213 0.191 0.197 0.291 0.294 0.209 0.25 0.327 0.286 0.258 0.349 0.354 0.354 0.332 0.269 0.265 0.272 0.301 0.321 0.353 0.329 0.322 0.258 0.309 0.317 0.341 0.318 0.295 0.278 0.268 0.289 0.286 0.312 0.304 0.292 0.308 0.312 0.32 0.304 0.335 0.345 0.355 0.347 0.352
0.223 0.237 0.243 0.241 -0.3 -0.3 0.23 0.232 0.283 0.23 0.268 0.336 0.339 0.28 0.403 0.373 0.482 0.383 0.329 0.352 0.27 0.259 0.25 0.248 0.289 0.257 0.266 0.285 0.253 0.259 0.279 0.283 0.249 0.254 0.267 0.321 0.28 0.278 0.261 0.263 0.278 0.283 0.267 0.286 0.302 0.261 0.23 0.238 0.236 0.277 0.299 0.298 0.288 0.27 0.245 0.261 0.273 0.273 0.27 0.259 0.273 0.275 0.29 0.271 0.273 0.27 0.285 0.29 0.295 0.31 0.285 0.3 0.348 0.345 0.376 0.357 0.349
0.216 0.217 0.246 0.239 0.217 0.225 0.249 0.263 0.238 0.229 0.217 0.257 0.255 0.274 0.279 0.261 0.26 0.268 0.261 0.273 0.29 0.284 0.296 0.285 0.311 0.244 0.209 0.196 0.206 0.226 0.226 0.209 0.231 0.256 0.25 0.248 0.254 0.262 0.202 0.205 0.288 0.225 0.188 0.224 0.174 0.204 0.224 0.226 0.305 0.274 0.28 0.259 0.246 0.246 0.259 0.251 0.264 0.263 0.271 0.264 0.288 0.277 0.267 0.274 0.283 0.27 0.268 0.267 0.298 0.275 0.275 0.308 0.329 0.364 0.396 0.358 0.373
0.193 0.197 0.216 0.236 0.228 0.222 0.242 0.235 0.221 0.239 0.237 0.264 0.323 0.264 0.242 0.259 0.276 0.294 0.267 0.303 0.272 0.272 0.289 0.267 0.302 0.345 0.276 0.224 0.169 0.159 0.196 0.209 0.182 0.211 0.196 0.183 0.165 0.166 0.195 0.195 0.19 0.168 0.192 0.154 0.2 0.236 0.243 0.283 0.267 0.246 0.258 0.246 0.252 0.251 0.251 0.252 0.265 0.284 0.291 0.283 0.284 0.271 0.279 0.289 0.288 0.274 0.297 0.299 0.31 0.314 0.298 0.327 0.324 0.37 0.394 0.396 0.402
0.242 0.248 0.252 0.232 0.244 0.227 0.211 0.223 0.223 0.236 0.24 0.235 0.249 0.284 0.284 0.35 0.397 0.41 0.296 0.279 0.277 0.297 0.272 0.296 0.283 0.289 0.268 0.274 0.242 0.192 0.187 0.195 0.16 0.192 0.218 0.195 0.174 0.175 0.16 0.163 0.169 0.235 0.217 0.197 0.209 0.23 0.262 0.281 0.255 0.247 0.246 0.256 0.26 0.255 0.268 0.261 0.271 0.285 0.281 0.302 0.285 0.29 0.298 0.28 0.292 0.296 0.307 0.315 0.304 0.314 0.319 0.341 0.347 0.388 0.388 0.384 0.415
0.207 0.216 0.206 0.256 0.254 0.231 0.249 0.26 0.263 0.29 0.296 0.407 0.416 0.404 0.374 0.334 0.347 0.362 0.316 0.308 0.309 0.282 0.281 0.251 0.27 0.257 0.263 0.271 0.275 0.299 0.271 0.304 0.289 0.213 0.244 0.238 0.26 0.262 0.259 0.264 0.303 0.31 0.257 0.288 0.267 0.254 0.274 0.249 0.237 0.241 0.243 0.241 0.216 0.191 0.201 0.209 0.203 0.199 0.266 0.285 0.286 0.294 0.304 0.322 0.326 0.309 0.326 0.326 0.35 0.374 0.389 0.387 0.398 0.396 0.373 0.411 0.398
0.24 0.254 0.208 0.233 0.246 0.262 0.243 0.251 0.297 0.348 0.324 0.336 0.403 0.429 0.35 0.371 0.336 0.354 0.331 0.32 0.299 0.281 0.291 0.283 0.286 0.282 0.265 0.254 0.249 0.276 0.273 0.275 0.261 0.229 0.235 0.295 0.29 0.279 0.255 0.264 0.287 0.269 0.263 0.224 0.277 0.297 0.29 0.254 0.244 0.242 0.268 0.266 0.273 0.293 0.26 0.262 0.274 0.266 0.279 0.304 0.348 0.292 0.292 0.334 0.339 0.357 0.348 0.327 0.369 0.365 0.378 0.372 0.374 0.401 0.397 0.415 0.414
0.252 0.231 0.191 0.245 0.251 0.239 0.258 0.252 0.321 0.324 0.3 0.333 0.384 0.375 0.348 0.323 0.346 0.377 0.342 0.335 0.338 0.273 0.259 0.261 0.26 0.257 0.242 0.245 0.276 0.274 0.271 0.24 0.227 0.308 0.273 0.221 0.284 0.289 0.301 0.285 0.287 0.289 0.304 0.295 0.299 0.305 0.286 0.295 0.306 0.318 0.296 0.279 0.289 0.276 0.252 0.263 0.291 0.326 0.328 0.314 0.339 0.331 0.339 0.355 0.318 0.343 0.378 0.385 0.391 0.404 0.395 0.358 0.366 0.381 0.417 0.411 0.417
0.223 0.192 0.221 0.254 0.269 0.269 0.26 0.254 0.297 0.261 0.286 0.374 0.44 0.333 0.325 0.405 0.391 0.4 0.394 0.36 0.356 0.313 0.285 0.278 0.246 0.268 0.277 0.355 0.287 0.242 0.25 0.277 0.251 0.232 0.23 0.298 0.285 0.271 0.29 0.278 0.282 0.271 0.259 0.327 0.302 0.32 0.301 0.295 0.272 0.287 0.266 0.266 0.279 0.254 0.26 0.275 0.309 0.352 0.349 0.352 0.342 0.373 0.368 0.368 0.353 0.352 0.378 0.375 0.408 0.412 0.401 0.351 0.408 0.396 0.387 0.423 0.412
0.257 0.225 0.237 0.245 0.283 0.268 0.263 0.28 0.283 0.359 0.36 0.364 0.41 0.419 0.384 0.403 0.44 0.414 0.367 0.346 0.324 0.317 0.29 0.291 0.271 0.283 0.26 0.259 0.245 0.235 0.232 0.238 0.271 0.306 0.32 0.291 0.26 0.244 0.262 0.277 0.283 0.288 0.33 0.307 0.291 0.295 0.292 0.279 0.258 0.277 0.277 0.291 0.313 0.269 0.291 0.297 0.343 0.352 0.354 0.338 0.35 0.336 0.365 0.383 0.381 0.378 0.394 0.389 0.407 0.42 0.421 0.418 0.41 0.415 0.399 0.411 0.422
0.284 0.274 0.229 0.319 0.273 0.267 0.323 0.337 0.372 0.372 0.362 0.458 0.461 0.425 0.407 0.429 0.35 0.33 0.345 0.33 0.313 0.319 0.354 0.284 0.249 0.265 0.305 0.33 0.235 0.274 0.332 0.317 0.337 0.286 0.28 0.266 0.271 0.274 0.264 0.28 0.246 0.271 0.242 0.278 0.262 0.273 0.268 0.266 0.316 0.313 0.378 0.327 0.329 0.318 0.334 0.352 0.359 0.352 0.375 0.367 0.359 0.363 0.366 0.323 0.391 0.406 0.412 0.405 0.404 0.409 0.416 0.4 0.392 0.394 0.405 0.398 0.433
0.303 0.295 0.31 0.309 0.267 0.293 0.32 0.299 0.365 0.376 0.393 0.412 0.413 0.475 0.428 0.401 0.402 0.403 0.354 0.357 0.35 0.315 0.292 0.274 0.328 0.301 0.294 0.338 0.35 0.32 0.298 0.274 0.307 0.24 0.26 0.259 0.263 0.268 0.266 0.276 0.278 0.278 0.255 0.284 0.268 0.285 0.307 0.3 0.306 0.326 0.329 0.39 0.345 0.368 0.332 0.34 0.368 0.344 0.388 0.357 0.384 0.361 0.357 0.361 0.392 0.397 0.398 0.408 0.411 0.401 0.409 0.408 0.42 0.401 0.4 0.411 0.394
0.274 0.279 0.265 0.28 0.286 0.294 0.314 0.315 0.328 0.31 0.403 0.502 0.504 0.437 0.483 0.439 0.438 0.451 0.394 0.372 0.338 0.342 0.354 0.306 0.28 0.277 0.292 0.321 0.256 0.249 0.28 0.298 0.291 0.286 0.297 0.268 0.277 0.281 0.281 0.279 0.277 0.272 0.307 0.289 0.305 0.306 0.318 0.308 0.326 0.331 0.334 0.324 0.336 0.335 0.368 0.382 0.373 0.395 0.346 0.375 0.367 0.369 0.359 0.383 0.381 0.374 0.378 0.382 0.408 0.419 0.413 0.399 0.407 0.402 0.428 0.412 0.436
0.289 0.286 0.305 0.262 0.27 0.268 0.304 0.294 0.305 0.409 0.515 0.498 0.533 0.457 0.422 0.409 0.406 0.358 0.387 0.393 0.337 0.436 0.472 0.299 0.311 0.317 0.316 0.287 0.279 0.312 0.306 0.344 0.302 0.278 0.29 0.276 0.289 0.303 0.321 0.294 0.297 0.309 0.308 0.344 0.331 0.348 0.35 0.326 0.333 0.317 0.327 0.37 0.35 0.339 0.352 0.375 0.392 0.403 0.363 0.36 0.379 0.368 0.371 0.408 0.379 0.376 0.393 0.387 0.391 0.411 0.405 0.401 0.419 0.456 0.392 0.439 0.458
0.301 0.299 0.307 0.306 0.314 0.313 0.281 0.43 0.475 0.503 0.487 0.467 0.469 0.44 0.388 0.38 0.406 0.368 0.438 0.433 0.404 0.399 0.345 0.376 0.317 0.327 0.317 0.308 0.302 0.292 0.303 0.308 0.369 0.304 0.302 0.285 0.311 0.279 0.307 0.301 0.309 0.325 0.377 0.431 0.337 0.361 0.35 0.327 0.328 0.29 0.329 0.357 0.349 0.364 0.323 0.298 0.331 0.411 0.379 0.374 0.383 0.382 0.353 0.404 0.392 0.399 0.362 0.396 0.381 0.398 0.429 0.4 0.413 0.418 0.399 0.447 0.5
0.333 0.321 0.292 0.32 0.348 0.357 0.447 0.433 0.42 0.447 0.392 0.438 0.406 0.424 0.466 0.471 0.406 0.391 0.405 0.384 0.387 0.384 0.434 0.374 0.353 0.367 0.446 0.47 0.313 0.35 0.289 0.349 0.284 0.269 0.328 0.326 0.299 0.33 0.298 0.312 0.36 0.426 0.385 0.311 0.302 0.321 0.32 0.313 0.334 0.326 0.333 0.364 0.375 0.367 0.35 0.369 0.453 0.403 0.377 0.367 0.401 0.413 0.375 0.379 0.385 0.411 0.383 0.339 0.444 0.427 0.378 0.407 0.321 0.381 0.422 0.383 0.389
0.308 0.271 0.29 0.389 0.41 0.399 0.446 0.49 0.482 0.475 0.478 0.463 0.452 0.506 0.541 0.485 0.362 0.395 0.452 0.467 0.432 0.446 0.454 0.432 0.41 0.432 0.491 0.374 0.336 0.313 0.339 0.332 0.313 0.283 0.296 0.294 0.332 0.319 0.295 0.308 0.381 0.331 0.358 0.332 0.331 0.288 0.288 0.295 0.328 0.364 0.419 0.36 0.367 0.417 0.377 0.44 0.465 0.416 0.394 0.403 0.404 0.385 0.385 0.405 0.443 0.414 0.384 0.39 0.414 0.416 0.384 0.249 0.191 0.308 0.375 0.376 0.315
0.311 0.348 0.342 0.458 0.483 0.485 0.469 0.505 0.496 0.511 0.462 0.416 0.416 0.467 0.513 0.501 0.425 0.418 0.494 0.526 0.541 0.478 0.396 0.502 0.441 0.484 0.423 0.345 0.311 0.317 0.297 0.308 0.28 0.328 0.317 0.332 0.365 0.33 0.309 0.373 0.331 0.325 0.318 0.317 0.321 0.319 0.333 0.318 0.347 0.385 0.45 0.377 0.393 0.352 0.37 0.498 0.424 0.375 0.395 0.385 0.385 0.383 0.384 0.39 0.38 0.367 0.404 0.379 0.447 0.377 0.371 0.33 0.302 0.366 0.39 0.374 0.437
0.339 0.362 0.328 0.442 0.467 0.529 0.479 0.458 0.429 0.493 0.508 0.536 0.503 0.488 0.496 0.485 0.399 0.487 0.544 0.562 0.554 0.493 0.452 0.501 0.443 0.459 0.362 0.347 0.333 0.294 0.364 0.363 0.311 0.303 0.302 0.314 0.329 0.291 0.317 0.329 0.325 0.331 0.316 0.297 0.317 0.332 0.333 0.341 0.376 0.4 0.384 0.354 0.377 0.375 0.435 0.467 0.362 0.363 0.396 0.359 0.408 0.417 0.405 0.401 0.405 0.387 0.416 0.416 0.411 0.395 0.432 0.395 0.397 0.371 0.403 0.449 0.507
0.394 0.363 0.398 0.464 0.412 0.455 0.512 0.471 0.434 0.455 0.455 0.448 0.449 0.469 0.47 0.362 0.379 0.465 0.521 0.497 0.54 0.552 0.549 0.486 0.4 0.375 0.335 0.324 0.372 0.38 0.413 0.326 0.34 0.301 0.331 0.314 0.309 0.377 0.364 0.359 0.335 0.328 0.323 0.351 0.346 0.329 0.343 0.315 0.352 0.36 0.358 0.365 0.375 0.453 0.461 0.381 0.353 0.387 0.395 0.401 0.4 0.392 0.372 0.409 0.382 0.372 0.396 0.389 0.4 0.403 0.393 0.388 0.395 0.372 0.38 0.43 0.477
0.494 0.461 0.448 0.366 0.355 0.432 0.459 0.408 0.473 0.485 0.456 0.462 0.44 0.39 0.355 0.45 0.429 0.526 0.477 0.491 0.479 0.568 0.57 0.482 0.405 0.407 0.385 0.353 0.354 0.335 0.336 0.333 0.334 0.358 0.26 0.306 0.314 0.306 0.337 0.318 0.324 0.375 0.352 0.342 0.349 0.357 0.379 0.354 0.411 0.418 0.397 0.372 0.372 0.428 0.401 0.402 0.382 0.416 0.408 0.391 0.375 0.39 0.381 0.414 0.398 0.415 0.4 0.394 0.394 0.403 0.397 0.422 0.447 0.448 0.497 0.478 0.453
0.49 0.498 0.509 0.346 0.393 0.481 0.44 0.478 0.461 0.442 0.392 0.437 0.426 0.465 0.436 0.366 0.401 0.389 0.419 0.486 0.471 0.481 0.54 0.519 0.457 0.399 0.378 0.4 0.413 0.358 0.349 0.339 0.37 0.409 0.422 0.438 0.364 0.319 0.326 0.344 0.429 0.372 0.348 0.354 0.351 0.366 0.387 0.382 0.42 0.429 0.421 0.385 0.366 0.366 0.38 0.39 0.366 0.37 0.433 0.424 0.384 0.381 0.405 0.381 0.393 0.398 0.401 0.394 0.393 0.367 0.275 0.383 0.361 0.455 0.491 0.414 0.381
0.481 0.497 0.516 0.357 0.352 0.42 0.425 0.459 0.465 0.429 0.402 0.451 0.434 0.467 0.469 0.431 0.442 0.439 0.448 0.452 0.474 0.508 0.527 0.472 0.427 0.404 0.404 0.413 0.419 0.387 0.39 0.383 0.35 0.363 0.387 0.371 0.372 0.365 0.369 0.403 0.432 0.352 0.34 0.375 0.381 0.384 0.395 0.385 0.435 0.434 0.382 0.387 0.33 0.399 0.398 0.424 0.439 0.383 0.328 0.361 0.366 0.394 0.402 0.406 0.418 0.411 0.41 0.384 0.329 0.359 0.348 0.396 0.422 0.444 0.425 0.416 0.505
0.459 0.513 0.518 0.384 0.344 0.495 0.5 0.457 0.443 0.482 0.407 0.437 0.471 0.446 0.404 0.382 0.476 0.471 0.423 0.405 0.433 0.489 0.536 0.499 0.413 0.43 0.391 0.426 0.396 0.39 0.449 0.39 0.38 0.388 0.376 0.354 0.334 0.355 0.429 0.441 0.392 0.375 0.398 0.381 0.374 0.418 0.462 0.448 0.366 0.186 0.32 0.39 0.376 0.376 0.373 0.41 0.409 0.373 0.268 0.336 0.391 0.392 0.386 0.411 0.423 0.39 0.41 0.416 0.312 0.34 0.468 0.486 0.466 0.433 0.489 0.465 0.471
0.498 0.504 0.473 0.434 0.454 0.516 0.451 0.425 0.424 0.431 0.483 0.463 0.437 0.423 0.456 0.431 0.442 0.45 0.433 0.44 0.444 0.454 0.511 0.459 0.438 0.382 0.43 0.428 0.382 0.387 0.411 0.419 0.441 0.371 0.342 0.359 0.378 0.366 0.453 0.391 0.401 0.36 0.374 0.39 0.399 0.396 0.409 0.41 0.37 0.335 0.385 0.388 0.387 0.371 0.38 0.383 -9999 0.399 0.373 0.388 0.42 0.412 0.407 0.387 0.4 0.405 0.402 0.39 0.393 0.446 0.515 0.496 0.511 0.497 0.507 0.522 0.473
0.383 0.453 0.479 0.479 0.477 0.479 0.477 0.49 0.454 0.492 0.443 0.42 0.494 0.441 0.464 0.411 0.386 0.37 0.421 0.418 0.403 0.424 0.475 0.429 0.382 0.397 0.398 0.412 0.467 0.485 0.476 0.439 0.399 0.419 0.38 0.395 0.426 0.413 0.382 0.353 0.365 0.434 0.422 0.428 0.402 0.445 0.407 0.369 -0.3 -0.3 -9999 -9999 -9999 -9999 0.297 -9999 -9999 -9999 0.408 0.429 0.427 0.393 0.42 0.396 0.359 0.349 0.351 0.403 0.493 0.499 0.529 0.548 0.553 0.578 0.625 0.547 0.571
0.422 0.44 0.438 0.465 0.48 0.429 0.481 0.521 0.439 0.488 0.442 0.453 0.45 0.565 0.544 0.518 0.49 0.411 0.421 0.423 0.419 0.478 0.502 0.425 0.407 0.477 0.47 0.495 0.461 0.426 0.459 0.406 0.383 0.396 0.39 0.416 0.392 0.419 0.379 0.369 0.389 0.489 0.401 0.413 0.427 0.408 0.366 0.385 -9999 -9999 -9999 -9999 -9999 -9999 -9999 -9999 -9999 -9999 0.339 0.377 0.365 0.375 0.379 0.402 0.355 0.385 0.393 0.413 0.519 0.499 0.526 0.552 0.584 0.587 0.532 0.556 0.55
0.48 0.48 0.415 0.449 0.449 0.485 0.501 0.521 0.524 0.452 0.407 0.423 0.453 0.584 0.523 0.511 0.509 0.542 0.495 0.471 0.513 0.545 0.492 0.491 0.481 0.507 0.46 0.466 0.45 0.423 0.437 0.448 0.456 0.451 0.446 0.412 0.423 0.385 0.402 0.437 0.431 0.431 0.435 0.41 0.43 0.422 0.356 0.406 -9999 -9999 -9999 -9999 -9999 -9999 -9999 -9999 -9999 -9999 -9999 -9999 0.263 0.315 0.325 0.364 0.447 0.405 0.439 0.443 0.499 0.549 0.537 0.524 0.505 0.484 0.519 0.543 0.546
0.466 0.519 0.55 0.503 0.517 0.49 0.497 0.462 0.464 0.406 0.423 0.398 0.49 0.616 0.565 0.549 0.503 0.573 0.468 0.432 0.492 0.496 0.53 0.451 0.48 0.521 0.472 0.464 0.415 0.42 0.473 0.452 0.42 0.411 0.386 0.437 0.471 0.425 0.395 0.449 0.42 0.428 0.369 0.381 0.423 0.319 -9999 -9999 -9999 -9999 -9999 -9999 -9999 -9999 -9999 -9999 -9999 -9999 -9999 -9999 0.189 0.236 0.293 0.249 0.382 0.46 0.503 0.41 0.517 0.547 0.558 0.519 0.476 0.487 0.515 0.535 0.567
