data/china_ndvi_max_2010.asc
ncols         710
nrows         510
xllcorner     70
yllcorner     10
cellsize      0.1
NODATA_value  -9999
[rows 140 to 174 of 510, columns 77 to 153 of 710]
-9999 -9999 -9999 -9999 -9999 -9999 -9999 -9999 -9999 -9999 -9999 -9999 -9999 -9999 -9999 -9999 -9999 -9999 -9999 -9999 -9999 -9999 -9999 -9999 -9999 -9999 -9999 -9999 -9999 -9999 -9999 -9999 -9999 -9999 -9999 -9999 -9999 -9999 -9999 -9999 -9999 -9999 -9999 -9999 -9999 -9999 -9999 -9999 -9999 -9999 -9999 -9999 -9999 0.268 0.269 0.25 0.265 0.27 0.286 0.274 0.267 0.268 0.266 0.274 0.305 0.315 0.326 0.355 0.314 0.266 0.275 0.248 0.261 0.2 0.177 0.159 0.13
-9999 -9999 -9999 -9999 -9999 -9999 -9999 -9999 -9999 -9999 -9999 -9999 -9999 -9999 -9999 -9999 -9999 -9999 -9999 -9999 -9999 -9999 -9999 -9999 -9999 -9999 -9999 -9999 -9999 -9999 -9999 -9999 -9999 -9999 -9999 -9999 -9999 -9999 -9999 -9999 -9999 -9999 -9999 -9999 -9999 -9999 -9999 -9999 -9999 -9999 -9999 -9999 0.25 0.262 0.285 0.278 0.271 0.263 0.237 0.267 0.225 0.217 0.246 0.28 0.27 0.265 0.318 0.354 0.362 0.294 0.245 0.227 0.214 0.126 0.103 0.098 0.138
-9999 -9999 -9999 -9999 -9999 -9999 -9999 -9999 -9999 -9999 -9999 -9999 -9999 -9999 -9999 -9999 -9999 -9999 -9999 -9999 -9999 -9999 -9999 -9999 -9999 -9999 -9999 -9999 -9999 -9999 -9999 -9999 -9999 -9999 -9999 -9999 -9999 -9999 -9999 -9999 -9999 -9999 -9999 -9999 -9999 -9999 -9999 -9999 -9999 -9999 -9999 -9999 0.308 0.304 0.312 0.276 0.247 0.252 0.234 0.24 0.23 0.223 0.232 0.321 0.252 0.26 0.28 0.321 0.309 0.296 0.264 0.209 0.188 0.166 0.161 0.151 0.178
-9999 -9999 -9999 -9999 -9999 -9999 -9999 -9999 -9999 -9999 -9999 -9999 -9999 -9999 -9999 -9999 -9999 -9999 -9999 -9999 -9999 -9999 -9999 -9999 -9999 -9999 -9999 -9999 -9999 -9999 -9999 -9999 -9999 -9999 -9999 -9999 -9999 -9999 -9999 -9999 -9999 -9999 -9999 -9999 -9999 -9999 -9999 -9999 -9999 -9999 -9999 0.23 0.21 0.241 0.251 0.276 0.273 0.265 0.228 0.238 0.257 0.273 0.282 0.24 0.236 0.293 0.316 0.325 0.292 0.223 0.195 0.156 0.154 0.138 0.146 0.138 0.145
-9999 -9999 -9999 -9999 -9999 -9999 -9999 -9999 -9999 -9999 -9999 -9999 -9999 -9999 -9999 -9999 -9999 -9999 -9999 -9999 -9999 -9999 -9999 -9999 -9999 -9999 -9999 -9999 -9999 -9999 -9999 -9999 -9999 -9999 -9999 -9999 -9999 -9999 -9999 -9999 -9999 -9999 -9999 -9999 -9999 -9999 -9999 -9999 -9999 -9999 -9999 0.219 0.207 0.209 0.17 0.188 0.207 0.219 0.283 0.269 0.272 0.272 0.25 0.256 0.298 0.318 0.28 0.303 0.238 0.211 0.164 0.123 0.12 0.104 0.112 0.098 0.096
-9999 -9999 -9999 -9999 -9999 -9999 -9999 -9999 -9999 -9999 -9999 -9999 -9999 -9999 -9999 -9999 -9999 -9999 -9999 -9999 -9999 -9999 -9999 -9999 -9999 -9999 -9999 -9999 -9999 -9999 -9999 -9999 -9999 -9999 -9999 -9999 -9999 -9999 -9999 -9999 -9999 -9999 -9999 -9999 -9999 -9999 -9999 -9999 -9999 -9999 0.18 0.197 0.33 0.179 0.199 0.215 0.249 0.193 0.189 0.187 0.258 0.252 0.256 0.311 0.25 0.23 0.243 0.23 0.142 0.1 0.131 0.098 0.083 0.087 0.076 0.076 0.074
-9999 -9999 -9999 -9999 -9999 -9999 -9999 -9999 -9999 -9999 -9999 -9999 -9999 -9999 -9999 -9999 -9999 -9999 -9999 -9999 -9999 -9999 -9999 -9999 -9999 -9999 -9999 -9999 -9999 -9999 -9999 -9999 -9999 -9999 -9999 -9999 -9999 -9999 -9999 -9999 -9999 -9999 -9999 -9999 -9999 -9999 -9999 -9999 -9999 -9999 0.196 0.179 0.226 0.247 0.233 0.227 0.193 0.165 0.251 0.267 0.154 0.168 0.166 0.317 0.248 0.169 0.13 0.128 0.075 0.114 0.13 0.079 0.079 0.071 0.07 0.06 0.078
-9999 -9999 -9999 -9999 -9999 -9999 -9999 -9999 -9999 -9999 -9999 -9999 -9999 -9999 -9999 -9999 -9999 -9999 -9999 -9999 -9999 -9999 -9999 -9999 -9999 -9999 -9999 -9999 -9999 -9999 -9999 -9999 -9999 -9999 -9999 -9999 -9999 -9999 -9999 -9999 -9999 -9999 -9999 -9999 -9999 -9999 -9999 -9999 -9999 0.249 0.259 0.188 0.164 0.227 0.2 0.204 0.206 0.215 0.179 0.196 0.17 0.169 0.159 0.208 0.172 0.151 0.102 0.096 0.131 0.164 0.166 0.156 0.106 0.09 0.112 0.226 0.178
-9999 -9999 -9999 -9999 -9999 -9999 -9999 -9999 -9999 -9999 -9999 -9999 -9999 -9999 -9999 -9999 -9999 -9999 -9999 -9999 -9999 -9999 -9999 -9999 -9999 -9999 -9999 -9999 -9999 -9999 -9999 -9999 -9999 -9999 -9999 -9999 -9999 -9999 -9999 -9999 -9999 -9999 -9999 -9999 -9999 -9999 -9999 -9999 0.259 0.269 0.263 0.245 0.205 0.216 0.194 0.174 0.159 0.145 0.257 0.248 0.248 0.167 0.147 0.184 0.219 0.195 0.14 0.123 0.106 0.078 0.064 0.086 0.144 0.061 0.079 0.209 0.203
-9999 -9999 -9999 -9999 -9999 -9999 -9999 -9999 -9999 -9999 -9999 -9999 -9999 -9999 -9999 -9999 -9999 -9999 -9999 -9999 -9999 -9999 -9999 -9999 -9999 -9999 -9999 -9999 -9999 -9999 -9999 -9999 -9999 -9999 -9999 -9999 -9999 -9999 -9999 -9999 -9999 -9999 -9999 -9999 -9999 -9999 -9999 -9999 0.276 0.306 0.305 0.334 0.324 0.281 0.289 0.256 0.283 0.302 0.192 0.179 0.194 0.234 0.204 0.245 0.223 0.207 0.175 0.142 0.083 0.077 0.073 0.067 0.069 0.059 0.069 0.079 0.062
-9999 -9999 -9999 -9999 -9999 -9999 -9999 -9999 -9999 -9999 -9999 -9999 -9999 -9999 -9999 -9999 -9999 -9999 -9999 -9999 -9999 -9999 -9999 -9999 -9999 -9999 -9999 -9999 -9999 -9999 -9999 -9999 -9999 -9999 -9999 -9999 -9999 -9999 -9999 -9999 -9999 -9999 -9999 -9999 -9999 -9999 -9999 0.22 0.421 0.403 0.392 0.422 0.383 0.321 0.291 0.288 0.145 0.149 0.156 0.194 0.32 0.294 0.254 0.218 0.198 0.177 0.138 0.109 0.09 0.088 0.089 0.094 0.092 0.118 0.122 0.104 0.108
-9999 -9999 -9999 -9999 -9999 -9999 -9999 -9999 -9999 -9999 -9999 -9999 -9999 -9999 -9999 -9999 -9999 -9999 -9999 -9999 -9999 -9999 -9999 -9999 -9999 -9999 -9999 -9999 -9999 -9999 -9999 -9999 -9999 -9999 -9999 -9999 -9999 -9999 -9999 -9999 -9999 -9999 -9999 -9999 -9999 -9999 -9999 0.21 0.376 0.372 0.368 0.317 0.321 0.312 0.287 0.235 0.191 0.19 0.213 0.295 0.283 0.251 0.224 0.179 0.154 0.146 0.137 0.113 0.101 0.1 0.107 0.096 0.102 0.107 0.112 0.085 0.126
-9999 -9999 -9999 -9999 -9999 -9999 -9999 -9999 -9999 -9999 -9999 -9999 -9999 -9999 -9999 -9999 -9999 -9999 -9999 -9999 -9999 -9999 -9999 -9999 -9999 -9999 -9999 -9999 -9999 -9999 -9999 -9999 -9999 -9999 -9999 -9999 -9999 -9999 -9999 -9999 -9999 -9999 -9999 -9999 -9999 -9999 -9999 0.151 0.311 0.292 0.223 0.215 0.231 0.253 0.247 0.24 0.273 0.295 0.259 0.269 0.251 0.206 0.188 0.176 0.152 0.148 0.149 0.126 0.116 0.115 0.104 0.104 0.108 0.08 0.136 0.086 0.132
-9999 -9999 -9999 -9999 -9999 -9999 -9999 -9999 -9999 -9999 -9999 -9999 -9999 -9999 -9999 -9999 -9999 -9999 -9999 -9999 -9999 -9999 -9999 -9999 -9999 -9999 -9999 -9999 -9999 -9999 -9999 -9999 -9999 -9999 -9999 -9999 -9999 -9999 -9999 -9999 -9999 -9999 -9999 -9999 -9999 -9999 0.117 0.121 0.166 0.166 0.161 0.186 0.208 0.279 0.292 0.304 0.289 0.304 0.263 0.258 0.235 0.207 0.189 0.157 0.17 0.15 0.132 0.151 0.135 0.127 0.117 0.085 0.145 0.119 0.152 0.068 0.061
-9999 -9999 -9999 -9999 -9999 -9999 -9999 -9999 -9999 -9999 -9999 -9999 -9999 -9999 -9999 -9999 -9999 -9999 -9999 -9999 -9999 -9999 -9999 -9999 -9999 -9999 -9999 -9999 -9999 -9999 -9999 -9999 -9999 -9999 -9999 -9999 -9999 -9999 -9999 -9999 -9999 -9999 -9999 -9999 -9999 -9999 -9999 0.112 0.13 0.161 0.174 0.207 0.216 0.273 0.282 0.285 0.273 0.275 0.273 0.262 0.26 0.235 0.208 0.175 0.157 0.164 0.16 0.139 0.131 0.129 0.097 0.081 0.129 0.111 0.055 0.067 0.073
-9999 -9999 -9999 -9999 -9999 -9999 -9999 -9999 -9999 -9999 -9999 -9999 -9999 -9999 -9999 -9999 -9999 -9999 -9999 -9999 -9999 -9999 -9999 -9999 -9999 -9999 -9999 -9999 -9999 -9999 -9999 -9999 -9999 -9999 -9999 -9999 -9999 -9999 -9999 -9999 -9999 -9999 -9999 -9999 -9999 -9999 -9999 -9999 0.081 0.078 0.106 0.179 0.275 0.268 0.249 0.248 0.236 0.231 0.299 0.34 0.299 0.237 0.199 0.185 0.159 0.149 0.113 0.112 0.114 0.116 0.104 0.072 0.145 0.089 0.082 0.198 0.088
-9999 -9999 -9999 -9999 -9999 -9999 -9999 -9999 -9999 -9999 -9999 -9999 -9999 -9999 -9999 -9999 -9999 -9999 -9999 -9999 -9999 -9999 -9999 -9999 -9999 -9999 -9999 -9999 -9999 -9999 -9999 -9999 -9999 -9999 -9999 -9999 -9999 -9999 -9999 0.059 0.249 0.332 0.412 -9999 -9999 -9999 -9999 -9999 -9999 0.075 0.101 0.144 0.14 0.219 0.291 0.239 0.215 0.214 0.219 0.232 0.208 0.169 0.17 0.144 0.105 0.11 0.105 0.099 0.09 0.121 0.109 0.073 0.081 0.093 0.11 0.168 0.095
-9999 -9999 -9999 -9999 -9999 -9999 -9999 -9999 -9999 -9999 -9999 -9999 -9999 -9999 -9999 -9999 -9999 -9999 -9999 -9999 -9999 -9999 -9999 -9999 -9999 -9999 -9999 -9999 -9999 -9999 -9999 -9999 -9999 -9999 0.113 0.26 0.319 0.339 0.342 0.353 0.363 0.4 0.424 0.439 0.385 0.36 0.328 0.243 0.095 0.087 0.083 0.073 0.099 0.101 0.129 0.218 0.192 0.199 0.151 0.144 0.131 0.13 0.137 0.11 0.103 0.121 0.108 0.095 0.103 0.126 0.099 0.089 0.073 0.224 0.234 0.242 0.177
-9999 -9999 -9999 -9999 -9999 -9999 -9999 -9999 -9999 -9999 -9999 -9999 -9999 -9999 -9999 -9999 -9999 -9999 -9999 -9999 -9999 -9999 -9999 -9999 -9999 -9999 -9999 -9999 -0.027 0.079 0.162 0.264 0.171 0.354 0.371 0.347 0.265 0.194 0.203 0.191 0.197 0.173 0.15 0.213 0.151 0.148 0.161 0.141 0.066 0.076 0.045 0.062 0.077 0.093 0.092 0.109 0.149 0.102 0.101 0.125 0.105 0.095 0.156 0.126 0.127 0.15 0.174 0.211 0.17 0.151 0.113 0.102 0.153 0.292 0.327 0.337 0.308
-9999 -9999 -9999 -9999 -9999 -9999 -9999 -9999 -9999 -9999 -9999 -9999 -9999 -9999 -9999 -9999 -9999 -9999 -9999 -9999 -9999 -9999 -9999 -9999 0.015 0.022 0.002 0.091 0.205 0.237 0.225 0.21 0.203 0.208 0.217 0.23 0.213 0.21 0.264 0.299 0.206 0.136 0.164 0.179 0.195 0.172 0.136 0.135 0.092 0.043 0.01 0.063 0.088 0.067 0.069 0.085 0.101 0.107 0.126 0.144 0.121 0.128 0.148 0.223 0.258 0.312 0.323 0.327 0.265 0.322 0.163 0.17 0.131 0.164 0.171 0.224 0.298
-9999 -9999 -9999 -9999 -9999 -9999 -9999 -9999 -9999 -9999 -9999 -9999 -9999 -9999 -9999 -9999 -9999 -9999 -9999 -9999 -9999 -9999 0.195 0.144 0.188 0.139 0.193 0.227 0.265 0.279 0.274 0.284 0.318 0.268 0.219 0.192 0.174 0.154 0.125 0.113 0.127 0.126 0.116 0.159 0.299 0.378 0.375 0.363 0.255 0.322 0.202 -0.3 -0.3 -0.3 -0.3 -0.011 0.123 0.111 0.094 0.121 0.168 0.166 0.109 0.105 0.153 0.163 0.183 0.214 0.288 0.291 0.291 0.275 0.136 0.213 0.218 0.177 0.269
-9999 -9999 -9999 -9999 -9999 -9999 -9999 -9999 -9999 -9999 -9999 -9999 -9999 -9999 -9999 -9999 -9999 -9999 -9999 -9999 -9999 -9999 -9999 0.03 -9999 0.133 0.128 0.043 0.108 0.164 0.163 0.21 0.253 0.269 0.232 0.238 0.283 0.216 0.228 0.208 0.193 0.128 0.115 0.109 0.152 0.275 0.368 0.394 0.371 0.298 0.225 0.191 0.166 -0.3 -0.131 0.021 0.117 0.083 0.078 0.081 0.089 0.137 0.095 0.103 0.093 0.106 0.159 0.195 0.309 0.25 0.3 0.291 0.135 0.213 0.273 0.249 0.264
-9999 -9999 -9999 -9999 -9999 -9999 -9999 -9999 -9999 -9999 -9999 -9999 -9999 -9999 -9999 -9999 -9999 -9999 -9999 -9999 -9999 -9999 -9999 -9999 -9999 -9999 -9999 0.162 0.091 0.056 0.041 0.063 0.135 0.277 0.283 0.241 0.314 0.293 0.234 0.161 0.15 0.138 0.102 0.111 0.193 0.226 0.278 0.376 0.292 0.246 0.233 0.4 0.37 0.068 0.062 0.049 0.094 0.096 0.061 0.066 0.072 0.09 0.123 0.183 0.229 0.137 0.109 0.116 0.309 0.321 0.253 0.271 0.244 0.224 0.267 0.308 0.307
-9999 -9999 -9999 -9999 -9999 -9999 -9999 -9999 -9999 -9999 -9999 -9999 -9999 -9999 -9999 -9999 -9999 -9999 -9999 -9999 -9999 -9999 -9999 -9999 -9999 -9999 -9999 0.23 0.006 0.052 0.104 0.306 0.316 -0.3 -0.3 -0.3 -0.3 0.172 0.144 0.128 0.124 0.113 0.107 0.126 0.269 0.277 0.366 0.375 0.298 0.324 0.28 0.402 0.378 0.067 0.058 0.072 0.074 0.098 0.185 0.171 0.139 0.139 0.176 0.148 0.181 0.197 0.11 0.137 0.174 0.242 0.299 0.293 0.296 0.204 0.23 0.264 0.339
-9999 -9999 -9999 -9999 -9999 -9999 -9999 -9999 -9999 -9999 -9999 -9999 -9999 -9999 -9999 -9999 -9999 -9999 -9999 -9999 -9999 -9999 -9999 -9999 -9999 -9999 -9999 0.365 0.101 0.092 0.262 0.351 0.365 0.319 -0.3 -0.3 0.14 0.165 0.183 0.233 0.233 0.2 0.18 0.185 0.137 0.136 0.3 0.306 0.34 0.35 0.248 0.303 0.241 0.108 0.108 0.097 0.084 0.086 0.209 0.323 0.188 0.183 0.249 0.157 0.165 0.278 0.177 0.2 0.19 0.276 0.275 0.327 0.23 0.205 0.172 0.173 0.304
-9999 -9999 -9999 -9999 -9999 -9999 -9999 -9999 -9999 -9999 -9999 -9999 -9999 -9999 -9999 -9999 -9999 -9999 -9999 -9999 -9999 -9999 -9999 -9999 -9999 -9999 -9999 0.277 0.295 0.339 0.335 0.333 0.339 0.346 0.341 0.301 0.344 0.343 0.327 0.356 0.303 0.331 0.283 0.124 0.111 0.1 0.104 0.099 0.097 0.087 0.088 0.089 0.106 0.144 0.202 0.307 0.277 0.217 0.225 0.188 0.101 0.095 0.082 0.162 0.306 0.337 0.246 0.27 0.241 0.214 0.147 0.127 0.151 0.253 0.209 0.171 0.298
-9999 -9999 -9999 -9999 -9999 -9999 -9999 -9999 -9999 -9999 -9999 -9999 -9999 -9999 -9999 -9999 -9999 -9999 -9999 -9999 -9999 -9999 -9999 -9999 -9999 -9999 -9999 0.312 0.283 0.213 0.267 0.344 0.318 0.367 0.385 0.39 0.368 0.36 0.368 0.351 0.352 0.347 0.251 0.232 0.225 0.22 0.203 0.187 0.12 0.098 0.098 0.121 0.129 0.232 0.315 0.257 0.154 0.167 0.268 0.26 0.21 0.11 0.122 0.116 0.158 0.175 0.15 0.169 0.21 0.128 0.171 0.138 0.184 0.161 0.172 0.124 0.135
-9999 -9999 -9999 -9999 -9999 -9999 -9999 -9999 -9999 -9999 -9999 -9999 -9999 -9999 -9999 -9999 -9999 -9999 -9999 -9999 -9999 -9999 -9999 -9999 -9999 -9999 -9999 -9999 0.346 0.361 0.361 0.305 0.249 0.26 0.269 0.312 0.357 0.361 0.339 0.342 0.372 0.294 0.299 0.318 0.301 0.317 0.239 0.177 0.231 0.251 0.204 0.173 0.178 0.295 0.232 0.292 0.106 0.043 0.27 0.247 0.234 0.258 0.306 0.277 0.306 0.295 0.214 0.158 0.144 0.151 0.144 0.142 0.155 0.205 0.165 0.15 0.132
-9999 -9999 -9999 -9999 -9999 -9999 -9999 -9999 -9999 -9999 -9999 -9999 -9999 -9999 -9999 -9999 -9999 -9999 -9999 -9999 -9999 -9999 -9999 -9999 -9999 -9999 -9999 -9999 0.343 0.308 0.356 0.345 0.201 0.19 0.208 0.222 0.247 0.223 0.271 0.367 0.379 0.363 0.346 0.342 0.363 0.325 0.302 0.261 0.26 0.309 0.255 0.249 0.27 0.295 0.261 0.261 0.117 0.029 0.122 0.135 0.186 0.273 0.157 0.169 0.23 0.328 0.259 0.322 0.335 0.34 0.228 0.258 0.228 0.214 0.154 0.184 0.169
-9999 -9999 -9999 -9999 -9999 -9999 -9999 -9999 -9999 -9999 -9999 -9999 -9999 -9999 -9999 -9999 -9999 -9999 -9999 -9999 -9999 -9999 -9999 -9999 -9999 -9999 -9999 -9999 0.271 0.248 0.285 0.313 0.289 0.166 0.171 0.176 0.217 0.257 0.236 0.233 0.281 0.333 0.309 0.287 0.359 0.36 0.339 0.354 0.332 0.309 0.316 0.259 0.205 0.274 0.184 0.068 0.097 0.099 0.038 0.081 0.092 0.12 0.064 0.066 0.101 0.158 0.25 0.243 0.253 0.337 0.287 0.388 0.378 0.22 0.219 0.217 0.191
-9999 -9999 -9999 -9999 -9999 -9999 -9999 -9999 -9999 -9999 -9999 -9999 -9999 -9999 -9999 -9999 -9999 -9999 -9999 -9999 -9999 -9999 -9999 -9999 -9999 -9999 -9999 -9999 -9999 0.246 0.242 0.334 0.368 0.408 0.408 0.407 0.337 0.278 0.379 0.38 0.373 0.36 0.181 0.195 0.22 0.248 0.249 0.219 0.264 0.258 0.278 0.318 0.367 0.42 0.437 0.441 0.433 0.418 0.15 0.235 0.107 0.081 0.118 0.058 0.075 0.257 0.206 0.193 0.202 0.21 0.255 0.202 0.276 0.121 0.145 0.158 0.241
-9999 -9999 -9999 -9999 -9999 -9999 -9999 -9999 -9999 -9999 -9999 -9999 -9999 -9999 -9999 -9999 -9999 -9999 -9999 -9999 -9999 -9999 -9999 -9999 -9999 -9999 -9999 -9999 -9999 0.234 0.275 0.338 0.339 0.309 0.286 0.303 0.354 0.38 0.344 0.38 0.378 0.384 0.359 0.289 0.256 0.254 0.246 0.252 0.322 0.293 0.293 0.277 0.314 0.36 0.398 0.417 0.425 0.418 0.405 0.342 0.326 0.31 0.326 0.229 0.123 0.127 0.062 0.072 0.036 0.082 0.174 0.146 0.146 0.212 0.168 0.22 0.279
-9999 -9999 -9999 -9999 -9999 -9999 -9999 -9999 -9999 -9999 -9999 -9999 -9999 -9999 -9999 -9999 -9999 -9999 -9999 -9999 -9999 -9999 -9999 -9999 -9999 -9999 -9999 -9999 -9999 -9999 0.209 0.151 0.156 0.17 0.205 0.215 0.238 0.225 0.275 0.322 0.385 0.405 0.368 0.201 0.18 0.191 0.179 0.252 0.306 0.307 0.308 0.315 0.382 0.411 0.411 0.41 0.426 0.417 0.44 0.405 0.4 0.436 0.4 0.355 0.345 0.333 0.223 0.181 0.086 0.014 0.138 -0.008 0.125 0.038 0.12 0.135 0.21
-9999 -9999 -9999 -9999 -9999 -9999 -9999 -9999 -9999 -9999 -9999 -9999 -9999 -9999 -9999 -9999 -9999 -9999 -9999 -9999 -9999 -9999 -9999 -9999 -9999 -9999 -9999 -9999 -9999 -9999 0.156 0.149 0.146 0.139 0.169 0.284 0.177 0.175 0.168 0.189 0.208 0.311 0.3 0.333 0.271 0.172 0.178 0.244 0.257 0.286 0.31 0.311 0.329 0.429 0.409 0.422 0.424 0.462 0.441 0.411 0.329 0.355 0.367 0.189 0.201 0.161 0.317 0.195 0.273 0.251 0.174 0.102 0.087 -0.023 -0.017 0.009 0.061
-9999 -9999 -9999 -9999 -9999 -9999 -9999 -9999 -9999 -9999 -9999 -9999 -9999 -9999 -9999 -9999 -9999 -9999 -9999 -9999 -9999 -9999 -9999 -9999 -9999 -9999 -9999 -9999 -9999 -9999 -9999 0.215 0.232 0.258 0.265 0.299 0.281 0.269 0.206 0.224 0.237 0.188 0.163 0.337 0.346 0.337 0.361 0.356 0.331 0.375 0.353 0.324 0.35 0.382 0.417 0.428 0.418 0.455 0.487 0.429 0.398 0.343 0.338 0.182 0.176 0.133 0.182 0.296 0.052 0.084 0.095 0.072 -0.009 -0.017 -0.009 -0.006 0.008
