data/china_ndvi_max_2009.asc
ncols         710
nrows         510
xllcorner     70
yllcorner     10
cellsize      0.1
NODATA_value  -9999
[rows 306 to 339 of 510, columns 231 to 307 of 710]
0.193 0.263 0.179 0.39 -0.025 0.012 -0.02 0.135 0.072 0.174 0.246 0.318 0.349 0.277 0.524 0.62 0.6 0.713 0.59 0.143 0.055 0.064 0.449 0.559 0.03 0.012 0.225 0.371 0.036 0.13 0.224 0.223 0.167 0.27 0.255 0.235 0.259 0.163 0.166 0.198 0.29 0.287 0.235 0.276 0.313 0.353 0.258 0.384 0.368 0.423 0.428 0.414 0.419 0.428 0.409 0.422 0.454 0.605 0.646 0.522 0.308 0.61 0.661 0.583 0.36 0.371 0.395 0.429 0.384 0.388 0.387 0.386 0.562 0.45 0.603 0.68 0.704
0.481 0.39 0.282 0.455 0.208 0.39 0.188 0.159 0.269 0.338 0.097 0.053 0.254 0.234 0.211 0.156 0.328 0.512 0.523 0.602 0.54 0.461 0.288 0.611 0.209 -0.005 0.401 0.424 0.171 0.171 0.153 0.173 0.193 0.155 0.203 0.182 0.229 0.203 0.28 0.235 0.221 0.25 0.277 0.287 0.29 0.256 0.285 0.333 0.349 0.401 0.436 0.414 0.398 0.393 0.414 0.433 0.439 0.455 0.579 0.525 0.527 0.581 0.634 0.594 0.291 0.321 0.398 0.455 0.433 0.419 0.437 0.429 0.448 0.442 0.503 0.644 0.689
0.572 0.26 0.393 0.523 0.453 0.539 0.373 0.378 0.446 0.463 0.272 0.097 0.138 0.331 0.366 0.398 0.274 0.203 0.386 0.731 0.721 0.378 0.238 0.44 0.598 0.629 0.577 0.337 0.245 0.308 0.076 0.066 0.176 0.309 0.099 0.195 0.186 0.111 0.182 0.315 0.287 0.201 0.286 0.261 0.334 0.239 0.217 0.177 0.327 0.412 0.43 0.414 0.398 0.404 0.475 0.402 0.436 0.451 0.63 0.588 0.628 0.544 0.499 0.366 0.19 0.231 0.405 0.487 0.472 0.414 0.464 0.437 0.429 0.438 0.454 0.48 0.542
0.51 0.347 0.209 0.407 0.531 0.616 0.511 0.496 0.606 0.586 0.38 0.349 0.383 0.374 0.561 0.588 0.621 0.523 0.376 0.779 0.636 0.699 0.541 0.29 0.616 0.616 0.557 0.408 0.239 0.449 0.404 0.216 0.132 0.256 0.126 0.081 0.154 0.235 0.266 0.259 0.273 0.252 0.219 0.231 0.358 0.298 0.322 0.305 0.347 0.373 0.422 0.464 0.404 0.382 0.445 0.533 0.535 0.521 0.529 0.57 0.562 0.568 0.213 0.361 0.3 0.297 0.31 0.36 0.439 0.395 0.454 0.432 0.424 0.446 0.466 0.513 0.597
0.362 0.551 0.582 0.582 0.609 0.633 0.583 0.432 0.384 0.404 0.515 0.405 0.43 0.391 0.377 0.359 0.474 0.594 0.222 0.526 0.832 0.761 0.674 0.381 0.676 0.588 0.64 0.622 0.276 0.173 0.503 0.27 0.168 0.06 0.132 0.079 0.164 0.059 0.028 0.079 0.206 0.235 0.447 0.276 0.31 0.35 0.378 0.315 0.256 0.408 0.301 0.434 0.5 0.484 0.397 0.399 0.616 0.491 0.365 0.539 0.573 0.439 0.302 0.29 0.196 0.137 0.248 0.479 0.502 0.332 0.323 0.294 0.469 0.521 0.493 0.512 0.467
0.228 0.245 0.542 0.372 0.416 0.619 0.642 0.601 0.622 0.606 0.552 0.528 0.658 0.445 0.413 0.383 0.634 0.482 0.204 0.5 0.697 0.745 0.769 0.462 0.562 0.224 0.284 0.609 0.661 0.385 0.548 0.345 0.229 0.097 0.023 0.128 0.202 0.132 0.045 0.137 0.182 0.118 0.34 0.479 0.341 0.398 0.375 0.337 0.323 0.269 0.404 0.401 0.469 0.582 0.446 0.47 0.632 0.582 0.468 0.575 0.493 0.338 0.293 0.275 0.321 0.286 0.461 0.469 0.528 0.263 0.295 0.39 0.477 0.483 0.509 0.504 0.465
0.343 0.34 0.486 0.433 0.277 0.451 0.437 0.376 0.649 0.593 0.594 0.564 0.601 0.599 0.451 0.461 0.67 0.555 0.644 0.273 0.375 0.462 0.723 0.862 0.546 0.492 0.288 0.349 0.379 0.465 0.408 0.455 0.28 0.332 -0.006 0.001 0.174 0.158 0.108 0.009 0.07 0.027 0.198 0.403 0.301 0.314 0.296 0.354 0.386 0.19 0.33 0.346 0.399 0.509 0.426 0.412 0.542 0.552 0.655 0.573 0.417 0.392 0.474 0.356 0.415 0.378 0.423 0.583 0.554 0.351 0.416 0.408 0.463 0.406 0.496 0.489 0.553
0.335 0.131 0.312 0.16 0.275 0.494 0.281 0.545 0.402 0.514 0.361 0.475 0.592 0.394 0.545 0.414 0.612 0.579 0.661 0.297 0.103 0.306 0.751 0.844 0.635 0.282 0.275 0.142 0.066 0.088 0.091 0.356 0.477 0.436 0.116 0.001 0.184 0.135 0.037 0.053 0.039 0.005 0.198 0.309 0.275 0.205 0.275 0.302 0.4 0.198 0.305 0.289 0.388 0.342 0.423 0.393 0.412 0.378 0.454 0.57 0.69 0.589 0.539 0.643 0.347 0.31 0.372 0.64 0.58 0.368 0.357 0.358 0.309 0.397 0.472 0.456 0.469
0.25 0.194 0.265 0.317 0.276 0.348 0.329 0.439 0.367 0.355 0.338 0.422 0.498 0.599 0.69 0.617 0.623 0.571 0.59 0.253 0.395 0.517 0.664 0.882 0.762 0.625 0.495 0.499 0.449 0.121 0.021 0.108 0.216 0.239 0.191 0.087 0.089 0.223 0.014 0.047 0.02 0.117 0.154 0.087 0.229 0.331 0.293 0.247 0.307 0.175 0.216 0.426 0.486 0.428 0.529 0.46 0.415 0.409 0.441 0.523 0.662 0.406 0.512 0.56 0.461 0.393 0.477 0.651 0.65 0.361 0.368 0.379 0.318 0.364 0.461 0.532 0.537
0.286 0.357 0.273 0.366 0.506 0.308 0.285 0.464 0.584 0.613 0.653 0.459 0.581 0.665 0.572 0.504 0.603 0.472 0.392 0.671 0.789 0.854 0.881 0.863 0.478 0.449 0.329 0.186 0.144 -0.002 0.097 0.507 0.259 0.144 -0.059 -0.048 0.006 0.124 0.277 0.047 0.128 0.148 0.159 0.167 0.145 0.226 0.227 0.375 0.227 0.355 0.158 0.24 0.342 0.488 0.62 0.559 0.448 0.471 0.401 0.496 0.616 0.656 0.65 0.592 0.743 0.654 0.553 0.57 0.635 0.403 0.338 0.321 0.382 0.413 0.448 0.465 0.522
0.295 0.355 0.34 0.411 0.621 0.457 0.341 0.43 0.519 0.673 0.57 0.53 0.556 0.586 0.483 0.475 0.428 0.376 0.624 0.659 0.861 0.882 0.886 0.886 0.617 0.442 0.321 0.348 0.382 0.149 0.231 0.231 0.545 0.449 0.315 0.05 -0.037 0.145 0.194 0.182 0.271 0.348 0.115 0.344 0.179 0.126 0.086 0.262 0.357 0.442 0.33 0.2 0.203 0.262 0.574 0.672 0.558 0.525 0.535 0.464 0.431 0.549 0.596 0.623 0.674 0.665 0.617 0.56 0.666 0.463 0.39 0.34 0.345 0.425 0.456 0.459 0.535
0.56 0.447 0.314 0.515 0.551 0.595 0.595 0.61 0.668 0.62 0.629 0.595 0.584 0.439 0.412 0.391 0.601 0.46 0.748 0.906 0.893 0.88 0.886 0.752 0.515 0.437 0.437 0.491 0.66 0.362 0.375 0.434 0.28 0.578 0.456 0.174 0.008 0.017 0.047 0.151 0.304 0.513 0.123 0.3 0.199 0.206 0.204 0.117 0.373 0.473 0.533 0.423 0.291 0.2 0.507 0.515 0.603 0.503 0.48 0.548 0.301 0.546 0.598 0.477 0.692 0.68 0.64 0.516 0.648 0.488 0.427 0.371 0.356 0.368 0.547 0.544 0.597
0.509 0.511 0.324 0.544 0.626 0.633 0.521 0.498 0.449 0.596 0.522 0.651 0.491 0.586 0.57 0.702 0.518 0.624 0.749 0.863 0.864 0.878 0.618 0.492 0.483 0.504 0.603 0.516 0.752 0.417 0.634 0.273 0.152 0.208 0.308 0.395 0.265 0.261 0.029 0.03 0.106 0.34 0.495 0.331 0.166 0.208 0.29 0.252 0.166 0.305 0.529 0.522 0.489 0.317 0.286 0.462 0.597 0.556 0.51 0.526 0.287 0.527 0.484 0.691 0.633 0.673 0.593 0.526 0.689 0.455 0.464 0.445 0.374 0.37 0.578 0.62 0.637
0.526 0.388 0.402 0.456 0.334 0.322 0.506 0.557 0.653 0.426 0.472 0.661 0.518 0.501 0.576 0.583 0.662 0.829 0.859 0.892 0.851 0.671 0.589 0.624 0.525 0.673 0.758 0.772 0.708 0.542 0.341 0.293 0.354 0.011 0.643 0.624 0.472 0.565 0.435 0.184 0.101 0.24 0.478 0.557 0.208 0.24 0.203 0.353 0.41 0.379 0.544 0.475 0.509 0.504 0.426 0.456 0.616 0.454 0.511 0.555 0.347 0.544 0.54 0.557 0.661 0.682 0.559 0.576 0.605 0.481 0.435 0.445 0.374 0.385 0.577 0.654 0.605
0.363 0.114 0.155 0.493 0.314 0.481 0.624 0.667 0.661 0.434 0.672 0.888 0.845 0.761 0.858 0.878 0.862 0.877 0.889 0.887 0.884 0.824 0.577 0.483 0.85 0.824 0.741 0.854 0.836 0.811 0.498 0.407 0.577 0.435 0.339 0.364 0.753 0.522 0.44 0.443 0.115 0.398 0.342 0.201 0.577 0.282 0.259 0.303 0.24 0.237 0.54 0.466 0.444 0.382 0.479 0.551 0.562 0.402 0.603 0.528 0.328 0.541 0.555 0.513 0.661 0.631 0.41 0.525 0.563 0.4 0.397 0.437 0.518 0.604 0.673 0.737 0.662
0.443 0.346 0.404 0.392 0.342 0.439 0.535 0.616 0.546 0.563 0.591 0.742 0.76 0.74 0.728 0.85 0.876 0.89 0.87 0.877 0.872 0.871 0.863 0.538 0.86 0.85 0.868 0.872 0.835 0.669 0.42 0.584 0.617 0.607 0.324 0.337 0.65 0.544 0.38 0.602 0.316 0.403 0.593 0.379 0.598 0.466 0.341 0.186 0.237 0.193 0.449 0.577 0.523 0.633 0.426 0.624 0.471 0.425 0.436 0.611 0.375 0.573 0.534 0.631 0.526 0.582 0.563 0.483 0.513 0.403 0.411 0.497 0.463 0.563 0.622 0.593 0.656
0.422 0.421 0.53 0.583 0.406 0.515 0.563 0.471 0.573 0.707 0.687 0.696 0.771 0.852 0.682 0.858 0.89 0.88 0.889 0.894 0.856 0.675 0.71 0.646 0.69 0.861 0.863 0.857 0.868 0.845 0.843 0.848 0.651 0.564 0.345 0.216 0.459 0.734 0.678 0.669 0.46 0.561 0.505 0.496 0.555 0.347 0.275 0.352 0.254 0.204 0.109 0.319 0.594 0.592 0.566 0.556 0.453 0.598 0.531 0.546 0.37 0.519 0.484 0.464 0.488 0.469 0.589 0.599 0.538 0.335 0.477 0.572 0.477 0.374 0.599 0.636 0.581
0.557 0.279 0.357 0.663 0.458 0.648 0.598 0.486 0.46 0.731 0.65 0.823 0.812 0.879 0.689 0.85 0.898 0.866 0.89 0.879 0.88 0.853 0.867 0.598 0.779 0.714 0.855 0.894 0.883 0.879 0.742 0.819 0.666 0.627 0.336 0.344 0.302 0.495 0.748 0.647 0.658 0.664 0.707 0.707 0.45 0.41 0.315 0.432 0.375 0.381 0.362 0.118 0.49 0.543 0.651 0.401 0.562 0.587 0.609 0.618 0.506 0.383 0.431 0.494 0.531 0.648 0.527 0.568 0.382 0.313 0.429 0.619 0.574 0.584 0.546 0.715 0.674
0.738 0.437 0.496 0.588 0.446 0.646 0.725 0.692 0.459 0.711 0.727 0.853 0.866 0.856 0.883 0.883 0.896 0.889 0.861 0.897 0.884 0.869 0.88 0.733 0.865 0.881 0.893 0.892 0.9 0.585 0.378 0.498 0.55 0.365 0.474 0.448 0.386 0.394 0.539 0.706 0.7 0.636 0.649 0.49 0.321 -9999 0.256 0.259 0.427 0.522 0.435 0.571 0.692 0.548 0.626 0.321 0.511 0.546 0.613 0.453 0.573 0.381 0.469 0.527 0.54 0.514 0.493 0.514 0.611 0.437 0.498 0.631 0.58 0.593 0.637 0.679 0.673
0.522 0.528 0.585 0.75 0.871 0.86 0.845 0.861 0.853 0.867 0.864 0.829 0.668 0.701 0.855 0.891 0.867 0.873 0.878 0.878 0.874 0.883 0.898 0.847 0.87 0.899 0.89 0.894 0.875 0.823 0.76 0.823 0.501 0.472 0.743 0.834 0.759 0.396 0.449 0.681 0.734 0.659 0.533 0.482 -9999 -9999 -9999 0.375 0.477 0.589 0.351 0.604 0.438 0.513 0.658 0.659 0.41 0.652 0.371 0.34 0.66 0.394 0.465 0.536 0.61 0.647 0.707 0.684 0.597 0.547 0.658 0.729 0.573 0.324 0.673 0.539 0.679
0.521 0.67 0.55 0.549 0.701 0.815 0.861 0.722 0.851 0.886 0.874 0.884 0.891 0.763 0.87 0.887 0.887 0.861 0.875 0.898 0.878 0.876 0.884 0.879 0.877 0.864 0.724 0.852 0.826 0.86 0.858 0.719 0.607 0.63 0.869 0.823 0.701 0.391 0.454 0.683 0.561 0.449 0.503 0.441 -9999 -9999 -9999 -9999 -9999 0.446 0.709 0.625 0.526 0.55 0.696 0.646 0.419 0.484 0.454 0.445 0.466 0.559 0.489 0.519 0.664 0.658 0.713 0.686 0.572 0.669 0.683 0.687 0.585 0.545 0.549 0.692 0.66
0.759 0.85 0.859 0.857 0.895 0.887 0.899 0.854 0.862 0.88 0.886 0.895 0.905 0.814 0.893 0.874 0.867 0.856 0.874 0.857 0.874 0.889 0.88 0.873 0.707 -9999 -9999 -9999 -9999 0.845 -9999 -9999 0.663 0.733 0.864 0.831 0.869 0.623 0.416 0.701 0.706 0.511 0.341 -9999 -9999 -9999 -9999 -9999 -9999 -9999 0.472 0.648 0.693 0.6 0.743 0.573 0.43 0.672 0.587 0.548 0.62 0.672 0.55 0.461 0.636 0.698 0.686 0.68 0.566 0.494 0.599 0.701 0.679 0.452 0.701 0.645 0.68
0.739 0.86 0.889 0.889 0.888 0.861 0.901 0.892 0.845 0.875 0.889 0.905 0.88 0.887 0.87 0.857 0.861 0.84 0.886 0.904 0.893 0.876 0.747 -9999 -9999 -9999 -9999 -9999 -9999 -9999 -9999 -9999 -9999 -9999 0.874 0.888 0.816 0.486 0.579 0.739 0.717 0.492 0.378 -9999 -9999 -9999 -9999 -9999 -9999 -9999 -9999 0.453 0.715 0.706 0.768 0.742 0.52 0.626 0.615 0.483 0.681 0.653 0.697 0.6 0.703 0.704 0.703 0.674 0.548 0.55 0.628 0.712 0.655 0.596 0.719 0.724 0.583
0.704 0.746 0.891 0.881 0.866 0.87 0.866 0.879 0.869 0.885 0.874 0.878 0.885 0.875 0.857 0.854 0.877 0.872 0.876 0.857 0.875 0.889 0.708 -9999 -9999 -9999 -9999 -9999 -9999 -9999 -9999 -9999 -9999 -9999 -9999 -9999 0.87 0.875 0.547 0.746 0.51 0.294 0.257 -9999 -9999 -9999 -9999 -9999 -9999 -9999 -9999 0.401 0.636 0.718 0.697 0.761 0.731 0.503 0.649 0.618 0.681 0.716 0.688 0.655 0.633 0.644 0.632 0.664 0.638 0.579 0.606 0.685 0.65 0.689 0.713 0.654 0.64
0.819 0.836 0.873 0.869 0.885 0.875 0.88 0.873 0.866 0.885 0.87 0.876 0.875 0.876 0.877 0.852 0.863 0.854 0.861 0.886 0.883 -9999 -9999 -9999 -9999 -9999 -9999 -9999 -9999 -9999 -9999 -9999 -9999 -9999 -9999 -9999 -9999 -9999 0.864 0.834 0.683 0.741 -9999 -9999 -9999 -9999 -9999 -9999 -9999 -9999 -9999 -9999 0.736 0.784 0.487 0.723 0.751 0.518 0.618 0.679 0.566 0.662 0.671 0.713 0.659 0.589 0.523 0.601 0.547 0.683 0.713 0.723 0.726 0.74 0.699 0.643 0.647
0.758 0.868 0.874 0.879 0.88 0.876 0.901 0.867 0.876 0.882 0.879 0.881 0.871 0.874 0.884 0.878 0.885 0.869 0.88 -9999 -9999 -9999 -9999 -9999 -9999 -9999 -9999 -9999 -9999 -9999 -9999 -9999 -9999 -9999 -9999 -9999 -9999 -9999 -9999 -9999 0.834 -9999 -9999 -9999 -9999 -9999 -9999 -9999 -9999 -9999 -9999 -9999 0.715 0.824 0.697 0.768 0.79 0.67 0.468 0.664 0.619 0.681 0.668 0.695 0.616 0.623 0.482 0.57 0.609 0.685 0.682 0.664 0.656 0.572 0.682 0.613 0.532
0.87 0.902 0.846 0.823 0.875 0.868 0.876 0.899 0.889 0.89 0.889 0.859 0.855 0.843 0.87 0.872 0.849 -9999 -9999 -9999 -9999 -9999 -9999 -9999 -9999 -9999 -9999 -9999 -9999 -9999 -9999 -9999 -9999 -9999 -9999 -9999 -9999 -9999 -9999 -9999 -9999 -9999 -9999 -9999 -9999 -9999 -9999 -9999 -9999 -9999 -9999 -9999 0.864 0.843 0.718 0.77 0.775 0.715 0.577 0.644 0.708 0.692 0.69 0.693 0.676 0.691 0.61 0.649 0.641 0.702 0.603 0.666 0.575 0.582 0.674 0.629 0.622
0.875 0.866 0.768 0.743 0.846 0.877 0.843 0.824 0.83 0.848 0.827 0.855 0.863 0.852 -9999 -9999 -9999 -9999 -9999 -9999 -9999 -9999 -9999 -9999 -9999 -9999 -9999 -9999 -9999 -9999 -9999 -9999 -9999 -9999 -9999 -9999 -9999 -9999 -9999 -9999 -9999 -9999 -9999 -9999 -9999 -9999 -9999 -9999 -9999 -9999 -9999 -9999 -9999 0.816 -9999 0.708 0.838 0.851 0.766 0.669 0.614 0.623 0.711 0.732 0.7 0.625 0.568 0.617 0.613 0.669 0.644 0.632 0.672 0.653 0.626 0.609 0.664
0.864 0.868 0.744 0.76 0.848 0.864 0.841 0.744 0.815 0.847 0.827 -9999 -9999 -9999 -9999 -9999 -9999 -9999 -9999 -9999 -9999 -9999 -9999 -9999 -9999 -9999 -9999 -9999 -9999 -9999 -9999 -9999 -9999 -9999 -9999 -9999 -9999 -9999 -9999 -9999 -9999 -9999 -9999 -9999 -9999 -9999 -9999 -9999 -9999 -9999 -9999 -9999 -9999 -9999 -9999 -9999 0.633 0.841 0.824 0.643 0.723 0.67 0.758 0.724 0.675 0.725 0.626 0.578 0.668 0.635 0.626 0.613 0.602 0.715 0.638 0.563 0.625
0.841 0.84 0.824 0.783 0.872 0.846 0.872 0.861 0.855 0.881 -9999 -9999 -9999 -9999 -9999 -9999 -9999 -9999 -9999 -9999 -9999 -9999 -9999 -9999 -9999 -9999 -9999 -9999 -9999 -9999 -9999 -9999 -9999 -9999 -9999 -9999 -9999 -9999 -9999 -9999 -9999 -9999 -9999 -9999 -9999 -9999 -9999 -9999 -9999 -9999 -9999 -9999 -9999 -9999 -9999 -9999 -9999 0.781 0.837 0.672 0.662 0.692 0.706 0.722 0.717 0.628 0.675 0.664 0.625 0.638 0.681 0.602 0.626 0.661 0.581 0.674 0.592
0.86 0.86 0.845 0.831 0.882 0.854 0.857 0.867 0.851 -9999 -9999 -9999 -9999 -9999 -9999 -9999 -9999 -9999 -9999 -9999 -9999 -9999 -9999 -9999 -9999 -9999 -9999 -9999 -9999 -9999 -9999 -9999 -9999 -9999 -9999 -9999 -9999 -9999 -9999 -9999 -9999 -9999 -9999 -9999 -9999 -9999 -9999 -9999 -9999 -9999 -9999 -9999 -9999 -9999 -9999 -9999 -9999 0.723 0.804 0.699 0.654 0.641 0.664 0.671 0.716 0.663 0.67 0.708 0.666 0.66 0.574 0.583 0.619 0.677 0.608 0.613 0.619
0.84 0.83 0.832 0.852 0.878 0.881 0.847 0.84 -9999 -9999 -9999 -9999 -9999 -9999 -9999 -9999 -9999 -9999 -9999 -9999 -9999 -9999 -9999 -9999 -9999 -9999 -9999 -9999 -9999 -9999 -9999 -9999 -9999 -9999 -9999 -9999 -9999 -9999 -9999 -9999 -9999 -9999 -9999 -9999 -9999 -9999 -9999 -9999 -9999 -9999 -9999 -9999 -9999 -9999 -9999 -9999 0.642 0.689 0.772 0.678 0.659 0.665 0.643 0.669 0.69 0.694 0.694 0.659 0.69 0.69 0.649 0.58 0.677 0.658 0.615 0.599 0.601
0.845 0.845 0.851 0.855 0.87 0.815 0.698 0.682 -9999 -9999 -9999 -9999 -9999 -9999 -9999 -9999 -9999 -9999 -9999 -9999 -9999 -9999 -9999 -9999 -9999 -9999 -9999 -9999 -9999 -9999 -9999 -9999 -9999 -9999 -9999 -9999 -9999 -9999 -9999 -9999 -9999 -9999 -9999 -9999 -9999 -9999 -9999 -9999 -9999 -9999 -9999 -9999 -9999 -9999 -9999 -9999 -9999 0.773 0.741 0.643 0.691 0.639 0.659 0.644 0.662 0.703 0.681 0.658 0.608 0.662 0.723 0.461 0.68 0.671 0.656 0.694 0.601
0.831 0.845 0.854 0.846 0.834 0.726 0.736 -9999 -9999 -9999 -9999 -9999 -9999 -9999 -9999 -9999 -9999 -9999 -9999 -9999 -9999 -9999 -9999 -9999 -9999 -9999 -9999 -9999 -9999 -9999 -9999 -9999 -9999 -9999 -9999 -9999 -9999 -9999 -9999 -9999 -9999 -9999 -9999 -9999 -9999 -9999 -9999 -9999 -9999 -9999 -9999 -9999 -9999 -9999 -9999 -9999 -9999 0.701 0.746 0.695 0.658 0.637 0.667 0.669 0.697 0.701 0.683 0.674 0.626 0.67 0.709 0.622 0.619 0.651 0.636 0.694 0.639
