data/china_ndvi_max_1982.asc
ncols         710
nrows         510
xllcorner     70
yllcorner     10
cellsize      0.1
NODATA_value  -9999
[rows 238 to 271 of 510, columns 308 to 384 of 710]
0.438 0.424 0.44 0.429 0.402 0.425 0.429 0.447 0.441 0.438 0.424 0.405 0.47 0.479 0.457 0.423 0.496 0.393 0.288 0.325 0.418 0.336 0.227 0.285 0.305 0.302 0.306 0.197 0.214 0.31 0.191 0.118 0.17 0.13 0.118 0.133 0.112 0.11 0.111 0.11 0.122 0.126 0.115 0.117 0.126 0.126 0.123 0.127 0.147 0.135 0.176 0.117 0.129 0.129 0.124 0.141 0.15 0.132 0.141 0.146 0.145 0.151 0.155 0.163 0.166 0.177 0.19 0.2 0.186 0.214 0.236 0.225 0.22 0.239 0.25 0.252 0.248
0.393 0.385 0.412 0.45 0.393 0.337 0.421 0.342 0.342 0.381 0.435 0.405 0.37 0.335 0.366 0.458 0.441 0.453 0.385 0.363 0.404 0.422 0.238 0.198 0.194 0.219 0.193 0.163 0.16 0.191 0.21 0.143 0.126 0.125 0.122 0.117 0.137 0.184 0.13 0.109 0.116 0.131 0.106 0.094 0.09 0.124 0.115 0.124 0.126 0.121 0.15 0.168 0.12 0.126 0.131 0.131 0.127 0.133 0.156 0.149 0.154 0.154 0.157 0.163 0.176 0.185 0.197 0.207 0.196 0.221 0.237 0.262 0.266 0.27 0.256 0.259 0.252
0.309 0.349 0.26 0.361 0.386 0.453 0.448 0.397 0.39 0.296 0.307 0.319 0.348 0.371 0.333 0.325 0.406 0.473 0.494 0.43 0.318 0.341 0.28 0.171 0.174 0.255 0.229 0.2 0.151 0.138 0.133 0.125 0.136 0.116 0.113 0.133 0.119 0.133 0.124 0.129 0.11 0.122 0.115 0.11 0.121 0.128 0.142 0.137 0.131 0.128 0.126 0.112 0.138 0.128 0.136 0.127 0.131 0.154 0.171 0.162 0.186 0.174 0.178 0.198 0.189 0.198 0.209 0.227 0.213 0.234 0.255 0.269 0.28 0.276 0.292 0.284 0.254
0.151 0.212 0.33 0.292 0.342 0.436 0.406 0.326 0.328 0.273 0.282 0.286 0.323 0.325 0.372 0.338 0.386 0.495 0.521 0.47 0.384 0.252 0.29 0.216 0.19 0.149 0.152 0.133 0.138 0.128 0.139 0.124 0.132 0.124 0.121 0.135 0.134 0.142 0.137 0.136 0.103 0.112 0.134 0.143 0.128 0.128 0.14 0.133 0.134 0.134 0.127 0.13 0.149 0.126 0.135 0.132 0.135 0.179 0.176 0.173 0.184 0.19 0.196 0.185 0.188 0.196 0.207 0.209 0.213 0.237 0.258 0.269 0.271 0.273 0.293 0.275 0.255
0.151 0.121 0.398 0.342 0.28 0.318 0.412 0.276 0.261 0.245 0.256 0.219 0.236 0.26 0.316 0.425 0.482 0.411 0.435 0.468 0.451 0.352 0.17 0.185 0.182 0.171 0.143 0.151 0.151 0.14 0.133 0.14 0.125 0.124 0.132 0.138 0.128 0.134 0.144 0.183 0.127 0.164 0.124 0.121 0.134 0.137 0.135 0.138 0.139 0.14 0.141 0.141 0.148 0.142 0.132 0.144 0.168 0.182 0.172 0.186 0.188 0.2 0.196 0.194 0.2 0.205 0.208 0.203 0.194 0.228 0.225 0.231 0.276 0.293 0.29 0.27 0.265
0.251 0.28 0.371 0.384 0.337 0.336 0.359 0.294 0.268 0.221 0.164 0.21 0.195 0.223 0.307 0.365 0.384 0.435 0.444 0.472 0.356 0.259 0.17 0.165 0.169 0.167 0.154 0.157 0.197 0.155 0.127 0.142 0.131 0.136 0.131 0.124 0.125 0.133 0.15 0.257 0.142 0.142 0.122 0.121 0.12 0.165 0.207 0.154 0.134 0.137 0.143 0.139 0.143 0.161 0.143 0.138 0.167 0.185 0.177 0.209 0.204 0.201 0.207 0.207 0.205 0.223 0.216 0.225 0.222 0.224 0.237 0.235 0.289 0.311 0.283 0.273 0.278
0.277 0.32 0.299 0.355 0.346 0.362 0.415 0.282 0.269 0.248 0.207 0.188 0.194 0.175 0.223 0.2 0.21 0.275 0.291 0.301 0.258 0.222 0.15 0.143 0.155 0.145 0.163 0.146 0.168 0.149 0.13 0.132 0.157 0.123 0.122 0.117 0.13 0.164 0.182 0.19 0.138 0.139 0.123 0.208 0.198 0.149 0.185 0.176 0.155 0.155 0.148 0.151 0.148 0.163 0.184 0.171 0.178 0.195 0.188 0.203 0.213 0.219 0.218 0.229 0.223 0.229 0.227 0.259 0.237 0.237 0.238 0.24 0.245 0.256 0.244 0.257 0.294
0.295 0.274 0.295 0.354 0.279 0.354 0.34 0.382 0.393 0.348 0.347 0.322 0.242 0.247 0.249 0.212 0.179 0.184 0.178 0.203 0.249 0.173 0.146 0.136 0.146 0.15 0.147 0.151 0.141 0.134 0.137 0.158 0.136 0.148 0.185 0.229 0.143 0.141 0.136 0.14 0.154 0.13 0.138 0.145 0.156 0.16 0.161 0.156 0.225 0.19 0.187 0.162 0.166 0.233 0.201 0.196 0.193 0.204 0.222 0.233 0.214 0.208 0.225 0.22 0.22 0.227 0.224 0.253 0.266 0.25 0.246 0.259 0.283 0.324 0.322 0.336 0.372
0.175 0.262 0.272 0.328 0.275 0.264 0.36 0.372 0.401 0.47 0.355 0.369 0.395 0.391 0.38 0.315 0.292 0.222 0.203 0.195 0.202 0.251 0.165 0.147 0.151 0.145 0.134 0.136 0.148 0.146 0.138 0.14 0.143 0.148 0.162 0.143 0.138 0.144 0.134 0.135 0.137 0.156 0.136 0.145 0.156 0.153 0.156 0.189 0.186 0.189 0.182 0.172 0.185 0.205 0.203 0.189 0.213 0.203 0.21 0.216 0.214 0.217 0.216 0.215 0.235 0.24 0.244 0.256 0.268 0.261 0.264 0.274 0.303 0.292 0.377 0.476 0.388
0.121 0.146 0.186 0.217 0.235 0.247 0.252 0.211 0.253 0.227 0.234 0.303 0.289 0.311 0.333 0.367 0.373 0.447 0.407 0.312 0.199 0.182 0.179 0.187 0.178 0.163 0.154 0.138 0.139 0.137 0.14 0.136 0.152 0.13 0.138 0.144 0.14 0.146 0.137 0.125 0.13 0.163 0.141 0.137 0.147 0.152 0.157 0.17 0.275 0.268 0.242 0.204 0.253 0.194 0.245 0.195 0.235 0.225 0.221 0.222 0.223 0.218 0.229 0.235 0.234 0.239 0.242 0.254 0.261 0.261 0.286 0.288 0.324 0.401 0.471 0.5 0.522
-0.068 0.028 0.127 0.13 0.131 0.123 0.141 0.112 0.178 0.265 0.191 0.228 0.306 0.363 0.264 0.301 0.312 0.377 0.456 0.429 0.275 0.229 0.159 0.202 0.202 0.203 0.179 0.185 0.157 0.203 0.147 0.126 0.142 0.14 0.131 0.139 0.145 0.148 0.144 0.142 0.147 0.139 0.142 0.153 0.157 0.158 0.15 0.177 0.206 0.277 0.282 0.237 0.272 0.206 0.211 0.233 0.223 0.22 0.214 0.255 0.269 0.245 0.244 0.228 0.229 0.253 0.243 0.277 0.281 0.273 0.298 0.268 0.307 0.381 0.39 0.48 0.531
0.128 0.107 0.18 0.191 0.185 0.147 0.161 0.194 0.332 0.425 0.364 0.22 0.211 0.27 0.26 0.221 0.183 0.259 0.394 0.459 0.305 0.253 0.166 0.163 0.161 0.203 0.2 0.21 0.223 0.198 0.17 0.144 0.156 0.153 0.146 0.142 0.154 0.157 0.157 0.136 0.157 0.135 0.139 0.157 0.152 0.152 0.16 0.2 0.19 0.201 0.214 0.229 0.247 0.223 0.225 0.216 0.207 0.226 0.226 0.222 0.226 0.241 0.24 0.24 0.238 0.244 0.258 0.273 0.254 0.278 0.271 0.271 0.292 0.323 0.352 0.447 0.574
0.205 0.212 0.208 0.245 0.321 0.255 0.241 0.2 0.193 0.282 0.381 0.433 0.198 0.23 0.188 0.227 0.214 0.194 0.278 0.318 0.25 0.281 0.2 0.2 0.205 0.176 0.186 0.144 0.166 0.211 0.253 0.384 0.257 0.218 0.221 0.173 0.153 0.163 0.166 0.166 0.153 0.151 0.158 0.172 0.166 0.163 0.181 0.185 0.182 0.199 0.208 0.218 0.24 0.291 0.335 0.308 0.283 0.244 0.233 0.234 0.244 0.256 0.265 0.263 0.295 0.284 0.29 0.297 0.303 0.302 0.317 0.296 0.35 0.364 0.356 0.452 0.505
0.259 0.251 0.247 0.239 0.317 0.359 0.271 0.255 0.211 0.312 0.348 0.402 0.327 0.307 0.321 0.236 0.203 0.193 0.336 0.431 0.282 0.236 0.235 0.127 0.169 0.177 0.188 0.193 0.167 0.157 0.167 0.234 0.434 0.287 0.207 0.169 0.173 0.167 0.243 0.182 0.163 0.154 0.164 0.171 0.182 0.187 0.206 0.202 0.201 0.206 0.22 0.222 0.243 0.259 0.338 0.342 0.348 0.24 0.234 0.246 0.258 0.259 0.268 0.281 0.271 0.306 0.299 0.302 0.326 0.332 0.353 0.322 0.352 0.343 0.351 0.401 0.501
0.106 0.137 0.152 0.361 0.366 0.389 0.291 0.378 0.395 0.348 0.303 0.342 0.204 0.236 0.339 0.44 0.391 0.246 0.244 0.382 0.432 0.341 0.248 0.293 0.333 0.221 0.202 0.168 0.183 0.194 0.179 0.226 0.378 0.304 0.215 0.175 0.185 0.198 0.191 0.184 0.167 0.164 0.176 0.185 0.185 0.201 0.241 0.23 0.242 0.238 0.239 0.233 0.262 0.283 0.363 0.328 0.392 0.247 0.244 0.269 0.272 0.26 0.283 0.296 0.303 0.332 0.334 0.334 0.323 0.352 0.352 0.349 0.333 0.344 0.349 0.395 0.483
0.155 0.121 0.17 0.385 0.355 0.359 0.401 0.33 0.351 0.415 0.425 0.487 0.234 0.21 0.275 0.381 0.43 0.359 0.34 0.315 0.378 0.386 0.27 0.279 0.33 0.252 0.237 0.185 0.176 0.166 0.222 0.176 0.225 0.293 0.228 0.194 0.193 0.199 0.194 0.198 0.188 0.188 0.183 0.191 0.2 0.212 0.239 0.254 0.246 0.254 0.234 0.227 0.272 0.29 0.413 0.374 0.513 0.302 0.297 0.287 0.279 0.285 0.311 0.298 0.304 0.317 0.333 0.334 0.361 0.369 0.345 0.345 0.323 0.337 0.383 0.375 0.401
0.317 0.259 0.232 0.345 0.343 0.381 0.407 0.189 0.22 0.393 0.397 0.476 0.265 0.343 0.371 0.407 0.418 0.367 0.343 0.293 0.422 0.448 0.326 0.317 0.294 0.288 0.274 0.235 0.219 0.232 0.264 0.233 0.185 0.215 0.214 0.226 0.227 0.2 0.195 0.203 0.205 0.206 0.199 0.209 0.223 0.24 0.251 0.26 0.256 0.264 0.248 0.254 0.291 0.327 0.407 0.407 0.458 0.395 0.295 0.287 0.302 0.294 0.311 0.32 0.295 0.307 0.331 0.346 0.355 0.364 0.374 0.349 0.359 0.346 0.351 0.373 0.393
0.299 0.316 0.33 0.358 0.351 0.36 0.391 0.368 0.402 0.385 0.448 0.394 0.431 0.4 0.416 0.412 0.45 0.295 0.278 0.32 0.457 0.481 0.469 0.474 0.455 0.385 0.391 0.345 0.308 0.268 0.279 0.276 0.213 0.207 0.195 0.189 0.211 0.254 0.228 0.22 0.207 0.21 0.252 0.245 0.234 0.224 0.202 0.275 0.281 0.275 0.26 0.27 0.285 0.304 0.42 0.536 0.386 0.407 0.417 0.389 0.387 0.337 0.295 0.324 0.341 0.353 0.349 0.34 0.344 0.34 0.383 0.35 0.359 0.319 0.304 0.325 0.363
0.288 0.336 0.365 0.324 0.332 0.361 0.366 0.257 0.388 0.411 0.392 0.422 0.378 0.375 0.429 0.424 0.417 0.38 0.419 0.424 0.344 0.493 0.473 0.471 0.486 0.459 0.428 0.404 0.344 0.299 0.292 0.296 0.246 0.235 0.243 0.22 0.195 0.214 0.207 0.192 0.184 0.185 0.235 0.243 0.243 0.262 0.266 0.255 0.26 0.276 0.275 0.286 0.289 0.308 0.34 0.494 0.509 0.323 0.371 0.454 0.484 0.395 0.317 0.352 0.321 0.335 0.342 0.391 0.412 0.385 0.366 0.354 0.324 0.315 0.336 0.361 0.358
0.393 0.407 0.409 0.398 0.364 0.394 0.381 0.371 0.394 0.445 0.407 0.414 0.382 0.439 0.444 0.425 0.427 0.319 0.373 0.417 0.397 0.402 0.426 0.396 0.4 0.442 0.472 0.518 0.442 0.359 0.312 0.313 0.302 0.271 0.257 0.246 0.223 0.211 0.203 0.192 0.193 0.191 0.205 0.229 0.221 0.218 0.239 0.262 0.267 0.258 0.265 0.306 0.284 0.294 0.329 0.455 0.532 0.386 0.363 0.371 0.417 0.512 0.367 0.313 0.313 0.335 0.355 0.368 0.357 0.372 0.396 0.407 0.35 0.352 0.347 0.357 0.371
0.444 0.442 0.419 0.426 0.372 0.388 0.414 0.419 0.401 0.425 0.438 0.428 0.438 0.445 0.443 0.415 0.451 0.42 0.435 0.488 0.465 0.344 0.391 0.41 0.416 0.463 0.415 0.476 0.49 0.369 0.33 0.364 0.346 0.318 0.28 0.255 0.24 0.22 0.215 0.194 0.185 0.2 0.189 0.186 0.22 0.234 0.245 0.271 0.287 0.263 0.266 0.306 0.312 0.334 0.307 0.462 0.572 0.487 0.404 0.352 0.361 0.408 0.465 0.407 0.383 0.37 0.386 0.387 0.421 0.405 0.378 0.407 0.356 0.383 0.368 0.347 0.378
0.458 0.449 0.392 0.4 0.383 0.408 0.412 0.419 0.411 0.417 0.408 0.408 0.419 0.404 0.402 0.439 0.461 0.425 0.395 0.434 0.452 0.412 0.394 0.434 0.42 0.432 0.438 0.476 0.493 0.398 0.418 0.442 0.403 0.414 0.342 0.295 0.28 0.241 0.272 0.238 0.205 0.21 0.209 0.203 0.216 0.232 0.267 0.27 0.282 0.282 0.29 0.302 0.303 0.323 0.358 0.384 0.509 0.539 0.488 0.507 0.37 0.377 0.458 0.434 0.399 0.397 0.351 0.387 0.381 0.36 0.398 0.402 0.329 0.359 0.379 0.365 0.344
0.393 0.421 0.403 0.42 0.405 0.414 0.431 0.414 0.437 0.44 0.469 0.438 0.442 0.443 0.414 0.408 0.499 0.443 0.428 0.429 0.402 0.415 0.438 0.425 0.436 0.423 0.395 0.491 0.516 0.456 0.418 0.423 0.391 0.436 0.435 0.372 0.321 0.31 0.318 0.267 0.31 0.34 0.288 0.259 0.236 0.24 0.328 0.294 0.278 0.287 0.297 0.33 0.325 0.329 0.343 0.381 0.454 0.578 0.635 0.477 0.389 0.41 0.469 0.498 0.523 0.513 0.523 0.529 0.462 0.439 0.466 0.466 0.482 0.449 0.352 0.325 0.325
0.405 0.402 0.418 0.419 0.439 0.453 0.442 0.457 0.467 0.422 0.428 0.454 0.46 0.46 0.447 0.41 0.445 0.439 0.404 0.403 0.435 0.436 0.423 0.422 0.387 0.396 0.417 0.493 0.483 0.473 0.425 0.474 0.431 0.403 0.402 0.434 0.431 0.299 0.315 0.244 0.262 0.311 0.272 0.277 0.263 0.256 0.293 0.33 0.293 0.305 0.317 0.329 0.331 0.338 0.358 0.379 0.394 0.578 0.603 0.618 0.483 0.43 0.446 0.494 0.492 0.493 0.451 0.485 0.444 0.454 0.43 0.487 0.458 0.39 0.344 0.375 0.396
0.399 0.374 0.431 0.466 0.436 0.438 0.45 0.461 0.421 0.443 0.432 0.424 0.478 0.438 0.472 0.441 0.452 0.446 0.45 0.457 0.438 0.477 0.434 0.41 0.392 0.341 0.308 0.366 0.388 0.41 0.359 0.338 0.389 0.446 0.475 0.456 0.389 0.311 0.343 0.293 0.286 0.332 0.296 0.341 0.318 0.321 0.323 0.337 0.319 0.335 0.304 0.321 0.412 0.428 0.379 0.379 0.447 0.578 0.541 0.58 0.572 0.557 0.408 0.41 0.443 0.573 0.53 0.522 0.476 0.485 0.462 0.492 0.383 0.382 0.348 0.354 0.361
0.456 0.439 0.439 0.43 0.444 0.452 0.454 0.522 0.459 0.444 0.45 0.469 0.472 0.467 0.468 0.455 0.45 0.465 0.436 0.433 0.487 0.438 0.518 0.507 0.504 0.448 0.387 0.335 0.346 0.411 0.447 0.364 0.335 0.398 0.456 0.505 0.453 0.401 0.406 0.421 0.33 0.356 0.34 0.469 0.526 0.403 0.315 0.32 0.334 0.326 0.299 0.304 0.37 0.372 0.39 0.55 0.595 0.608 0.646 0.581 0.627 0.613 0.497 0.418 0.397 0.451 0.455 0.454 0.473 0.516 0.517 0.548 0.442 0.4 0.39 0.436 0.346
0.446 0.461 0.434 0.431 0.434 0.447 0.447 0.433 0.43 0.439 0.448 0.464 0.48 0.486 0.477 0.449 0.461 0.453 0.439 0.417 0.45 0.503 0.506 0.515 0.521 0.549 0.577 0.489 0.48 0.438 0.428 0.435 0.287 0.311 0.392 0.477 0.401 0.452 0.469 0.524 0.521 0.523 0.429 0.477 0.495 0.507 0.367 0.368 0.324 0.338 0.311 0.299 0.344 0.35 0.414 0.504 0.493 0.541 0.535 0.498 0.532 0.606 0.411 0.472 0.421 0.413 0.452 0.43 0.488 0.527 0.532 0.482 0.354 0.395 0.387 0.401 0.396
0.433 0.404 0.407 0.443 0.442 0.453 0.449 0.342 0.378 0.442 0.457 0.442 0.403 0.472 0.454 0.463 0.426 0.447 0.437 0.444 0.451 0.499 0.489 0.481 0.475 0.511 0.5 0.565 0.54 0.515 0.504 0.474 0.318 0.337 0.423 0.426 0.397 0.39 0.426 0.417 0.446 0.48 0.384 0.39 0.436 0.346 0.351 0.326 0.318 0.393 0.434 0.641 0.557 0.602 0.637 0.644 0.61 0.66 0.562 0.571 0.561 0.466 0.373 0.294 0.315 0.378 0.413 0.436 0.456 0.435 0.444 0.431 0.469 0.463 0.463 0.482 0.453
0.403 0.428 0.467 0.459 0.46 0.454 0.459 0.448 0.436 0.424 0.421 0.436 0.405 0.415 0.445 0.455 0.429 0.449 0.446 0.431 0.438 0.458 0.443 0.419 0.355 0.383 0.401 0.494 0.496 0.476 0.504 0.495 0.399 0.367 0.352 0.331 0.367 0.407 0.448 0.462 0.513 0.523 0.469 0.366 0.303 0.317 0.297 0.306 0.319 0.367 0.409 0.576 0.602 0.626 0.65 0.647 0.603 0.642 0.643 0.655 0.624 0.635 0.567 0.509 0.473 0.467 0.459 0.433 0.415 0.428 0.46 0.484 0.457 0.478 0.497 0.465 0.46
0.321 0.307 0.37 0.39 0.391 0.469 0.476 0.436 0.438 0.438 0.411 0.377 0.403 0.424 0.454 0.448 0.435 0.456 0.452 0.442 0.457 0.499 0.504 0.515 0.528 0.473 0.378 0.345 0.372 0.38 0.534 0.552 0.484 0.518 0.486 0.381 0.354 0.449 0.448 0.467 0.507 0.524 0.47 0.42 0.312 0.344 0.336 0.351 0.361 0.502 0.611 0.613 0.61 0.655 0.647 0.668 0.658 0.658 0.698 0.649 0.609 0.604 0.648 0.629 0.647 0.631 0.619 0.56 0.491 0.5 0.484 0.474 0.486 0.502 0.477 0.454 0.459
0.392 0.389 0.341 0.313 0.354 0.333 0.294 0.451 0.467 0.436 0.473 0.464 0.352 0.358 0.414 0.459 0.477 0.449 0.454 0.464 0.471 0.512 0.509 0.519 0.537 0.558 0.571 0.57 0.388 0.434 0.478 0.597 0.515 0.55 0.571 0.523 0.392 0.437 0.405 0.484 0.531 0.494 0.319 0.333 0.398 0.361 0.368 0.405 0.419 0.57 0.65 0.648 0.67 0.649 0.654 0.689 0.63 0.62 0.604 0.627 0.631 0.62 0.654 0.588 0.611 0.625 0.593 0.643 0.542 0.549 0.563 0.56 0.501 0.512 0.503 0.455 0.5
0.443 0.364 0.41 0.415 0.37 0.344 0.315 0.349 0.407 0.433 0.446 0.45 0.448 0.468 0.441 0.43 0.441 0.42 0.439 0.474 0.465 0.42 0.511 0.533 0.5 0.534 0.521 0.545 0.545 0.539 0.519 0.477 0.502 0.588 0.575 0.533 0.45 0.401 0.417 0.487 0.497 0.517 0.311 0.292 0.311 0.321 0.336 0.437 0.473 0.624 0.627 0.67 0.614 0.62 0.614 0.654 0.637 0.583 0.61 0.603 0.635 0.627 0.607 0.586 0.615 0.547 0.559 0.626 0.567 0.604 0.604 0.698 0.62 0.532 0.515 0.544 0.537
0.41 0.426 0.433 0.457 0.463 0.446 0.377 0.46 0.471 0.439 0.443 0.451 0.47 0.481 0.438 0.432 0.392 0.439 0.442 0.42 0.345 0.418 0.425 0.499 0.496 0.483 0.552 0.542 0.547 0.567 0.498 0.539 0.432 0.442 0.44 0.419 0.536 0.457 0.547 0.485 0.413 0.352 0.362 0.471 0.387 0.433 0.525 0.614 0.576 0.584 0.521 0.535 0.59 0.525 0.479 0.473 0.534 0.561 0.59 0.628 0.672 0.688 0.63 0.64 0.671 0.647 0.651 0.679 0.675 0.609 0.626 0.636 0.611 0.628 0.612 0.645 0.658
0.425 0.424 0.442 0.456 0.445 0.44 0.459 0.458 0.482 0.465 0.465 0.438 0.469 0.468 0.438 0.439 0.455 0.446 0.449 0.454 0.423 0.445 0.446 0.421 0.476 0.486 0.544 0.545 0.546 0.562 0.573 0.48 0.495 0.588 0.532 0.448 0.353 0.393 0.528 0.574 0.484 0.476 0.32 0.343 0.334 0.404 0.441 0.569 0.576 0.464 0.435 0.427 0.454 0.454 0.451 0.564 0.577 0.628 0.581 0.598 0.665 0.67 0.655 0.673 0.659 0.673 0.674 0.667 0.681 0.68 0.639 0.655 0.638 0.65 0.643 0.622 0.646
