data/china_ndvi_max_1999.asc
ncols         710
nrows         510
xllcorner     70
yllcorner     10
cellsize      0.1
NODATA_value  -9999
[rows 136 to 169 of 510, columns 154 to 230 of 710]
-9999 -9999 -9999 0.236 0.193 0.171 0.152 0.25 0.131 0.13 0.156 0.089 0.073 0.113 0.133 0.089 0.077 -0.3 -0.3 -0.3 -0.3 0.091 0.133 0.196 0.219 0.227 0.276 0.262 0.202 0.131 0.1 0.11 0.132 0.118 0.125 0.126 0.165 0.199 0.233 0.248 0.274 0.289 0.339 0.27 0.314 0.283 0.346 0.239 0.145 0.102 0.098 0.092 -9999 -9999 -9999 -9999 -9999 -9999 -9999 -9999 -9999 -9999 -9999 -9999 -9999 -9999 -9999 -9999 -9999 -9999 -9999 -9999 -9999 -9999 -9999 -9999 -9999
-9999 -9999 -9999 0.306 0.294 0.307 0.261 0.265 0.261 0.228 0.196 0.138 0.132 0.123 0.095 0.082 0.099 -0.3 -0.3 -0.3 0.127 0.203 0.123 0.13 0.12 0.124 0.204 0.212 0.185 0.167 0.117 0.096 0.093 0.097 0.095 0.116 0.159 0.178 0.182 0.21 0.262 0.278 0.286 0.212 0.23 0.28 0.281 0.174 0.151 0.179 0.128 0.085 -9999 -9999 -9999 -9999 -9999 -9999 -9999 -9999 -9999 -9999 -9999 -9999 -9999 -9999 -9999 -9999 -9999 -9999 -9999 -9999 -9999 -9999 -9999 -9999 -9999
-9999 -9999 0.23 0.32 0.331 0.348 0.372 0.356 0.318 0.277 0.278 0.23 0.196 0.16 0.139 0.117 0.1 0.084 -0.3 -0.3 0.285 0.217 0.19 0.175 0.127 0.149 0.178 0.133 0.144 0.193 0.168 0.139 0.117 0.119 0.124 0.096 0.103 0.107 0.124 0.168 0.193 0.225 0.237 0.26 0.236 0.296 0.266 0.182 0.273 0.241 0.08 0.164 0.097 -9999 -9999 -9999 -9999 -9999 -9999 -9999 -9999 -9999 -9999 -9999 -9999 -9999 -9999 -9999 -9999 -9999 -9999 -9999 -9999 -9999 -9999 -9999 -9999
0.182 0.143 0.157 0.193 0.219 0.322 0.349 0.365 0.377 0.359 0.301 0.223 0.175 0.159 0.127 0.111 0.099 0.097 0.099 0.177 0.256 0.13 0.21 0.236 0.22 0.138 0.133 0.115 0.115 0.106 0.107 0.141 0.129 0.127 0.122 0.123 0.111 0.121 0.128 0.128 0.143 0.176 0.247 0.236 0.241 0.255 0.287 0.292 0.293 0.297 0.204 0.135 0.151 0.126 -9999 -9999 -9999 -9999 -9999 -9999 -9999 -9999 -9999 -9999 -9999 -9999 -9999 -9999 -9999 -9999 -9999 -9999 -9999 -9999 -9999 -9999 -9999
0.086 0.102 0.104 0.102 0.124 0.142 0.183 0.143 0.16 0.17 0.187 0.23 0.233 0.213 0.22 0.171 0.117 0.117 0.119 0.09 0.015 0.042 0.114 0.219 0.178 0.209 0.163 0.104 0.109 0.108 0.11 0.123 0.117 0.104 0.097 0.101 0.121 0.121 0.122 0.11 0.114 0.137 0.16 0.151 0.152 0.225 0.223 0.219 0.244 0.263 0.278 0.271 0.29 0.272 0.221 0.221 -9999 -9999 -9999 -9999 -9999 -9999 -9999 -9999 -9999 -9999 -9999 -9999 -9999 -9999 -9999 -9999 -9999 -9999 -9999 -9999 -9999
0.143 0.164 0.117 0.159 0.251 0.226 0.18 0.199 0.145 0.134 0.148 0.156 0.157 0.158 0.143 0.147 0.133 0.121 0.143 0.133 0.123 0.093 0.091 0.134 0.122 0.148 0.128 0.107 0.111 0.111 0.117 0.108 0.098 0.095 0.097 0.116 0.106 0.126 0.134 0.11 0.104 0.12 0.102 0.123 0.138 0.196 0.166 0.203 0.206 0.225 0.234 0.248 0.282 0.223 0.123 0.181 -9999 -9999 -9999 -9999 -9999 -9999 -9999 -9999 -9999 -9999 -9999 -9999 -9999 -9999 -9999 -9999 -9999 -9999 -9999 -9999 -9999
0.217 0.158 0.147 0.143 0.141 0.138 0.114 0.128 0.154 0.168 0.163 0.141 0.134 0.139 0.124 0.12 0.141 0.138 0.135 0.148 0.136 0.113 0.117 0.137 0.165 0.166 0.183 0.1 0.094 0.094 0.112 0.099 0.099 0.098 0.109 0.112 0.097 0.108 0.104 0.105 0.112 0.122 0.125 0.146 0.182 0.158 0.223 0.164 0.165 0.189 0.244 0.222 0.256 0.239 0.219 0.192 0.184 -9999 -9999 -9999 -9999 -9999 -9999 -9999 -9999 -9999 -9999 -9999 -9999 -9999 -9999 -9999 -9999 -9999 -9999 -9999 -9999
0.186 0.217 0.203 0.14 0.172 0.163 0.118 0.153 0.154 0.198 0.174 0.15 0.141 0.145 0.155 0.151 0.138 0.162 0.158 0.151 0.118 0.109 0.112 0.113 0.17 0.209 0.122 0.102 0.101 0.099 0.1 0.088 0.09 0.09 0.104 0.111 0.088 0.105 0.101 0.101 0.111 0.117 0.108 0.112 0.127 0.152 0.239 0.166 0.137 0.159 0.294 0.259 0.258 0.241 0.197 0.214 0.212 -9999 -9999 -9999 -9999 -9999 -9999 -9999 -9999 -9999 -9999 -9999 -9999 -9999 -9999 -9999 -9999 -9999 -9999 -9999 -9999
0.118 0.134 0.159 0.148 0.149 0.114 0.129 0.126 0.153 0.175 0.192 0.158 0.166 0.167 0.148 0.142 0.145 0.143 0.143 0.144 0.141 0.129 0.117 0.123 0.112 0.149 0.167 0.179 0.179 0.167 0.151 0.144 0.099 0.099 0.091 0.097 0.095 0.096 0.098 0.099 0.093 0.095 0.115 0.123 0.126 0.135 0.157 0.169 0.148 0.18 0.16 0.214 0.208 0.167 0.182 0.239 0.191 -9999 -9999 -9999 -9999 -9999 -9999 -9999 -9999 -9999 -9999 -9999 -9999 -9999 -9999 -9999 -9999 -9999 -9999 -9999 -9999
0.11 0.095 0.128 0.113 0.115 0.115 0.106 0.134 0.174 0.139 0.113 0.172 0.164 0.179 0.146 0.156 0.137 0.148 0.155 0.143 0.127 0.106 0.109 0.099 0.114 0.112 0.123 0.124 0.12 0.117 0.117 0.118 0.124 0.193 0.171 0.11 0.095 0.1 0.093 0.097 0.098 0.12 0.094 0.091 0.093 0.083 0.111 0.104 0.143 0.204 0.094 0.092 0.085 0.133 0.102 0.111 -9999 -9999 -9999 -9999 -9999 -9999 -9999 -9999 -9999 -9999 -9999 -9999 -9999 -9999 -9999 -9999 -9999 -9999 -9999 -9999 -9999
0.092 0.099 0.098 0.119 0.106 0.143 0.116 0.115 0.101 0.122 0.13 0.143 0.153 0.151 0.141 0.162 0.148 0.14 0.137 0.14 0.142 0.141 0.144 0.126 0.139 0.137 0.119 0.132 0.12 0.119 0.118 0.116 0.138 0.125 0.122 0.109 0.119 0.117 0.109 0.091 0.115 0.094 0.152 0.095 0.081 0.088 0.102 0.106 0.135 0.122 0.195 0.128 0.098 0.112 0.127 -9999 -9999 -9999 -9999 -9999 -9999 -9999 -9999 -9999 -9999 -9999 -9999 -9999 -9999 -9999 -9999 -9999 -9999 -9999 -9999 -9999 -9999
0.092 0.087 0.077 0.088 0.106 0.1 0.124 0.108 0.083 0.089 0.156 0.13 0.131 0.138 0.146 0.174 0.161 0.118 0.128 0.131 0.132 0.125 0.133 0.13 0.129 0.135 0.121 0.121 0.123 0.116 0.116 0.123 0.126 0.129 0.112 0.122 0.112 0.106 0.107 0.108 0.104 0.088 0.087 0.103 0.091 0.091 0.095 0.078 0.124 0.122 0.09 0.107 0.112 0.102 0.137 0.116 -9999 -9999 -9999 -9999 -9999 -9999 -9999 -9999 -9999 -9999 -9999 -9999 -9999 -9999 -9999 -9999 -9999 -9999 -9999 -9999 -9999
0.072 0.089 0.142 0.177 0.071 0.086 0.106 0.119 0.084 0.104 0.133 0.09 0.113 0.146 0.148 0.156 0.15 0.153 0.135 0.136 0.14 0.138 0.13 0.137 0.121 0.119 0.116 0.139 0.142 0.123 0.11 0.117 0.126 0.118 0.112 0.105 0.108 0.109 0.106 0.107 0.104 0.113 0.113 0.105 0.077 0.058 0.125 0.058 0.089 0.121 0.097 0.08 0.117 0.101 0.06 0.09 0.145 -9999 -9999 -9999 -9999 -9999 -9999 -9999 -9999 -9999 -9999 -9999 -9999 -9999 -9999 -9999 -9999 -9999 -9999 -9999 -9999
0.083 0.078 0.088 0.176 0.063 0.072 0.105 0.089 0.104 0.11 0.112 0.113 0.116 0.117 0.144 0.144 0.159 0.128 0.133 0.135 0.133 0.125 0.129 0.135 0.115 0.126 0.135 0.132 0.138 0.144 0.13 0.117 0.127 0.126 0.118 0.115 0.11 0.102 0.107 0.106 0.099 0.108 0.114 0.124 0.1 0.094 0.102 0.147 0.124 0.082 0.114 0.101 0.116 0.102 0.087 0.097 -9999 -9999 -9999 -9999 -9999 -9999 -9999 -9999 -9999 -9999 -9999 -9999 -9999 -9999 -9999 -9999 -9999 -9999 -9999 -9999 -9999
0.14 0.07 0.074 0.086 0.078 0.066 -0.007 -0.3 0.101 0.107 0.092 0.095 0.103 0.109 0.132 0.147 0.133 0.14 0.138 0.14 0.104 0.122 0.155 0.155 0.146 0.141 0.114 0.12 0.121 0.128 0.142 0.12 0.126 0.134 0.119 0.114 0.139 0.108 0.104 0.107 0.096 0.107 0.099 0.106 0.104 0.112 0.109 0.11 0.116 0.141 0.112 0.121 0.111 0.141 0.101 -9999 -9999 -9999 -9999 -9999 -9999 -9999 -9999 -9999 -9999 -9999 -9999 -9999 -9999 -9999 -9999 -9999 -9999 -9999 -9999 -9999 -9999
0.17 0.072 0.062 0.07 0.049 0.037 0.085 0.062 0.09 0.119 0.14 0.113 0.1 0.103 0.123 0.12 0.135 0.128 0.131 0.133 0.131 0.127 0.133 0.155 0.149 0.141 0.144 0.13 0.139 0.133 0.128 0.127 0.125 0.133 0.127 0.107 0.115 0.119 0.116 0.112 0.101 0.1 0.095 0.094 0.106 0.109 0.106 0.113 0.113 0.133 0.164 0.076 0.097 0.093 -9999 -9999 -9999 -9999 -9999 -9999 -9999 -9999 -9999 -9999 -9999 -9999 -9999 -9999 -9999 -9999 -9999 -9999 -9999 -9999 -9999 -9999 -9999
0.073 0.063 0.06 -0.3 -0.3 0.08 0.114 0.115 0.106 0.105 0.116 0.122 0.13 0.125 0.12 0.118 0.126 0.124 0.14 0.141 0.132 0.124 0.123 0.133 0.148 0.134 0.133 0.129 0.135 0.135 0.132 0.127 0.128 0.129 0.1 0.095 0.102 0.103 0.11 0.105 0.103 0.099 0.099 0.093 0.088 0.087 0.093 0.095 0.096 0.08 0.079 0.095 0.082 0.085 -9999 -9999 -9999 -9999 -9999 -9999 -9999 -9999 -9999 -9999 -9999 -9999 -9999 -9999 -9999 -9999 -9999 -9999 -9999 -9999 -9999 -9999 -9999
0.065 0.062 0.059 0.053 0.072 0.094 0.12 0.117 0.121 0.126 0.13 0.128 0.129 0.145 0.127 0.119 0.118 0.135 0.143 0.147 0.146 0.154 0.126 0.122 0.139 0.122 0.122 0.137 0.135 0.127 0.133 0.128 0.133 0.132 0.131 0.109 0.126 0.128 0.113 0.102 0.119 0.11 0.104 0.105 0.102 0.101 0.104 0.109 0.1 0.093 0.144 0.091 0.084 -9999 -9999 -9999 -9999 -9999 -9999 -9999 -9999 -9999 -9999 -9999 -9999 -9999 -9999 -9999 -9999 -9999 -9999 -9999 -9999 -9999 -9999 -9999 -9999
0.122 0.08 0.088 0.06 0.086 0.083 0.114 0.102 0.08 0.102 0.104 0.125 0.129 0.137 0.132 0.133 0.128 0.139 0.145 0.149 0.145 0.165 0.154 0.15 0.145 0.132 0.117 0.118 0.127 0.13 0.121 0.124 0.13 0.135 0.138 0.145 0.117 0.126 0.114 0.106 0.107 0.092 0.096 0.096 0.102 0.096 0.093 0.071 0.075 0.085 0.095 0.091 0.093 -9999 -9999 -9999 -9999 -9999 -9999 -9999 -9999 -9999 -9999 -9999 -9999 -9999 -9999 -9999 -9999 -9999 -9999 -9999 -9999 -9999 -9999 -9999 -9999
0.101 0.099 0.096 0.103 0.099 0.102 0.099 0.096 0.122 0.115 0.116 0.112 0.114 0.111 0.113 0.121 0.132 0.135 0.145 0.144 0.145 0.149 0.16 0.14 0.139 0.136 0.129 0.132 0.127 0.129 0.124 0.133 0.128 0.146 0.116 0.113 0.104 0.115 0.11 0.105 0.1 0.097 0.101 0.11 0.1 0.084 0.09 0.076 0.085 0.124 0.11 0.112 0.165 0.186 -9999 -9999 -9999 -9999 -9999 -9999 -9999 -9999 -9999 -9999 -9999 -9999 -9999 -9999 -9999 -9999 -9999 -9999 -9999 -9999 -9999 -9999 -9999
0.107 0.123 0.119 0.117 0.119 0.116 0.102 0.098 0.097 0.109 0.119 0.1 0.121 0.12 0.124 0.132 0.141 0.133 0.138 0.147 0.144 0.175 0.157 0.15 0.129 0.131 0.14 0.126 0.128 0.123 0.12 0.137 0.138 0.11 0.115 0.126 0.122 0.12 0.097 0.096 0.096 0.112 0.117 0.112 0.11 0.098 0.09 0.083 0.076 0.087 0.091 0.15 0.188 0.252 0.224 -9999 -9999 -9999 -9999 -9999 -9999 -9999 -9999 -9999 -9999 -9999 -9999 -9999 -9999 -9999 -9999 -9999 -9999 -9999 -9999 -9999 -9999
0.108 0.127 0.132 0.133 0.122 0.124 0.111 0.107 0.108 0.107 0.1 0.112 0.125 0.117 0.124 0.126 0.135 0.135 0.142 0.144 0.138 0.163 0.139 0.134 0.127 0.116 0.126 0.12 0.133 0.126 0.125 0.12 0.114 0.106 0.092 0.102 0.093 0.09 0.116 0.099 0.095 0.087 0.077 0.097 0.091 0.098 0.099 0.104 0.098 0.097 0.094 0.09 0.124 0.168 0.21 -9999 0.181 0.16 -9999 -9999 -9999 -9999 -9999 -9999 -9999 -9999 -9999 -9999 -9999 -9999 -9999 -9999 -9999 -9999 -9999 -9999 -9999
0.141 0.155 0.164 0.149 0.161 0.142 0.165 0.166 0.112 0.104 0.106 0.106 0.12 0.124 0.128 0.13 0.135 0.136 0.139 0.142 0.13 0.14 0.135 0.132 0.131 0.123 0.121 0.118 0.121 0.126 0.135 0.122 0.128 0.117 0.091 0.107 0.096 0.087 0.096 0.091 0.089 0.072 0.053 0.064 0.076 0.079 0.088 0.094 0.085 0.097 0.093 0.068 0.081 0.103 0.147 0.168 0.182 0.144 0.141 0.126 0.133 -9999 -9999 -9999 -9999 -9999 -9999 -9999 -9999 -9999 -9999 -9999 -9999 -9999 -9999 -9999 -9999
0.165 0.156 0.155 0.147 0.14 0.162 0.26 0.289 0.17 0.092 0.088 0.111 0.115 0.12 0.131 0.132 0.131 0.134 0.142 0.142 0.134 0.141 0.144 0.132 0.134 0.131 0.131 0.135 0.128 0.128 0.131 0.12 0.112 0.128 0.108 0.108 0.095 0.092 0.094 0.096 0.079 0.062 0.063 0.068 0.069 0.064 0.054 0.058 0.058 0.082 0.1 0.08 0.082 0.083 0.1 0.096 0.079 0.094 0.133 0.137 0.079 0.086 0.101 0.1 0.094 0.073 0.12 0.153 0.158 0.154 0.142 0.1 0.091 0.092 0.095 0.089 0.109
0.262 0.35 0.295 0.246 0.143 0.122 0.142 0.25 0.343 0.326 0.36 0.15 0.119 0.12 0.125 0.126 0.126 0.13 0.131 0.133 0.129 0.129 0.15 0.133 0.13 0.124 0.128 0.141 0.143 0.148 0.148 0.121 0.1 0.121 0.094 0.085 0.101 0.107 0.106 0.103 0.111 0.11 0.095 0.096 0.088 0.085 0.081 0.075 0.065 0.064 0.078 0.074 0.078 0.082 0.085 0.082 0.064 0.042 0.054 0.086 0.11 0.051 0.057 0.073 0.067 0.046 0.057 0.065 0.044 0.042 0.041 0.041 0.047 0.054 0.051 0.019 0.022
0.224 0.321 0.369 0.335 0.243 0.14 0.16 0.228 0.308 0.287 0.35 0.209 0.13 0.166 0.161 0.128 0.137 0.131 0.129 0.124 0.127 0.131 0.133 0.133 0.128 0.127 0.129 0.131 0.141 0.138 0.149 0.122 0.121 0.131 0.088 0.083 0.084 0.09 0.096 0.099 0.097 0.102 0.092 0.081 0.095 0.101 0.086 0.083 0.074 0.079 0.083 0.079 0.073 0.073 0.081 0.086 0.078 0.074 0.073 0.08 0.103 0.076 0.07 0.06 0.056 0.078 0.074 0.065 0.065 0.054 0.054 0.068 0.067 0.064 0.064 0.055 0.039
0.287 0.307 0.323 0.349 0.334 0.285 0.246 0.233 0.183 0.183 0.22 0.26 0.217 0.177 0.153 0.142 0.151 0.132 0.14 0.136 0.124 0.139 0.138 0.134 0.128 0.128 0.133 0.133 0.137 0.136 0.136 0.13 0.128 0.12 0.1 0.096 0.096 0.093 0.101 0.097 0.099 0.103 0.118 0.108 0.101 0.112 0.09 0.095 0.087 0.088 0.08 0.075 0.073 0.077 0.071 0.069 0.081 0.087 0.073 0.068 0.077 0.125 0.112 0.079 0.075 0.059 0.086 0.076 0.069 0.072 0.066 0.066 0.072 0.073 0.073 0.067 0.075
0.271 0.293 0.31 0.305 0.338 0.322 0.34 0.354 0.311 0.263 0.187 0.272 0.298 0.287 0.164 0.163 0.107 0.114 0.15 0.116 0.125 0.145 0.116 0.133 0.135 0.134 0.131 0.127 0.128 0.133 0.134 0.133 0.131 0.133 0.105 0.104 0.128 0.108 0.118 0.118 0.121 0.102 0.114 0.135 0.097 0.084 0.116 0.098 0.095 0.088 0.085 0.081 0.085 0.091 0.083 0.073 0.071 0.076 0.068 0.081 0.097 0.091 0.083 0.092 0.088 0.105 0.115 0.09 0.085 0.098 0.085 0.063 0.065 0.073 0.07 0.07 0.082
0.235 0.263 0.252 0.315 0.301 0.361 0.353 0.303 0.237 0.258 0.251 0.239 0.309 0.319 0.268 0.185 0.141 0.1 0.112 0.127 0.134 0.139 0.126 0.132 0.141 0.145 0.14 0.136 0.131 0.127 0.127 0.13 0.139 0.127 0.114 0.11 0.116 0.11 0.107 0.115 0.124 0.122 0.11 0.113 0.132 0.114 0.093 0.096 0.111 0.105 0.099 0.089 0.089 0.092 0.097 0.109 0.093 0.083 0.083 0.069 0.074 0.095 0.099 0.116 0.127 0.114 0.069 0.079 0.08 0.074 0.085 0.077 0.074 0.074 0.07 0.071 0.088
0.34 0.314 0.339 0.322 0.297 0.36 0.385 0.345 0.379 0.28 0.163 0.158 0.131 0.133 0.228 0.308 0.197 0.151 0.154 0.14 0.169 0.279 0.272 0.174 0.173 0.201 0.117 0.099 0.128 0.124 0.159 0.115 0.113 0.096 0.114 0.132 0.123 0.118 0.117 0.122 0.118 0.109 0.116 0.114 0.117 0.127 0.108 0.104 0.093 0.085 0.098 0.104 0.116 0.116 0.099 0.1 0.126 0.115 0.096 0.092 0.109 0.09 0.1 0.096 0.101 0.101 0.122 0.109 0.106 0.104 0.108 0.062 0.062 0.078 0.078 0.064 0.075
0.143 0.184 0.254 0.307 0.371 0.351 0.278 0.196 0.307 0.319 0.305 0.247 0.222 0.161 0.234 0.262 0.133 0.16 0.178 0.218 0.137 0.275 0.273 0.163 0.164 0.186 0.105 0.114 0.113 0.105 0.129 0.106 0.118 0.126 0.146 0.136 0.191 0.162 0.141 0.141 0.143 0.116 0.105 0.106 0.104 0.101 0.126 0.116 0.111 0.093 0.098 0.119 0.103 0.129 0.127 0.127 0.127 0.116 0.107 0.116 0.111 0.109 0.116 0.109 0.107 0.134 0.081 0.112 0.11 0.099 0.109 0.063 0.077 0.088 0.068 0.082 0.061
0.191 0.263 0.21 0.199 0.187 0.193 0.244 0.252 0.201 0.237 0.312 0.356 0.264 0.275 0.272 0.252 0.219 0.155 0.21 0.261 0.274 0.273 0.272 0.133 0.126 0.147 0.265 0.195 0.21 0.206 0.143 0.2 0.184 0.131 0.173 0.118 0.127 0.184 0.112 0.103 0.129 0.146 0.161 0.151 0.131 0.12 0.161 0.135 0.125 0.121 0.106 0.097 0.1 0.116 0.106 0.123 0.133 0.121 0.105 0.101 0.102 0.115 0.12 0.114 0.106 0.12 0.13 0.077 0.109 0.103 0.092 0.068 0.067 0.073 0.071 0.079 0.098
0.198 0.185 0.175 0.209 0.227 0.186 0.176 0.191 0.175 0.145 0.175 0.243 0.176 0.126 0.272 0.313 0.219 0.249 0.228 0.255 0.304 0.258 0.302 0.127 0.132 0.13 0.161 0.199 0.119 0.113 0.089 0.126 0.189 0.096 0.165 0.248 0.144 0.138 0.203 0.131 0.128 0.221 0.172 0.216 0.164 0.134 0.168 0.209 0.131 0.115 0.142 0.114 0.115 0.107 0.118 0.137 0.126 0.124 0.104 0.11 0.121 0.1 0.093 0.089 0.123 0.12 0.111 0.106 0.084 0.08 0.089 0.065 0.106 0.082 0.102 0.11 0.102
0.25 0.211 0.212 0.264 0.296 0.231 0.176 0.205 0.197 0.176 0.167 0.103 0.138 0.157 0.207 0.22 0.293 0.28 0.245 0.239 0.26 0.315 0.294 0.174 0.133 0.127 0.18 0.213 0.234 0.219 0.187 0.129 0.129 0.127 0.11 0.15 0.222 0.184 0.27 0.222 0.178 0.256 0.229 0.202 0.251 0.212 0.184 0.118 0.102 0.135 0.102 0.113 0.125 0.118 0.112 0.108 0.128 0.112 0.113 0.098 0.094 0.132 0.166 0.113 0.082 0.104 0.116 0.094 0.089 0.093 0.136 0.064 0.088 0.098 0.131 0.128 0.1
