data/china_ndvi_max_1990.asc
ncols         710
nrows         510
xllcorner     70
yllcorner     10
cellsize      0.1
NODATA_value  -9999
[rows 306 to 339 of 510, columns 308 to 384 of 710]
0.681 0.647 0.668 0.676 0.495 0.46 0.458 0.47 0.488 0.324 0.452 0.581 0.685 0.754 0.743 0.754 0.765 0.746 0.75 0.785 0.771 0.783 0.754 0.732 0.71 0.656 0.594 0.577 0.59 0.61 0.534 0.538 0.566 0.602 0.598 0.534 0.587 0.571 0.523 0.545 0.557 0.56 0.574 0.564 0.583 0.572 0.587 0.547 0.54 0.537 0.521 0.511 0.542 0.582 0.607 0.591 0.599 0.53 0.526 0.534 0.657 0.618 0.554 0.521 0.551 0.593 0.548 0.597 0.57 0.574 0.58 0.601 0.484 0.477 0.628 0.656 0.727
0.72 0.722 0.675 0.712 0.693 0.673 0.659 0.454 0.447 0.478 0.369 0.576 0.498 0.643 0.713 0.663 0.425 0.802 0.804 0.778 0.75 0.73 0.73 0.741 0.664 0.621 0.661 0.644 0.622 0.574 0.567 0.522 0.605 0.612 0.593 0.586 0.608 0.567 0.521 0.556 0.572 0.587 0.575 0.577 0.574 0.564 0.574 0.531 0.537 0.518 0.479 0.496 0.549 0.584 0.584 0.585 0.58 0.539 0.547 0.602 0.632 0.597 0.525 0.577 0.621 0.535 0.538 0.592 0.608 0.582 0.58 0.635 0.537 0.634 0.697 0.679 0.734
0.732 0.697 0.679 0.712 0.656 0.637 0.562 0.456 0.417 0.469 0.319 0.536 0.648 0.715 0.749 0.595 0.832 0.873 0.834 0.795 0.736 0.689 0.726 0.685 0.665 0.667 0.701 0.632 0.56 0.569 0.577 0.536 0.576 0.559 0.578 0.588 0.578 0.533 0.413 0.512 0.558 0.569 0.574 0.596 0.569 0.561 0.555 0.556 0.515 0.527 0.525 0.504 0.53 0.559 0.57 0.55 0.551 0.542 0.576 0.655 0.535 0.577 0.568 0.625 0.569 0.537 0.58 0.623 0.608 0.613 0.615 0.543 0.616 0.658 0.671 0.723 0.739
0.593 0.572 0.694 0.688 0.668 0.65 0.48 0.457 0.435 0.467 0.344 0.448 0.627 0.74 0.747 0.698 0.828 0.82 0.787 0.749 0.704 0.69 0.697 0.672 0.663 0.683 0.684 0.573 0.567 0.568 0.522 0.529 0.555 0.56 0.564 0.568 0.547 0.562 0.569 0.567 0.569 0.564 0.565 0.587 0.587 0.573 0.58 0.553 0.562 0.553 0.515 0.531 0.55 0.568 0.547 0.543 0.523 0.58 0.65 0.642 0.546 0.591 0.604 0.566 0.536 0.56 0.583 0.625 0.604 0.621 0.611 0.493 0.682 0.606 0.629 0.748 0.728
0.576 0.699 0.652 0.673 0.607 0.488 0.444 0.544 0.531 0.542 0.3 0.251 0.604 0.762 0.762 0.79 0.789 0.838 0.812 0.76 0.736 0.782 0.73 0.753 0.639 0.63 0.632 0.62 0.627 0.597 0.588 0.608 0.61 0.599 0.605 0.62 0.607 0.566 0.592 0.584 0.588 0.601 0.585 0.556 0.604 0.613 0.616 0.59 0.595 0.591 0.556 0.549 0.516 0.561 0.553 0.59 0.595 0.594 0.607 0.628 0.589 0.557 0.55 0.56 0.573 0.611 0.669 0.532 0.59 0.488 0.587 0.705 0.616 0.658 0.701 0.709 0.682
0.405 0.628 0.724 0.654 0.691 0.467 0.49 0.573 0.532 0.498 0.302 0.19 0.737 0.692 0.766 0.751 0.726 0.822 0.8 0.785 0.707 0.724 0.721 0.705 0.671 0.689 0.677 0.638 0.592 0.614 0.603 0.65 0.568 0.598 0.616 0.619 0.589 0.614 0.595 0.614 0.591 0.573 0.601 0.595 0.606 0.613 0.608 0.613 0.608 0.581 0.59 0.531 0.54 0.548 0.623 0.559 0.639 0.573 0.599 0.575 0.606 0.577 0.512 0.548 0.604 0.599 0.628 0.583 0.602 0.631 0.635 0.633 0.633 0.712 0.702 0.695 0.646
0.45 0.355 0.629 0.677 0.584 0.43 0.635 0.562 0.55 0.435 0.41 0.083 0.737 0.768 0.777 0.795 0.809 0.817 0.819 0.761 0.783 0.801 0.761 0.775 0.723 0.694 0.687 0.594 0.579 0.652 0.606 0.635 0.581 0.619 0.647 0.604 0.612 0.618 0.639 0.609 0.584 0.593 0.605 0.584 0.557 0.573 0.576 0.571 0.561 0.539 0.541 0.54 0.596 0.595 0.579 0.572 0.565 0.524 0.513 0.58 0.59 0.614 0.62 0.555 0.555 0.577 0.489 0.618 0.661 0.707 0.659 0.723 0.679 0.721 0.718 0.671 0.651
0.493 0.573 0.666 0.725 0.363 0.423 0.68 0.631 0.531 0.459 0.424 -0.045 0.695 0.818 0.853 0.791 0.76 0.678 0.707 0.813 0.847 0.841 0.752 0.829 0.742 0.714 0.711 0.577 0.624 0.577 0.596 0.667 0.592 0.616 0.641 0.586 0.652 0.595 0.585 0.589 0.565 0.59 0.556 0.567 0.536 0.559 0.544 0.543 0.54 0.496 0.502 0.522 0.581 0.633 0.546 0.583 0.55 0.471 0.465 0.565 0.539 0.478 0.645 0.655 0.602 0.604 0.591 0.627 0.702 0.698 0.661 0.677 0.721 0.658 0.654 0.632 0.667
0.493 0.481 0.596 0.663 0.594 0.57 0.717 0.508 0.363 0.489 0.555 0.216 0.71 0.813 0.855 0.773 0.873 0.674 0.7 0.813 0.846 0.868 0.833 0.83 0.792 0.771 0.707 0.606 0.589 0.531 0.555 0.63 0.628 0.646 0.614 0.619 0.664 0.603 0.553 0.565 0.603 0.606 0.523 0.549 0.559 0.578 0.557 0.559 0.548 0.543 0.533 0.602 0.62 0.594 0.563 0.597 0.533 0.302 0.558 0.518 0.566 0.547 0.648 0.656 0.646 0.653 0.657 0.677 0.739 0.677 0.74 0.68 0.645 0.647 0.636 0.64 0.606
0.621 0.702 0.653 0.66 0.645 0.589 0.539 0.457 0.41 0.279 0.366 0.672 0.8 0.79 0.754 0.806 0.816 0.776 0.611 0.663 0.729 0.778 0.773 0.795 0.745 0.609 0.703 0.604 0.654 0.641 0.571 0.618 0.56 0.602 0.609 0.551 0.59 0.607 0.61 0.584 0.516 0.6 0.562 0.552 0.544 0.524 0.52 0.531 0.546 0.561 0.641 0.554 0.551 0.567 0.601 0.573 0.609 0.54 0.582 0.606 0.59 0.61 0.642 0.637 0.634 0.625 0.651 0.622 0.619 0.586 0.656 0.641 0.597 0.593 0.611 0.632 0.59
0.624 0.605 0.65 0.636 0.342 0.326 0.319 0.477 0.382 0.275 0.478 0.32 0.64 0.687 0.798 0.775 0.876 0.715 0.61 0.631 0.715 0.758 0.772 0.71 0.768 0.637 0.633 0.654 0.606 0.644 0.66 0.533 0.626 0.615 0.579 0.577 0.568 0.541 0.583 0.555 0.577 0.581 0.583 0.561 0.558 0.531 0.543 0.552 0.558 0.599 0.589 0.542 0.584 0.548 0.567 0.514 0.492 0.633 0.626 0.612 0.628 0.621 0.61 0.643 0.634 0.645 0.671 0.664 0.702 0.646 0.605 0.615 0.614 0.606 0.61 0.628 0.634
0.622 0.593 0.694 0.601 0.41 0.366 0.444 0.593 0.449 0.297 0.454 0.573 0.77 0.781 0.788 0.786 0.776 0.828 0.787 0.688 0.713 0.747 0.749 0.75 0.682 0.685 0.752 0.73 0.614 0.658 0.676 0.633 0.645 0.655 0.62 0.602 0.609 0.588 0.601 0.577 0.573 0.563 0.553 0.573 0.578 0.556 0.54 0.552 0.571 0.514 0.553 0.547 0.565 0.523 0.507 0.577 0.568 0.636 0.641 0.652 0.653 0.658 0.592 0.606 0.65 0.688 0.737 0.745 0.751 0.688 0.676 0.63 0.658 0.625 0.619 0.608 0.625
0.606 0.754 0.737 0.728 0.672 0.454 0.631 0.62 0.461 0.462 0.495 0.39 0.741 0.78 0.775 0.775 0.794 0.779 0.743 0.7 0.729 0.761 0.817 0.76 0.799 0.826 0.823 0.736 0.698 0.645 0.639 0.663 0.592 0.665 0.622 0.633 0.593 0.572 0.547 0.556 0.581 0.555 0.551 0.57 0.591 0.561 0.557 0.58 0.548 0.55 0.54 0.559 0.549 0.456 0.563 0.593 0.586 0.609 0.631 0.664 0.653 0.683 0.6 0.614 0.693 0.636 0.764 0.714 0.674 0.679 0.625 0.643 0.586 0.592 0.642 0.635 0.666
0.618 0.72 0.653 0.725 0.733 0.619 0.629 0.67 0.574 0.361 0.544 0.484 0.787 0.605 0.614 0.81 0.864 0.728 0.723 0.663 0.669 0.822 0.865 0.811 0.839 0.834 0.826 0.751 0.736 0.658 0.733 0.695 0.648 0.586 0.575 0.637 0.63 0.607 0.573 0.536 0.568 0.564 0.558 0.571 0.578 0.559 0.552 0.567 0.562 0.545 0.553 0.527 0.518 0.53 0.584 0.6 0.625 0.605 0.604 0.602 0.644 0.653 0.651 0.741 0.759 0.656 0.639 0.64 0.637 0.672 0.637 0.638 0.586 0.569 0.606 0.617 0.63
0.682 0.72 0.712 0.763 0.723 0.563 0.719 0.683 0.786 0.719 0.677 0.601 0.572 0.734 0.74 0.785 0.749 0.709 0.664 0.698 0.713 0.817 0.795 0.848 0.801 0.829 0.712 0.672 0.785 0.779 0.759 0.755 0.691 0.682 0.695 0.528 0.554 0.593 0.575 0.587 0.545 0.536 0.554 0.554 0.538 0.529 0.472 0.491 0.43 0.461 0.497 0.487 0.583 0.602 0.629 0.687 0.611 0.717 0.624 0.612 0.62 0.655 0.76 0.613 0.753 0.656 0.606 0.632 0.608 0.628 0.611 0.634 0.631 0.572 0.603 0.614 0.634
0.623 0.709 0.682 0.839 0.666 0.711 0.598 0.487 0.689 0.758 0.682 0.689 0.74 0.733 0.747 0.745 0.798 0.683 0.725 0.755 0.787 0.711 0.833 0.779 0.774 0.796 0.806 0.678 0.712 0.753 0.686 0.729 0.689 0.742 0.749 0.684 0.568 0.517 0.478 0.526 0.545 0.531 0.487 0.538 0.531 0.522 0.466 0.551 0.534 0.534 0.533 0.522 0.61 0.662 0.655 0.667 0.618 0.639 0.64 0.587 0.616 0.607 0.673 0.606 0.667 0.675 0.617 0.645 0.649 0.593 0.625 0.639 0.672 0.606 0.644 0.655 0.59
0.61 0.696 0.619 0.691 0.698 0.624 0.511 0.666 0.689 0.76 0.672 0.694 0.672 0.716 0.765 0.728 0.608 0.63 0.631 0.739 0.779 0.773 0.81 0.838 0.764 0.789 0.799 0.691 0.726 0.726 0.694 0.625 0.776 0.705 0.655 0.656 0.635 0.515 0.567 0.579 0.627 0.598 0.585 0.564 0.57 0.579 0.599 0.565 0.605 0.553 0.623 0.616 0.672 0.695 0.715 0.731 0.752 0.629 0.634 0.618 0.633 0.61 0.631 0.64 0.629 0.643 0.592 0.628 0.619 0.618 0.569 0.599 0.604 0.645 0.646 0.588 0.623
0.573 0.751 0.571 0.705 0.722 0.656 0.582 0.592 0.695 0.741 0.733 0.711 0.692 0.769 0.708 0.739 0.563 0.678 0.525 0.725 0.654 0.706 0.701 0.624 0.658 0.712 0.808 0.76 0.769 0.719 0.713 0.636 0.661 0.585 0.632 0.621 0.586 0.606 0.575 0.643 0.601 0.599 0.621 0.6 0.644 0.627 0.612 0.634 0.661 0.587 0.733 0.736 0.654 0.736 0.74 0.756 0.77 0.699 0.668 0.591 0.626 0.643 0.74 0.716 0.651 0.667 0.614 0.601 0.589 0.653 0.591 0.622 0.642 0.598 0.562 0.549 0.617
0.573 0.672 0.613 0.712 0.707 0.727 0.474 0.664 0.583 0.742 0.719 0.773 0.749 0.72 0.672 0.696 0.698 0.663 0.602 0.62 0.591 0.715 0.659 0.579 0.663 0.821 0.814 0.809 0.777 0.745 0.703 0.758 0.765 0.756 0.753 0.624 0.601 0.592 0.607 0.597 0.604 0.618 0.597 0.626 0.641 0.639 0.621 0.624 0.639 0.603 0.674 0.684 0.703 0.628 0.737 0.855 0.84 0.708 0.655 0.624 0.644 0.65 0.734 0.67 0.617 0.635 0.641 0.619 0.621 0.621 0.584 0.625 0.665 0.584 0.572 0.53 0.547
0.685 0.715 0.596 0.61 0.731 0.693 0.745 0.692 0.725 0.671 0.682 0.758 0.748 0.865 0.685 0.687 0.698 0.672 0.615 0.582 0.589 0.58 0.57 0.514 0.595 0.764 0.841 0.812 0.798 0.788 0.743 0.669 0.806 0.742 0.716 0.642 0.662 0.617 0.61 0.646 0.609 0.622 0.579 0.594 0.586 0.59 0.565 0.595 0.603 0.625 0.699 0.719 0.752 0.738 0.737 0.686 0.651 0.679 0.679 0.681 0.638 0.619 0.643 0.585 0.641 0.702 0.608 0.633 0.65 0.657 0.657 0.647 0.602 0.587 0.59 0.53 0.575
0.698 0.657 0.62 0.642 0.685 0.698 0.592 0.715 0.715 0.684 0.695 0.745 0.768 0.704 0.589 0.685 0.639 0.65 0.589 0.62 0.577 0.565 0.553 0.538 0.631 0.707 0.817 0.791 0.623 0.68 0.702 0.643 0.756 0.716 0.663 0.651 0.642 0.596 0.588 0.627 0.643 0.68 0.664 0.591 0.584 0.607 0.576 0.653 0.658 0.751 0.738 0.726 0.638 0.618 0.632 0.671 0.67 0.678 0.648 0.729 0.721 0.663 0.601 0.638 0.7 0.632 0.596 0.609 0.636 0.648 0.639 0.637 0.594 0.56 0.571 0.551 0.59
0.661 0.658 0.695 0.691 0.662 0.652 0.671 0.701 0.699 0.682 0.706 0.731 0.707 0.602 0.512 0.671 0.67 0.614 0.576 0.578 0.551 0.562 0.505 0.578 0.566 0.663 0.797 0.7 0.668 0.62 0.728 0.718 0.765 0.663 0.64 0.645 0.65 0.594 0.671 0.624 0.649 0.715 0.696 0.639 0.598 0.578 0.636 0.7 0.721 0.717 0.77 0.767 0.589 0.569 0.577 0.581 0.568 0.598 0.621 0.666 0.61 0.67 0.637 0.714 0.684 0.639 0.629 0.646 0.692 0.651 0.628 0.642 0.61 0.573 0.609 0.554 0.621
0.672 0.637 0.715 0.683 0.666 0.638 0.716 0.619 0.712 0.709 0.715 0.737 0.752 0.632 0.538 0.622 0.662 0.573 0.619 0.564 0.576 0.61 0.55 0.514 0.561 0.717 0.77 0.656 0.718 0.786 0.72 0.766 0.739 0.669 0.669 0.646 0.659 0.591 0.602 0.618 0.63 0.706 0.681 0.567 0.623 0.649 0.594 0.596 0.604 0.686 0.777 0.794 0.586 0.621 0.557 0.561 0.573 0.617 0.623 0.639 0.593 0.652 0.67 0.71 0.621 0.636 0.641 0.621 0.64 0.642 0.65 0.633 0.601 0.64 0.618 0.566 0.608
0.689 0.695 0.643 0.661 0.695 0.694 0.73 0.596 0.702 0.669 0.723 0.705 0.657 0.591 0.543 0.656 0.662 0.602 0.592 0.551 0.576 0.564 0.477 0.576 0.632 0.634 0.644 0.63 0.64 0.713 0.736 0.671 0.713 0.688 0.678 0.656 0.7 0.596 0.582 0.599 0.619 0.637 0.651 0.688 0.7 0.67 0.618 0.626 0.684 0.647 0.611 0.596 0.582 0.572 0.589 0.561 0.554 0.564 0.611 0.635 0.687 0.7 0.636 0.69 0.639 0.626 0.676 0.659 0.661 0.625 0.629 0.595 0.613 0.636 0.599 0.617 0.602
0.634 0.633 0.68 0.606 0.661 0.572 0.665 0.633 0.663 0.684 0.744 0.726 0.686 0.571 0.522 0.516 0.672 0.657 0.631 0.575 0.523 0.521 0.545 0.594 0.648 0.638 0.649 0.627 0.685 0.73 0.693 0.664 0.736 0.771 0.726 0.721 0.736 0.589 0.659 0.727 0.73 0.685 0.72 0.701 0.699 0.659 0.658 0.624 0.614 0.633 0.668 0.646 0.629 0.623 0.629 0.642 0.585 0.626 0.623 0.635 0.634 0.686 0.667 0.698 0.649 0.643 0.689 0.658 0.637 0.656 0.632 0.613 0.58 0.554 0.615 0.568 0.651
0.633 0.68 0.709 0.688 0.591 0.569 0.636 0.673 0.767 0.725 0.723 0.713 0.661 0.569 0.578 0.584 0.672 0.63 0.597 0.646 0.563 0.515 0.472 0.496 0.633 0.65 0.635 0.605 0.649 0.711 0.713 0.626 0.665 0.748 0.709 0.77 0.739 0.628 0.667 0.63 0.631 0.641 0.669 0.705 0.661 0.655 0.649 0.649 0.634 0.631 0.658 0.639 0.604 0.619 0.661 0.633 0.597 0.641 0.657 0.624 0.675 0.628 0.656 0.651 0.647 0.655 0.645 0.638 0.648 0.657 0.647 0.661 0.581 0.606 0.598 0.608 0.643
0.554 0.555 0.617 0.657 0.696 0.653 0.645 0.494 0.7 0.715 0.708 0.709 0.595 0.628 0.506 0.646 0.633 0.644 0.571 0.566 0.581 0.5 0.631 0.628 0.674 0.565 0.555 0.518 0.585 0.65 0.562 0.63 0.651 0.664 0.698 0.717 0.695 0.707 0.689 0.639 0.667 0.666 0.695 0.654 0.63 0.616 0.597 0.632 0.632 0.627 0.583 0.607 0.601 0.587 0.59 0.579 0.619 0.629 0.661 0.631 0.645 0.583 0.611 0.618 0.615 0.687 0.623 0.636 0.66 0.665 0.656 0.644 0.602 0.612 0.611 0.62 0.662
0.705 0.612 0.644 0.688 0.664 0.454 0.555 0.487 0.591 0.687 0.683 0.644 0.631 0.666 0.603 0.763 0.683 0.714 0.633 0.568 0.639 0.612 0.638 0.646 0.637 0.55 0.55 0.542 0.517 0.546 0.622 0.685 0.622 0.722 0.679 0.666 0.683 0.724 0.675 0.707 0.648 0.639 0.635 0.602 0.584 0.567 0.646 0.654 0.628 0.617 0.627 0.625 0.633 0.632 0.629 0.641 0.668 0.629 0.613 0.624 0.627 0.573 0.584 0.588 0.639 0.664 0.647 0.655 0.641 0.642 0.674 0.691 0.625 0.599 0.589 0.632 0.688
0.613 0.633 0.615 0.576 0.597 0.586 0.464 0.438 0.53 0.643 0.701 0.71 0.637 0.719 0.592 0.726 0.745 0.663 0.563 0.614 0.625 0.543 0.639 0.652 0.624 0.559 0.513 0.644 0.584 0.477 0.624 0.725 0.62 0.635 0.642 0.628 0.666 0.68 0.667 0.681 0.695 0.677 0.629 0.626 0.626 0.602 0.604 0.599 0.661 0.665 0.621 0.686 0.668 0.677 0.648 0.58 0.629 0.602 0.599 0.588 0.575 0.61 0.609 0.607 0.656 0.678 0.702 0.663 0.656 0.686 0.682 0.697 0.654 0.633 0.613 0.661 0.716
0.582 0.601 0.71 0.624 0.627 0.614 0.573 0.634 0.615 0.646 0.758 0.744 0.734 0.714 0.567 0.691 0.864 0.603 0.63 0.691 0.699 0.672 0.583 0.555 0.588 0.546 0.53 0.516 0.491 0.519 0.453 0.611 0.603 0.62 0.637 0.593 0.611 0.662 0.726 0.706 0.636 0.554 0.664 0.625 0.645 0.631 0.626 0.642 0.598 0.586 0.549 0.681 0.666 0.646 0.615 0.572 0.617 0.573 0.604 0.611 0.604 0.653 0.648 0.691 0.686 0.633 0.588 0.659 0.618 0.645 0.67 0.707 0.716 0.778 0.746 0.725 0.713
0.582 0.629 0.653 0.689 0.587 0.556 0.661 0.679 0.729 0.726 0.753 0.701 0.741 0.763 0.661 0.699 0.743 0.727 0.594 0.774 0.757 0.528 0.601 0.624 0.611 0.561 0.483 0.524 0.497 0.5 0.391 0.456 0.588 0.619 0.594 0.591 0.591 0.653 0.593 0.644 0.608 0.627 0.669 0.621 0.628 0.552 0.598 0.603 0.574 0.578 0.617 0.68 0.695 0.637 0.612 0.636 0.638 0.623 0.588 0.577 0.608 0.633 0.629 0.627 0.653 0.635 0.672 0.641 0.664 0.659 0.65 0.692 0.72 0.775 0.74 0.686 0.685
0.616 0.563 0.635 0.573 0.609 0.547 0.694 0.743 0.78 0.819 0.771 0.592 0.74 0.672 0.721 0.74 0.76 0.731 0.604 0.681 0.726 0.644 0.6 0.618 0.623 0.552 0.451 0.464 0.435 0.443 0.424 0.497 0.528 0.575 0.628 0.603 0.621 0.596 0.619 0.617 0.6 0.606 0.615 0.622 0.599 0.585 0.515 0.541 0.617 0.635 0.665 0.661 0.639 0.522 0.612 0.624 0.606 0.595 0.606 0.615 0.612 0.629 0.627 0.599 0.637 0.642 0.648 0.597 0.674 0.677 0.733 0.623 0.735 0.748 0.713 0.709 0.716
0.585 0.528 0.577 0.567 0.572 0.68 0.7 0.765 0.783 0.777 0.724 0.715 0.728 0.679 0.68 0.704 0.775 0.724 0.64 0.644 0.703 0.684 0.54 0.512 0.571 0.582 0.503 0.435 0.491 0.43 0.459 0.472 0.461 0.562 0.561 0.582 0.57 0.619 0.643 0.626 0.645 0.652 0.629 0.624 0.623 0.628 0.654 0.574 0.664 0.607 0.576 0.571 0.565 0.55 0.569 0.571 0.571 0.599 0.715 0.613 0.683 0.607 0.644 0.597 0.666 0.693 0.673 0.626 0.663 0.697 0.652 0.644 0.728 0.673 0.675 0.715 0.683
0.586 0.508 0.615 0.593 0.633 0.696 0.714 0.706 0.751 0.786 0.744 0.735 0.688 0.627 0.607 0.723 0.703 0.745 0.783 0.688 0.594 0.521 0.589 0.446 0.536 0.576 0.486 0.48 0.471 0.473 0.41 0.382 0.52 0.527 0.522 0.51 0.544 0.61 0.626 0.679 0.722 0.716 0.6 0.525 0.578 0.663 0.646 0.601 0.565 0.521 0.535 0.506 0.481 0.506 0.578 0.588 0.568 0.623 0.629 0.631 0.663 0.682 0.67 0.646 0.682 0.637 0.648 0.612 0.713 0.705 0.639 0.673 0.697 0.585 0.627 0.663 0.631
