data/china_ndvi_max_2010.asc
ncols         710
nrows         510
xllcorner     70
yllcorner     10
cellsize      0.1
NODATA_value  -9999
[rows 210 to 244 of 510, columns 154 to 230 of 710]
0.062 0.061 0.06 0.062 0.061 0.061 0.06 0.058 0.058 0.058 0.057 0.057 0.058 0.058 0.055 0.055 0.055 0.055 0.055 0.055 0.054 0.054 0.054 0.054 0.054 0.054 0.053 0.054 0.054 0.051 0.053 0.052 0.049 0.049 0.046 0.046 0.046 0.047 0.047 0.046 0.044 0.043 0.045 0.047 0.044 0.044 0.045 0.052 0.053 0.059 0.056 0.056 0.054 0.049 0.034 0.036 0.046 0.052 0.061 0.068 0.068 0.058 0.054 0.057 0.052 0.054 0.053 0.051 0.052 0.051 0.049 0.048 0.046 0.047 0.045 0.052 0.049
0.061 0.06 0.061 0.062 0.061 0.059 0.058 0.057 0.057 0.057 0.056 0.056 0.057 0.057 0.056 0.056 0.055 0.055 0.055 0.055 0.055 0.055 0.055 0.054 0.055 0.055 0.053 0.054 0.052 0.05 0.057 0.056 0.053 0.05 0.047 0.046 0.047 0.047 0.046 0.044 0.044 0.048 0.049 0.046 0.044 0.043 0.049 0.053 0.058 0.059 0.058 0.048 0.038 0.038 0.035 0.042 0.061 0.065 0.068 0.068 0.057 0.056 0.057 0.056 0.053 0.052 0.055 0.059 0.06 0.056 0.057 0.051 0.051 0.052 0.054 0.058 0.061
0.061 0.063 0.062 0.061 0.06 0.06 0.057 0.056 0.056 0.055 0.055 0.054 0.055 0.055 0.054 0.053 0.054 0.055 0.055 0.055 0.055 0.055 0.056 0.056 0.055 0.055 0.053 0.052 0.05 0.049 0.048 0.051 0.049 0.048 0.047 0.046 0.044 0.041 0.043 0.042 0.044 0.068 0.077 0.078 0.059 0.056 0.051 0.053 0.055 0.052 0.041 0.043 0.044 0.044 0.047 0.054 0.062 0.066 0.066 0.061 0.056 0.058 0.055 0.06 0.058 0.055 0.062 0.07 0.071 0.07 0.072 0.062 0.066 0.07 0.067 0.063 0.067
0.064 0.062 0.062 0.061 0.06 0.06 0.056 0.055 0.054 0.054 0.053 0.052 0.051 0.05 0.053 0.056 0.053 0.055 0.055 0.055 0.055 0.055 0.055 0.055 0.054 0.053 0.053 0.048 0.047 0.05 0.049 0.049 0.048 0.049 0.048 0.047 0.041 0.04 0.041 0.045 0.05 0.081 0.091 0.063 0.058 0.061 0.054 0.054 0.055 0.049 0.041 0.041 0.052 0.05 0.061 0.069 0.06 0.066 0.065 0.062 0.064 0.061 0.055 0.06 0.062 0.058 0.068 0.076 0.069 0.062 0.061 0.073 0.075 0.072 0.064 0.06 0.059
0.063 0.061 0.061 0.06 0.059 0.058 0.056 0.055 0.054 0.053 0.053 0.052 0.051 0.052 0.051 0.053 0.051 0.054 0.055 0.056 0.055 0.055 0.055 0.055 0.053 0.053 0.063 0.043 0.038 0.039 0.056 0.048 0.049 0.048 0.047 0.046 0.046 0.045 0.048 0.058 0.076 0.067 0.05 0.046 0.042 0.042 0.043 0.047 0.048 0.046 0.047 0.047 0.054 0.057 0.069 0.072 0.063 0.068 0.068 0.065 0.065 0.064 0.055 0.06 0.063 0.061 0.074 0.078 0.063 0.05 0.049 0.058 0.064 0.062 0.06 0.064 0.065
0.06 0.057 0.057 0.056 0.055 0.056 0.053 0.053 0.054 0.054 0.051 0.05 0.049 0.05 0.051 0.056 0.054 0.054 0.055 0.055 0.055 0.058 0.06 0.064 0.057 0.077 0.058 0.054 0.045 0.045 0.045 0.036 0.052 0.051 0.066 0.079 0.056 0.058 0.06 0.074 0.138 0.026 0.043 0.037 0.038 0.04 0.036 0.042 0.044 0.044 0.046 0.051 0.054 0.058 0.067 0.072 0.072 0.077 0.074 0.069 0.072 0.071 0.078 0.074 0.067 0.06 0.067 0.063 0.05 0.044 0.05 0.057 0.064 0.07 0.073 0.07 0.074
0.059 0.057 0.057 0.055 0.054 0.053 0.052 0.052 0.052 0.051 0.051 0.05 0.05 0.05 0.053 0.053 0.051 0.051 0.053 0.055 0.059 0.076 0.063 0.065 0.079 0.072 0.061 0.054 0.052 0.048 0.048 0.066 0.089 0.098 0.113 0.179 0.133 0.109 0.069 0.067 0.04 0.048 0.042 0.04 0.033 0.036 0.038 0.041 0.046 0.048 0.053 0.057 0.069 0.071 0.078 0.08 0.082 0.084 0.086 0.08 0.081 0.074 0.072 0.068 0.068 0.067 0.063 0.063 0.06 0.052 0.056 0.07 0.082 0.091 0.081 0.08 0.083
0.058 0.056 0.056 0.055 0.053 0.052 0.052 0.052 0.052 0.051 0.051 0.051 0.05 0.051 0.05 0.049 0.049 0.048 0.049 0.057 0.068 0.046 0.046 0.046 0.049 0.052 0.051 0.054 0.06 0.051 0.05 0.087 0.071 0.065 0.044 0.079 0.04 0.041 0.036 0.028 0.032 0.038 0.036 0.04 0.041 0.045 0.049 0.051 0.056 0.061 0.063 0.062 0.059 0.073 0.079 0.075 0.089 0.088 0.086 0.084 0.081 0.077 0.084 0.084 0.086 0.084 0.081 0.08 0.077 0.072 0.082 0.086 0.09 0.091 0.083 0.084 0.092
0.057 0.055 0.055 0.055 0.053 0.052 0.052 0.051 0.05 0.053 0.054 0.049 0.049 0.049 0.047 0.047 0.048 0.045 0.047 0.069 0.052 0.042 0.056 0.053 0.049 0.053 0.052 0.072 0.078 0.081 0.052 0.057 0.025 0.028 0.035 0.036 0.039 0.04 0.038 0.035 0.035 0.047 0.046 0.046 0.047 0.052 0.063 0.07 0.077 0.083 0.068 0.057 0.058 0.064 0.072 0.069 0.077 0.075 0.087 0.083 0.084 0.088 0.095 0.085 0.091 0.08 0.067 0.08 0.086 0.075 0.085 0.084 0.089 0.075 0.062 0.064 0.059
0.057 0.056 0.054 0.055 0.052 0.052 0.053 0.053 0.052 0.051 0.051 0.05 0.048 0.048 0.049 0.05 0.044 0.046 0.055 0.046 0.038 0.059 0.064 0.059 0.055 0.059 0.084 0.167 0.184 0.107 0.113 0.053 0.032 0.032 0.043 0.042 0.049 0.048 0.046 0.051 0.048 0.051 0.056 0.056 0.064 0.07 0.071 0.074 0.067 0.064 0.062 0.061 0.062 0.064 0.074 0.073 0.08 0.078 0.073 0.07 0.056 0.069 0.067 0.061 0.055 0.058 0.058 0.061 0.056 0.064 0.074 0.068 0.059 0.042 0.032 0.035 0.039
0.057 0.057 0.054 0.054 0.054 0.052 0.052 0.052 0.053 0.052 0.051 0.05 0.048 0.044 0.043 0.047 0.044 0.047 0.05 0.069 0.078 0.104 0.121 0.11 0.101 0.023 0.025 0.017 0.036 0.036 0.039 0.045 0.055 0.052 0.051 0.046 0.066 0.064 0.063 0.063 0.063 0.07 0.073 0.079 0.085 0.081 0.068 0.064 0.058 0.055 0.054 0.05 0.049 0.048 0.047 0.055 0.054 0.056 0.061 0.054 0.057 0.058 0.062 0.056 0.055 0.054 0.055 0.049 0.046 0.038 0.041 0.056 0.05 0.051 0.051 0.051 0.049
0.058 0.056 0.055 0.056 0.054 0.051 0.053 0.052 0.053 0.051 0.05 0.047 0.052 0.072 0.081 0.06 0.055 0.078 0.086 0.103 0.12 0.103 0.09 0.062 0.038 0.036 0.032 0.03 0.045 0.045 0.045 0.062 0.073 0.067 0.059 0.054 0.061 0.066 0.065 0.064 0.06 0.058 0.055 0.055 0.049 0.051 0.061 0.056 0.056 0.051 0.05 0.047 0.044 0.042 0.045 0.052 0.055 0.051 0.049 0.046 0.047 0.043 0.046 0.051 0.058 0.053 0.054 0.052 0.045 0.049 0.052 0.052 0.048 0.05 0.05 0.048 0.053
0.058 0.057 0.056 0.054 0.051 0.053 0.051 0.049 0.047 0.049 0.058 0.116 0.091 0.06 0.056 0.051 0.07 0.068 0.1 0.149 0.213 0.036 0.032 0.029 0.038 0.039 0.039 0.045 0.05 0.06 0.072 0.058 0.058 0.058 0.062 0.058 0.065 0.071 0.061 0.069 0.067 0.053 0.054 0.052 0.05 0.046 0.055 0.053 0.048 0.041 0.039 0.049 0.054 0.045 0.039 0.034 0.046 0.048 0.046 0.057 0.057 0.057 0.052 0.054 0.055 0.056 0.049 0.055 0.047 0.055 0.055 0.051 0.049 0.052 0.051 0.052 0.05
0.058 0.055 0.053 0.054 0.054 0.053 0.047 0.058 0.086 0.16 0.145 0.063 0.058 0.05 0.043 0.051 0.037 0.038 0.045 0.035 0.035 0.036 0.033 0.034 0.037 0.045 0.047 0.059 0.066 0.054 0.064 0.059 0.06 0.06 0.06 0.063 0.082 0.078 0.059 0.06 0.055 0.048 0.049 0.049 0.049 0.047 0.048 0.046 0.047 0.055 0.052 0.048 0.035 0.027 0.038 0.038 0.039 0.044 0.043 0.053 0.055 0.055 0.052 0.048 0.049 0.049 0.052 0.047 0.051 0.05 0.051 0.045 0.047 0.047 0.05 0.046 0.044
0.057 0.056 0.054 0.053 0.07 0.088 0.14 0.12 0.124 0.091 0.061 0.053 0.048 0.046 0.04 0.04 0.038 0.04 0.04 0.037 0.034 0.036 0.043 0.043 0.051 0.052 0.059 0.055 0.061 0.061 0.062 0.058 0.059 0.064 0.062 0.066 0.074 0.075 0.063 0.057 0.06 0.057 0.056 0.053 0.046 0.045 0.052 0.052 0.057 0.056 0.057 0.033 0.034 0.038 0.038 0.044 0.044 0.036 0.046 0.052 0.034 0.056 0.053 0.049 0.047 0.049 0.05 0.046 0.047 0.047 0.048 0.044 0.044 0.044 0.043 0.043 0.045
0.07 0.226 0.14 0.113 0.12 0.117 0.069 0.071 0.063 0.048 0.046 0.042 0.043 0.041 0.039 0.037 0.036 0.044 0.046 0.042 0.047 0.054 0.053 0.059 0.063 0.069 0.094 0.059 0.058 0.064 0.066 0.078 0.087 0.091 0.086 0.082 0.101 0.089 0.083 0.077 0.094 0.078 0.07 0.058 0.059 0.061 0.057 0.04 0.046 0.055 0.056 0.04 0.05 0.045 0.051 0.054 0.057 0.055 0.042 0.041 0.049 0.052 0.05 0.059 0.057 0.053 0.052 0.044 0.053 0.049 0.049 0.043 0.047 0.048 0.045 0.043 0.041
0.115 0.26 0.197 0.127 0.104 0.077 0.051 0.046 0.045 0.045 0.043 0.042 0.041 0.04 0.036 0.036 0.044 0.053 0.056 0.059 0.059 0.058 0.061 0.079 0.081 0.077 0.076 0.072 0.063 0.067 0.072 0.095 0.108 0.105 0.103 0.086 0.098 0.108 0.082 0.059 0.081 0.04 0.056 0.055 0.057 0.062 0.058 0.048 0.036 0.075 0.081 0.076 0.084 0.06 0.05 0.06 0.058 0.053 0.051 0.039 0.038 0.048 0.049 0.055 0.054 0.053 0.05 0.046 0.056 0.056 0.055 0.045 0.048 0.048 0.051 0.046 0.042
0.156 0.136 0.057 0.047 0.046 0.045 0.046 0.045 0.045 0.041 0.034 0.044 0.046 0.047 0.048 0.05 0.053 0.053 0.057 0.06 0.073 0.064 0.068 0.07 0.088 0.079 0.077 0.072 0.074 0.075 0.079 0.092 0.091 0.048 0.051 0.046 0.07 0.064 0.059 0.058 0.069 0.055 0.065 0.061 0.058 0.058 0.055 0.05 0.043 0.061 0.113 0.104 0.109 0.067 -0.006 0.048 0.056 0.051 0.051 0.053 0.046 0.04 0.04 0.048 0.051 0.053 0.052 0.049 0.054 0.053 0.058 0.052 0.053 0.051 0.05 0.05 0.043
0.047 0.223 0.07 0.046 0.046 0.045 0.045 0.045 0.043 0.043 0.041 0.054 0.055 0.055 0.06 0.06 0.061 0.053 0.062 0.083 0.089 0.08 0.078 0.074 0.087 0.076 0.08 0.064 0.068 0.068 0.07 0.075 0.062 0.061 0.068 0.069 0.069 0.062 0.063 0.066 0.067 0.04 0.051 0.057 0.051 0.048 0.045 0.053 0.047 0.046 0.089 0.104 0.108 0.219 -0.3 -0.031 0.057 0.053 0.051 0.051 0.051 0.042 0.031 0.043 0.045 0.051 0.051 0.049 0.059 0.056 0.056 0.064 0.071 0.055 0.053 0.052 0.044
0.035 0.09 0.075 0.047 0.046 0.045 0.045 0.045 0.046 0.047 0.05 0.051 0.05 0.056 0.066 0.076 0.068 0.06 0.064 0.076 0.074 0.086 0.081 0.078 0.078 0.084 0.067 0.064 0.073 0.078 0.085 0.064 0.055 0.059 0.064 0.059 0.06 0.06 0.052 0.078 0.097 0.07 0.054 0.055 0.059 0.065 0.051 0.053 0.051 0.049 0.055 0.037 0.048 0.054 0.054 -0.3 -0.009 0.049 0.047 0.049 0.05 0.047 0.044 0.039 0.04 0.046 0.046 0.045 0.054 0.054 0.055 0.056 0.062 0.056 0.055 0.053 0.032
0.04 0.039 0.037 0.049 0.043 0.048 0.053 0.059 0.062 0.069 0.075 0.067 0.065 0.07 0.062 0.07 0.06 0.043 0.053 0.04 -0 0.071 0.072 0.075 0.078 0.087 0.082 0.071 0.066 0.059 0.052 0.07 0.091 0.093 0.071 0.056 0.061 0.068 0.081 0.099 0.1 0.079 0.075 0.075 0.077 0.074 0.081 0.095 0.109 0.127 0.109 0.088 0.076 0.069 0.061 0.055 0.053 0.05 0.043 0.045 0.053 0.051 0.043 0.042 0.047 0.039 0.038 0.042 0.047 0.049 0.054 0.058 0.062 0.069 0.066 0.064 0.054
0.044 0.043 0.042 0.05 0.045 0.049 0.06 0.064 0.073 0.089 0.098 0.069 0.069 0.064 0.036 0.057 0.057 0.052 0.054 0.057 0.059 0.062 0.06 0.087 0.094 0.093 0.108 0.098 0.105 0.109 0.115 0.092 0.107 0.085 0.064 0.067 0.072 0.07 0.071 0.069 0.083 0.081 0.078 0.078 0.08 0.074 0.071 0.069 0.071 0.067 0.08 0.107 0.109 0.099 0.085 0.069 0.064 0.062 0.054 0.048 0.052 0.054 0.052 0.062 0.074 0.046 0.039 0.041 0.043 0.051 0.053 0.057 0.06 0.061 0.06 0.06 0.059
0.046 0.047 0.044 0.051 0.057 0.06 0.075 0.093 0.108 0.103 0.093 0.054 0.064 0.088 0.109 0.093 0.045 0.046 0.044 0.054 0.079 0.081 0.07 0.094 0.094 0.098 0.095 0.049 0.059 0.036 0.072 0.053 0.058 0.063 0.069 0.06 0.064 0.061 0.065 0.064 0.07 0.077 0.082 0.106 0.109 0.091 0.076 0.072 0.077 0.08 0.073 0.086 0.114 0.099 0.123 0.102 0.085 0.08 0.074 0.066 0.058 0.056 0.044 0.04 0.059 0.051 0.045 0.048 0.049 0.049 0.052 0.057 0.056 0.059 0.059 0.063 0.059
0.044 0.051 0.048 0.054 0.068 0.073 0.098 0.105 0.114 0.098 0.074 0.054 0.078 0.07 0.105 0.107 0.05 0.042 0.05 0.066 0.067 0.113 0.095 0.074 0.08 0.088 0.025 0.029 0.036 0.056 0.056 0.066 0.068 0.074 0.061 0.058 0.058 0.053 -0.3 0.021 -0.012 0.032 0.053 0.069 0.125 0.14 0.088 0.089 0.094 0.087 0.078 0.081 0.086 0.077 0.087 0.128 0.095 0.096 0.079 0.081 0.068 0.062 0.056 0.047 0.042 0.043 0.046 0.054 0.06 0.059 0.056 0.051 0.052 0.056 0.063 0.062 0.058
0.047 0.059 0.061 0.067 0.076 0.083 0.128 0.124 0.095 0.073 0.062 0.059 0.059 0.064 0.072 0.073 0.08 0.076 0.07 0.069 0.07 0.094 0.082 0.111 0.058 0.049 0.052 0.062 0.052 0.073 0.077 0.091 0.084 0.076 0.071 0.06 0.05 0.019 -0.3 -0.3 -0.3 -0.3 -0.3 -0.06 0.069 0.074 0.11 0.11 0.113 0.112 0.092 0.088 0.084 0.087 0.081 0.086 0.1 0.102 0.113 0.107 0.085 0.082 0.08 0.069 0.055 0.051 0.044 0.047 0.053 0.061 0.06 0.049 0.053 0.057 0.056 0.061 0.061
0.073 0.088 0.118 0.139 0.1 0.084 0.058 0.059 0.061 0.055 0.056 0.057 0.062 0.063 0.07 0.064 0.055 0.064 0.067 0.086 0.088 0.063 0.067 0.022 0.003 0.056 0.061 0.065 0.063 0.058 0.057 0.08 0.077 0.074 0.072 0.075 0.068 0.066 0.063 0.062 0.055 0.067 0.068 0.065 0.065 0.065 0.059 0.056 0.105 0.07 0.082 0.085 0.145 0.116 0.124 0.14 0.139 0.147 0.117 0.091 0.089 0.083 0.074 0.073 0.061 0.053 0.055 0.053 0.051 0.049 0.05 0.048 0.05 0.064 0.068 0.095 0.056
0.109 0.133 0.12 0.082 0.029 0.071 0.039 0.04 0.059 0.059 0.053 0.07 0.063 0.065 0.065 0.043 0.043 0.056 0.048 0.057 0.055 0.054 0.062 0.063 0.078 0.093 0.072 0.075 0.073 0.077 0.071 0.075 0.071 0.073 0.074 0.069 0.069 0.066 0.069 0.066 0.064 0.068 0.069 0.071 0.072 0.071 0.064 0.082 0.07 0.081 0.13 0.087 0.088 0.127 0.115 0.097 0.092 0.089 0.092 0.109 0.097 0.085 0.078 0.08 0.075 0.063 0.056 0.058 0.055 0.049 0.045 0.096 0.073 0.065 0.068 0.072 0.096
0.136 0.056 0.041 0.039 0.026 0.037 0.049 0.052 0.051 0.053 0.061 0.057 0.056 0.059 0.05 0.054 0.054 0.066 0.059 0.061 0.045 0.055 0.062 0.067 0.071 0.07 0.063 0.071 0.071 0.065 0.058 0.07 0.069 0.067 0.075 0.08 0.079 0.09 0.102 0.075 0.066 0.072 0.081 0.077 0.066 0.076 0.081 0.068 0.063 0.064 0.066 0.094 0.079 0.088 0.089 0.089 0.084 0.091 0.085 0.122 0.143 0.106 0.096 0.086 0.074 0.071 0.058 0.057 0.056 0.05 0.049 0.072 0.188 0.105 0.071 0.181 0.146
0.116 0.044 0.041 0.047 0.047 0.047 0.056 0.053 0.055 0.059 0.068 0.066 0.061 0.049 0.049 0.033 0.052 0.068 0.071 0.06 0.062 0.067 0.074 0.066 0.05 0.055 0.078 0.072 0.037 -0.119 -0.3 0.01 0.065 0.066 0.072 0.068 0.109 0.138 0.136 0.097 0.08 0.095 0.092 0.076 0.092 0.117 0.101 0.084 0.079 0.074 0.066 0.079 0.08 0.108 0.107 0.098 0.093 0.111 0.108 0.115 0.138 0.128 0.111 0.088 0.078 0.067 0.059 0.053 0.052 0.056 0.056 0.052 0.06 0.109 0.052 0.177 0.172
0.051 0.056 0.055 0.062 0.057 0.055 0.058 0.06 0.06 0.066 0.075 0.067 0.064 0.072 0.071 0.057 0.053 0.074 0.078 0.075 0.07 0.062 0.071 0.062 0.052 0.069 0.094 0.076 0.05 0.004 -0.3 0.017 0.07 0.077 0.098 0.099 0.088 0.085 0.087 0.1 0.096 0.109 0.101 0.083 0.102 0.105 0.108 0.11 0.093 0.074 0.066 0.077 0.092 0.097 0.123 0.122 0.108 0.095 0.096 0.107 0.126 0.119 0.101 0.092 0.087 0.081 0.069 0.063 0.059 0.056 0.058 0.056 0.05 0.048 0.046 0.048 0.199
0.026 0.05 0.061 0.053 0.055 0.06 0.064 0.057 0.057 0.06 0.061 0.075 0.086 0.082 0.068 0.092 0.082 0.09 0.084 0.095 0.095 0.109 0.11 0.102 0.104 0.093 0.12 0.099 0.107 0.12 0.124 0.114 0.13 0.086 0.101 0.109 0.122 0.107 0.113 0.133 0.14 0.119 0.125 0.118 0.125 0.166 0.136 0.144 0.147 0.159 0.143 0.075 0.074 0.081 0.089 0.093 0.102 0.112 0.1 0.099 0.094 0.09 0.094 0.088 0.084 0.096 0.142 0.136 0.115 0.098 0.087 0.075 0.065 0.063 0.062 0.059 0.051
0.059 0.058 0.058 0.06 0.061 0.062 0.061 0.051 0.057 0.067 0.07 0.075 0.074 0.068 0.069 0.071 0.082 0.077 0.084 0.09 0.089 0.109 0.09 0.091 0.082 0.104 0.113 0.105 0.086 0.095 0.094 0.101 0.104 0.103 0.108 0.102 0.121 0.13 0.12 0.119 0.13 0.141 0.141 0.125 0.159 0.183 0.209 0.194 0.205 0.145 0.176 0.148 0.1 0.127 0.183 0.186 0.165 0.12 0.129 0.115 0.1 0.097 0.096 0.095 0.09 0.088 0.079 0.081 0.107 0.102 0.102 0.071 0.067 0.064 0.054 0.056 0.057
0.057 0.058 0.06 0.054 0.049 0.056 0.056 0.056 0.063 0.06 0.064 0.067 0.061 0.052 0.06 0.069 0.075 0.081 0.062 0.075 0.084 0.061 0.048 0.069 0.087 0.079 0.089 0.108 0.1 0.124 0.138 0.123 0.115 0.109 0.09 0.091 0.084 0.1 0.092 0.104 0.132 0.124 0.14 0.153 0.14 0.135 0.127 0.115 0.16 0.196 0.162 0.144 0.158 0.107 0.089 0.164 0.156 0.128 0.147 0.169 0.181 0.123 0.098 0.097 0.077 0.076 0.072 0.078 0.075 0.066 0.065 0.072 0.061 0.06 0.076 0.077 0.064
0.043 0.058 0.071 0.062 0.062 0.065 0.056 0.067 0.055 0.043 0.043 0.057 0.076 0.069 0.073 0.075 0.083 0.078 0.089 0.096 0.088 0.061 0.063 0.092 0.092 0.086 0.095 0.093 0.112 0.125 0.129 0.1 0.114 0.114 0.11 0.095 0.098 0.09 0.095 0.075 0.074 0.123 0.133 0.169 0.104 0.113 0.13 0.143 0.157 0.14 0.141 0.118 0.111 0.098 0.104 0.088 0.053 0.008 0.009 0.078 0.163 0.185 0.144 0.122 0.1 0.084 0.07 0.069 0.069 0.064 0.064 0.066 0.058 0.077 0.104 0.097 0.063
0.059 0.071 0.075 0.072 0.061 0.078 0.072 0.067 0.064 0.059 0.061 0.059 0.065 0.045 0.041 0.061 0.076 0.079 0.078 0.061 0.004 0.031 0.063 0.094 0.114 0.1 0.093 0.094 0.109 0.084 0.072 0.078 0.073 0.078 0.113 0.121 0.107 0.096 0.095 0.087 0.082 0.074 0.066 0.087 0.115 0.118 0.112 0.12 0.098 0.116 0.121 0.137 0.125 0.116 0.107 0.104 0.092 0.071 0.027 0.069 0.111 0.21 0.182 0.157 0.136 0.113 0.088 0.081 0.079 0.072 0.066 0.058 0.053 0.062 0.076 0.079 0.066
