data/china_ndvi_max_1998.asc
ncols         710
nrows         510
xllcorner     70
yllcorner     10
cellsize      0.1
NODATA_value  -9999
[rows 204 to 237 of 510, columns 77 to 153 of 710]
0.101 0.105 0.149 0.139 0.123 0.115 0.098 0.094 0.112 0.114 0.118 0.118 0.099 0.131 0.098 0.105 0.105 0.119 0.11 0.085 0.174 0.275 0.359 0.073 0.082 0.14 0.256 0.36 0.282 0.24 0.279 0.36 0.33 0.29 0.289 0.28 0.313 0.295 0.205 0.086 0.079 0.075 0.061 0.041 0.038 0.037 0.036 0.036 0.035 0.037 0.037 0.043 0.038 0.042 0.043 0.041 0.041 0.042 0.044 0.041 0.04 0.042 0.043 0.047 0.045 0.046 0.046 0.047 0.048 0.047 0.049 0.049 0.048 0.05 0.05 0.05 0.049
0.111 0.096 0.106 0.099 0.097 0.102 0.101 0.105 0.114 0.097 0.102 0.1 0.101 0.103 0.087 0.08 0.089 0.098 0.127 0.12 0.075 0.083 0.079 0.305 0.351 0.219 0.218 0.281 0.121 0.109 0.134 0.225 0.13 0.053 0.052 0.053 0.041 0.033 0.032 0.034 0.033 0.033 0.034 0.034 0.034 0.036 0.039 0.038 0.039 0.04 0.04 0.038 0.039 0.039 0.041 0.042 0.04 0.042 0.043 0.043 0.044 0.047 0.047 0.047 0.049 0.047 0.047 0.048 0.049 0.049 0.05 0.051 0.05 0.05 0.051 0.051 0.053
0.119 0.117 0.114 0.126 0.118 0.105 0.117 0.13 0.108 0.103 0.104 0.089 0.088 0.083 0.074 0.083 0.092 0.09 0.091 0.097 0.083 0.076 0.092 0.133 0.137 0.076 0.092 0.146 0.081 0.078 0.107 0.12 0.069 0.045 0.031 0.031 0.032 0.032 0.033 0.033 0.034 0.035 0.036 0.036 0.038 0.039 0.039 0.039 0.041 0.041 0.041 0.041 0.041 0.04 0.041 0.041 0.043 0.045 0.046 0.048 0.047 0.047 0.047 0.048 0.049 0.048 0.05 0.051 0.051 0.05 0.051 0.051 0.051 0.053 0.055 0.054 0.055
0.127 0.121 0.117 0.113 0.11 0.107 0.099 0.101 0.105 0.104 0.099 0.103 0.096 0.066 0.068 0.074 0.076 0.07 0.088 0.071 0.068 0.078 0.08 0.077 0.075 0.076 0.081 0.066 0.053 0.053 0.069 0.086 0.043 0.032 0.029 0.03 0.033 0.033 0.034 0.034 0.037 0.037 0.037 0.041 0.041 0.039 0.04 0.041 0.042 0.043 0.043 0.042 0.044 0.044 0.045 0.046 0.045 0.045 0.052 0.046 0.045 0.048 0.049 0.051 0.05 0.051 0.052 0.053 0.054 0.054 0.055 0.056 0.056 0.056 0.056 0.056 0.056
0.124 0.11 0.102 0.114 0.113 0.113 0.116 0.119 0.109 0.113 0.102 0.083 0.084 0.061 0.071 0.069 0.061 0.063 0.084 0.063 0.079 0.078 0.077 0.074 0.088 0.069 0.054 0.049 0.046 0.053 0.062 0.068 0.058 0.031 0.03 0.031 0.034 0.035 0.037 0.037 0.038 0.039 0.04 0.041 0.041 0.041 0.042 0.043 0.043 0.044 0.045 0.046 0.045 0.047 0.047 0.047 0.047 0.046 0.06 0.048 0.049 0.051 0.05 0.051 0.053 0.052 0.051 0.052 0.055 0.057 0.057 0.058 0.059 0.058 0.058 0.058 0.059
0.118 0.108 0.102 0.108 0.11 0.116 0.113 0.119 0.107 0.078 0.074 0.069 0.081 0.087 0.09 0.117 0.127 0.197 0.123 0.101 0.09 0.073 0.078 0.071 0.059 0.051 0.043 0.045 0.041 0.032 0.038 0.058 0.059 0.032 0.032 0.033 0.034 0.036 0.038 0.039 0.039 0.039 0.042 0.042 0.044 0.045 0.044 0.045 0.045 0.046 0.046 0.047 0.05 0.049 0.049 0.05 0.05 0.049 0.05 0.051 0.053 0.052 0.053 0.055 0.054 0.056 0.055 0.054 0.057 0.059 0.059 0.06 0.06 0.06 0.06 0.059 0.06
0.106 0.106 0.087 0.07 0.072 0.073 0.069 0.073 0.09 0.137 0.198 0.305 0.331 0.282 0.29 0.201 0.145 0.127 0.184 0.113 0.106 0.079 0.058 0.05 0.047 0.047 0.044 0.049 0.044 0.038 0.036 0.042 0.077 0.034 0.035 0.037 0.038 0.037 0.041 0.041 0.042 0.042 0.045 0.047 0.05 0.05 0.051 0.051 0.049 0.051 0.052 0.055 0.055 0.054 0.054 0.054 0.055 0.055 0.057 0.056 0.055 0.055 0.056 0.057 0.056 0.055 0.056 0.061 0.061 0.061 0.062 0.061 0.061 0.06 0.059 0.059 0.06
0.102 0.089 0.081 0.079 0.079 0.09 0.104 0.114 0.278 0.302 0.258 0.187 0.196 0.161 0.159 0.136 0.109 0.095 0.08 0.078 0.061 0.052 0.055 0.051 0.049 0.05 0.053 0.051 0.046 0.04 0.034 0.036 0.062 0.034 0.037 0.038 0.039 0.038 0.041 0.043 0.043 0.045 0.049 0.051 0.052 0.05 0.051 0.05 0.052 0.054 0.054 0.055 0.056 0.055 0.055 0.057 0.056 0.055 0.058 0.057 0.056 0.056 0.055 0.058 0.057 0.057 0.058 0.061 0.062 0.061 0.061 0.061 0.061 0.06 0.061 0.06 0.06
0.23 0.197 0.158 0.209 0.131 0.156 0.123 0.156 0.206 0.224 0.048 0.032 0.2 0.094 0.094 0.118 0.071 0.064 0.043 0.042 0.046 0.052 0.056 0.047 0.049 0.049 0.054 0.053 0.046 0.039 0.034 0.035 0.045 0.034 0.037 0.039 0.039 0.04 0.043 0.044 0.046 0.05 0.052 0.053 0.053 0.052 0.052 0.053 0.054 0.055 0.055 0.057 0.055 0.057 0.058 0.057 0.057 0.055 0.057 0.056 0.056 0.057 0.059 0.058 0.058 0.058 0.061 0.063 0.062 0.062 0.062 0.063 0.062 0.062 0.062 0.062 0.062
0.134 0.141 0.142 0.097 0.072 0.079 0.151 0.252 0.153 0.206 0.13 0.184 0.202 0.12 0.065 0.055 0.039 0.04 0.041 0.042 0.049 0.057 0.056 0.051 0.046 0.047 0.05 0.051 0.045 0.04 0.037 0.035 0.04 0.033 0.039 0.039 0.041 0.042 0.045 0.046 0.048 0.052 0.056 0.052 0.052 0.052 0.054 0.055 0.055 0.057 0.056 0.057 0.057 0.058 0.058 0.058 0.057 0.055 0.058 0.057 0.058 0.059 0.058 0.058 0.059 0.058 0.063 0.064 0.064 0.063 0.063 0.063 0.062 0.062 0.062 0.063 0.063
0.09 0.098 0.11 0.072 0.099 0.188 0.215 0.187 0.179 0.134 0.078 0.066 0.076 0.078 0.044 0.041 0.036 0.038 0.045 0.048 0.053 0.059 0.055 0.048 0.043 0.05 0.051 0.05 0.045 0.043 0.04 0.038 0.043 0.034 0.038 0.039 0.042 0.042 0.046 0.048 0.049 0.053 0.054 0.051 0.054 0.054 0.055 0.056 0.056 0.057 0.057 0.056 0.058 0.057 0.056 0.056 0.057 0.057 0.059 0.057 0.058 0.058 0.059 0.059 0.059 0.06 0.064 0.065 0.064 0.064 0.063 0.063 0.062 0.062 0.062 0.061 0.061
0.175 0.225 0.356 0.235 0.271 0.215 0.133 0.091 0.037 0.033 0.034 0.036 0.036 0.047 0.034 0.035 0.043 0.049 0.053 0.056 0.055 0.057 0.052 0.045 0.051 0.051 0.054 0.055 0.048 0.046 0.043 0.04 0.05 0.037 0.04 0.04 0.043 0.044 0.049 0.051 0.054 0.052 0.052 0.054 0.055 0.056 0.057 0.056 0.057 0.056 0.057 0.058 0.058 0.057 0.058 0.058 0.057 0.058 0.059 0.059 0.059 0.06 0.06 0.061 0.061 0.061 0.064 0.063 0.063 0.062 0.063 0.061 0.06 0.059 0.058 0.059 0.059
0.253 0.343 0.279 0.144 0.101 0.074 0.043 0.039 0.036 0.036 0.038 0.037 0.036 0.04 0.034 0.039 0.049 0.053 0.055 0.056 0.058 0.058 0.056 0.045 0.057 0.052 0.056 0.056 0.05 0.045 0.043 0.04 0.056 0.037 0.041 0.042 0.044 0.046 0.051 0.053 0.054 0.052 0.051 0.053 0.055 0.057 0.057 0.057 0.055 0.057 0.057 0.057 0.057 0.058 0.057 0.058 0.059 0.059 0.06 0.061 0.059 0.06 0.06 0.061 0.06 0.061 0.063 0.063 0.062 0.062 0.061 0.061 0.06 0.059 0.058 0.059 0.058
0.268 0.274 0.266 0.163 0.225 0.045 0.041 0.037 0.037 0.037 0.038 0.04 0.04 0.036 0.043 0.049 0.053 0.054 0.055 0.056 0.058 0.058 0.057 0.045 0.049 0.055 0.057 0.056 0.05 0.046 0.042 0.04 0.056 0.036 0.041 0.044 0.046 0.049 0.053 0.054 0.053 0.05 0.051 0.054 0.056 0.056 0.058 0.056 0.055 0.056 0.056 0.057 0.057 0.058 0.059 0.059 0.059 0.059 0.059 0.062 0.06 0.06 0.059 0.06 0.06 0.061 0.062 0.062 0.06 0.06 0.06 0.06 0.059 0.057 0.057 0.057 0.058
0.248 0.314 0.234 0.218 0.081 0.059 0.045 0.041 0.038 0.04 0.043 0.044 0.042 0.041 0.047 0.052 0.053 0.054 0.055 0.057 0.058 0.058 0.059 0.047 0.049 0.055 0.057 0.056 0.051 0.047 0.043 0.041 0.052 0.034 0.04 0.045 0.048 0.05 0.054 0.055 0.052 0.051 0.052 0.054 0.054 0.056 0.058 0.058 0.053 0.054 0.056 0.057 0.057 0.059 0.058 0.057 0.059 0.057 0.057 0.058 0.059 0.058 0.056 0.059 0.059 0.059 0.061 0.062 0.061 0.06 0.06 0.06 0.058 0.057 0.058 0.057 0.057
0.244 0.276 0.252 0.155 0.076 0.052 0.04 0.042 0.042 0.048 0.051 0.05 0.052 0.045 0.049 0.052 0.055 0.054 0.054 0.057 0.059 0.06 0.056 0.047 0.049 0.056 0.056 0.056 0.051 0.047 0.044 0.043 0.05 0.036 0.042 0.047 0.049 0.049 0.055 0.054 0.052 0.052 0.05 0.054 0.055 0.056 0.058 0.053 0.054 0.056 0.055 0.056 0.056 0.058 0.058 0.058 0.058 0.057 0.058 0.061 0.058 0.058 0.057 0.057 0.058 0.058 0.06 0.062 0.062 0.062 0.061 0.06 0.059 0.057 0.057 0.057 0.057
0.296 0.117 0.058 0.049 0.041 0.048 0.042 0.045 0.048 0.047 0.048 0.049 0.049 0.056 0.057 0.057 0.056 0.055 0.057 0.06 0.06 0.053 0.041 0.055 0.056 0.056 0.057 0.057 0.052 0.048 0.047 0.047 0.072 0.037 0.045 0.047 0.049 0.051 0.054 0.051 0.05 0.047 0.05 0.057 0.058 0.062 0.058 0.05 0.053 0.054 0.053 0.056 0.056 0.057 0.056 0.055 0.058 0.056 0.054 0.057 0.054 0.056 0.057 0.058 0.058 0.059 0.061 0.062 0.062 0.062 0.062 0.061 0.06 0.06 0.059 0.056 0.055
0.187 0.066 0.052 0.045 0.046 0.046 0.045 0.047 0.051 0.049 0.049 0.049 0.05 0.054 0.058 0.057 0.057 0.056 0.057 0.063 0.055 0.044 0.048 0.057 0.058 0.058 0.058 0.056 0.052 0.05 0.048 0.05 0.082 0.04 0.045 0.049 0.052 0.053 0.054 0.051 0.051 0.046 0.05 0.058 0.059 0.067 0.06 0.053 0.054 0.055 0.052 0.056 0.056 0.056 0.056 0.055 0.056 0.056 0.055 0.056 0.055 0.055 0.058 0.059 0.058 0.061 0.063 0.064 0.063 0.062 0.061 0.061 0.06 0.059 0.058 0.056 0.056
0.148 0.146 0.059 0.043 0.046 0.049 0.049 0.052 0.051 0.049 0.051 0.052 0.054 0.055 0.054 0.055 0.055 0.053 0.057 0.055 0.052 0.047 0.059 0.059 0.058 0.059 0.057 0.059 0.052 0.051 0.048 0.047 0.046 0.044 0.047 0.053 0.054 0.055 0.049 0.048 0.046 0.048 0.056 0.059 0.066 0.069 0.057 0.053 0.052 0.053 0.053 0.055 0.055 0.056 0.054 0.055 0.056 0.058 0.054 0.056 0.056 0.057 0.059 0.061 0.06 0.063 0.063 0.063 0.063 0.061 0.06 0.061 0.061 0.059 0.059 0.058 0.058
0.228 0.061 0.041 0.048 0.052 0.05 0.053 0.054 0.051 0.049 0.054 0.055 0.056 0.058 0.057 0.052 0.055 0.055 0.059 0.055 0.052 0.056 0.055 0.057 0.054 0.054 0.054 0.056 0.057 0.051 0.048 0.048 0.044 0.045 0.049 0.054 0.055 0.054 0.05 0.047 0.044 0.054 0.057 0.065 0.073 0.068 0.056 0.053 0.052 0.053 0.054 0.055 0.057 0.056 0.054 0.055 0.056 0.055 0.056 0.055 0.056 0.059 0.063 0.061 0.06 0.064 0.064 0.064 0.062 0.061 0.061 0.06 0.059 0.06 0.059 0.057 0.057
0.123 0.053 0.042 0.049 0.052 0.051 0.053 0.054 0.05 0.052 0.056 0.056 0.059 0.059 0.056 0.055 0.058 0.056 0.061 0.057 0.05 0.067 0.06 0.059 0.056 0.056 0.054 0.052 0.055 0.053 0.054 0.05 0.042 0.047 0.051 0.055 0.054 0.053 0.049 0.044 0.048 0.055 0.06 0.077 0.067 0.064 0.058 0.056 0.054 0.053 0.054 0.055 0.057 0.056 0.053 0.055 0.055 0.054 0.055 0.055 0.057 0.06 0.06 0.061 0.063 0.064 0.065 0.064 0.062 0.062 0.061 0.06 0.06 0.061 0.059 0.057 0.056
0.057 0.053 0.052 0.051 0.05 0.048 0.049 0.054 0.052 0.052 0.057 0.059 0.059 0.06 0.06 0.058 0.058 0.059 0.056 0.056 0.059 0.061 0.063 0.059 0.056 0.056 0.057 0.055 0.047 0.047 0.046 0.054 0.058 0.052 0.055 0.053 0.05 0.049 0.047 0.055 0.055 0.073 0.148 0.079 0.063 0.062 0.06 0.057 0.054 0.055 0.056 0.058 0.057 0.055 0.055 0.055 0.055 0.057 0.055 0.052 0.055 0.056 0.06 0.063 0.062 0.064 0.064 0.063 0.063 0.064 0.061 0.06 0.06 0.055 0.059 0.064 0.065
0.066 0.056 0.055 0.051 0.048 0.048 0.048 0.051 0.049 0.052 0.059 0.059 0.058 0.061 0.06 0.061 0.061 0.064 0.058 0.057 0.055 0.054 0.061 0.056 0.057 0.058 0.055 0.047 0.05 0.054 0.064 0.058 0.043 0.054 0.054 0.053 0.05 0.051 0.049 0.054 0.06 0.097 0.108 0.064 0.063 0.062 0.06 0.059 0.055 0.056 0.056 0.057 0.057 0.055 0.056 0.056 0.054 0.057 0.054 0.053 0.053 0.054 0.058 0.06 0.061 0.063 0.064 0.064 0.06 0.062 0.06 0.06 0.057 0.057 0.065 0.074 0.082
0.067 0.058 0.047 0.052 0.049 0.047 0.051 0.053 0.051 0.053 0.059 0.06 0.057 0.061 0.061 0.063 0.063 0.064 0.059 0.059 0.051 0.048 0.057 0.055 0.056 0.054 0.052 0.051 0.064 0.078 0.054 0.048 0.049 0.055 0.054 0.053 0.053 0.055 0.053 0.059 0.065 0.063 0.063 0.062 0.064 0.062 0.061 0.059 0.057 0.058 0.057 0.057 0.058 0.055 0.056 0.056 0.057 0.056 0.054 0.053 0.054 0.055 0.057 0.057 0.062 0.064 0.061 0.059 0.054 0.056 0.057 0.056 0.055 0.066 0.072 0.073 0.073
0.055 0.043 0.044 0.052 0.051 0.051 0.053 0.055 0.053 0.054 0.059 0.059 0.056 0.06 0.061 0.061 0.062 0.061 0.061 0.06 0.053 0.044 0.05 0.047 0.046 0.052 0.053 0.049 0.055 0.059 0.041 0.049 0.05 0.054 0.053 0.053 0.054 0.055 0.059 0.075 0.059 0.064 0.063 0.064 0.064 0.064 0.06 0.06 0.058 0.056 0.059 0.057 0.056 0.055 0.057 0.056 0.058 0.06 0.054 0.056 0.054 0.055 0.056 0.056 0.059 0.061 0.058 0.06 0.054 0.061 0.059 0.063 0.079 0.07 0.066 0.071 0.057
0.072 0.044 0.046 0.054 0.058 0.054 0.054 0.058 0.054 0.053 0.056 0.058 0.056 0.06 0.059 0.059 0.061 0.062 0.062 0.06 0.051 0.043 0.045 0.047 0.051 0.048 0.047 0.054 0.077 0.046 0.049 0.05 0.053 0.055 0.055 0.055 0.054 0.056 0.067 0.055 0.062 0.064 0.064 0.065 0.064 0.063 0.06 0.059 0.059 0.057 0.057 0.056 0.056 0.056 0.057 0.059 0.06 0.057 0.056 0.06 0.057 0.052 0.051 0.057 0.055 0.057 0.06 0.062 0.064 0.06 0.073 0.09 0.083 0.05 0.033 0.033 0.029
0.058 0.054 0.052 0.056 0.06 0.057 0.058 0.061 0.059 0.062 0.059 0.055 0.058 0.06 0.059 0.058 0.06 0.062 0.059 0.056 0.049 0.043 0.049 0.051 0.045 0.068 0.108 0.052 0.061 0.057 0.055 0.052 0.054 0.055 0.055 0.055 0.053 0.054 0.06 0.064 0.066 0.067 0.067 0.065 0.063 0.062 0.06 0.059 0.058 0.059 0.06 0.057 0.058 0.056 0.059 0.078 0.079 0.058 0.064 0.078 0.094 0.05 0.049 0.064 0.074 0.087 0.117 0.098 0.088 0.084 0.065 0.043 0.043 0.039 0.038 0.034 0.038
0.06 0.055 0.055 0.059 0.06 0.059 0.066 0.061 0.067 0.064 0.058 0.054 0.057 0.058 0.058 0.056 0.059 0.061 0.061 0.055 0.048 0.046 0.054 0.046 0.05 0.094 0.083 0.15 0.056 0.054 0.053 0.053 0.051 0.055 0.055 0.054 0.052 0.054 0.063 0.066 0.067 0.068 0.068 0.066 0.064 0.062 0.06 0.059 0.058 0.058 0.057 0.062 0.058 0.055 0.057 0.08 0.063 0.057 0.071 0.076 0.094 0.058 0.057 0.075 0.098 0.097 0.079 0.078 0.047 0.047 0.047 0.047 0.045 0.043 0.043 0.039 0.042
0.059 0.061 0.059 0.061 0.064 0.087 0.114 0.128 0.074 0.063 0.062 0.058 0.059 0.056 0.056 0.055 0.059 0.062 0.061 0.065 0.049 0.051 0.058 0.062 0.12 0.1 0.111 0.186 0.062 0.059 0.052 0.052 0.05 0.054 0.053 0.054 0.052 0.054 0.065 0.068 0.068 0.068 0.067 0.063 0.062 0.061 0.061 0.06 0.058 0.059 0.059 0.089 0.059 0.057 0.056 0.062 0.058 0.054 0.076 0.083 0.087 0.077 0.068 0.063 0.058 0.053 0.049 0.048 0.046 0.045 0.047 0.052 0.05 0.046 0.046 0.044 0.04
0.087 0.065 0.061 0.059 0.061 0.074 0.257 0.103 0.085 0.073 0.067 0.061 0.059 0.055 0.052 0.053 0.057 0.063 0.064 0.061 0.058 0.058 0.051 0.147 0.053 0.058 0.142 0.135 0.064 0.063 0.054 0.051 0.049 0.054 0.053 0.054 0.052 0.063 0.068 0.069 0.069 0.067 0.066 0.059 0.058 0.059 0.065 0.064 0.062 0.061 0.058 0.112 0.06 0.058 0.058 0.065 0.061 0.061 0.093 0.086 0.089 0.098 0.122 0.053 0.051 0.037 0.046 0.048 0.053 0.047 0.046 0.053 0.052 0.05 0.051 0.049 0.043
0.066 0.07 0.059 0.093 0.057 0.068 0.137 0.194 0.122 0.105 0.092 0.072 0.069 0.055 0.052 0.051 0.056 0.066 0.086 0.197 0.105 0.068 0.061 0.089 0.133 0.146 0.085 0.061 0.064 0.063 0.053 0.052 0.052 0.054 0.053 0.053 0.053 0.079 0.068 0.069 0.068 0.067 0.065 0.061 0.063 0.064 0.066 0.065 0.066 0.063 0.063 0.1 0.059 0.057 0.061 0.069 0.065 0.074 0.094 0.086 0.081 0.069 0.066 0.04 0.036 0.036 0.039 0.044 0.049 0.049 0.049 0.05 0.055 0.056 0.056 0.055 0.048
0.087 0.096 0.07 0.163 0.083 0.069 0.063 0.059 0.086 0.06 0.063 0.203 0.099 0.061 0.059 0.069 0.079 0.127 0.243 0.23 0.286 0.279 0.065 0.043 0.041 0.05 0.073 0.078 0.065 0.049 0.047 0.054 0.055 0.052 0.053 0.053 0.051 0.055 0.065 0.067 0.067 0.066 0.065 0.067 0.068 0.068 0.067 0.067 0.067 0.065 0.066 0.109 0.076 0.057 0.053 0.056 0.071 0.075 0.04 0.042 0.041 0.04 0.039 0.043 0.045 0.047 0.043 0.046 0.045 0.041 0.044 0.059 0.058 0.064 0.063 0.066 0.065
0.098 0.103 0.142 0.094 0.072 0.069 0.069 0.063 0.11 0.054 0.059 0.074 0.073 0.058 0.085 0.137 0.096 0.078 0.244 0.351 0.386 0.271 0.066 0.042 0.064 0.071 0.078 0.106 0.061 0.05 0.047 0.052 0.058 0.054 0.054 0.054 0.053 0.05 0.069 0.066 0.066 0.067 0.067 0.065 0.064 0.067 0.07 0.071 0.07 0.072 0.073 0.111 0.09 0.076 0.054 0.061 0.077 0.072 0.047 0.049 0.045 0.039 0.041 0.04 0.046 0.049 0.048 0.047 0.047 0.044 0.057 0.067 0.065 0.057 0.064 0.072 0.078
0.119 0.119 0.11 0.105 0.093 0.086 0.076 0.113 0.086 0.074 0.064 0.064 0.061 0.061 0.067 0.077 0.071 0.062 0.158 0.374 0.374 0.337 0.274 0.131 0.102 0.197 0.142 0.122 0.056 0.054 0.051 0.055 0.061 0.067 0.062 0.062 0.066 0.082 0.081 0.069 0.066 0.065 0.063 0.059 0.052 0.051 0.062 0.069 0.08 0.09 0.09 0.128 0.122 0.06 0.055 0.06 0.061 0.053 0.051 0.055 0.054 0.048 0.039 0.048 0.048 0.052 0.055 0.055 0.061 0.066 0.074 0.077 0.073 0.075 0.084 0.09 0.139
