data/china_ndvi_max_1982.asc
ncols         710
nrows         510
xllcorner     70
yllcorner     10
cellsize      0.1
NODATA_value  -9999
[rows 102 to 135 of 510, columns 462 to 538 of 710]
-9999 -9999 -9999 -9999 -9999 -9999 -9999 -9999 -9999 -9999 -9999 -9999 -9999 -9999 -9999 -9999 -9999 -9999 -9999 -9999 -9999 -9999 -9999 -9999 -9999 -9999 -9999 -9999 -9999 -9999 -9999 -9999 -9999 0.343 0.366 0.403 0.396 0.434 0.476 0.467 0.428 0.414 0.443 0.463 0.471 0.497 0.515 0.527 0.5 0.537 0.506 0.491 0.493 0.502 0.529 0.539 0.518 0.52 0.452 0.52 0.533 0.547 0.549 0.52 0.534 0.525 0.515 0.532 0.489 0.499 0.536 0.534 0.517 0.529 0.537 0.498 0.554
-9999 -9999 -9999 -9999 -9999 -9999 -9999 -9999 -9999 -9999 -9999 -9999 -9999 -9999 -9999 -9999 -9999 -9999 -9999 -9999 -9999 -9999 -9999 -9999 -9999 -9999 -9999 -9999 -9999 -9999 -9999 0.347 0.361 0.384 0.363 0.369 0.399 0.505 0.417 0.395 0.385 0.467 0.494 0.502 0.503 0.526 0.494 0.527 0.532 0.485 0.456 0.493 0.531 0.452 0.494 0.537 0.544 0.546 0.532 0.547 0.537 0.55 0.531 0.532 0.54 0.545 0.521 0.489 0.423 0.463 0.498 0.558 0.581 0.518 0.5 0.48 0.538
-9999 -9999 -9999 -9999 -9999 -9999 -9999 -9999 -9999 -9999 -9999 -9999 -9999 -9999 -9999 -9999 -9999 -9999 -9999 -9999 -9999 -9999 -9999 -9999 -9999 -9999 -9999 -9999 -9999 -9999 -9999 0.365 0.367 0.373 0.382 0.384 0.376 0.38 0.36 0.406 0.435 0.458 0.465 0.472 0.488 0.512 0.516 0.503 0.472 0.468 0.492 0.49 0.467 0.469 0.5 0.496 0.53 0.544 0.528 0.531 0.538 0.546 0.533 0.534 0.526 0.527 0.525 0.504 0.507 0.501 0.468 0.512 0.517 0.498 0.489 0.446 0.437
-9999 -9999 -9999 -9999 -9999 -9999 -9999 -9999 -9999 -9999 -9999 -9999 -9999 -9999 -9999 -9999 -9999 -9999 -9999 -9999 -9999 -9999 -9999 -9999 -9999 -9999 -9999 -9999 -9999 -9999 0.358 0.324 0.362 0.341 0.349 0.376 0.339 0.345 0.419 0.38 0.359 0.415 0.414 0.419 0.403 0.385 0.389 0.406 0.46 0.49 0.476 0.518 0.523 0.543 0.519 0.462 0.54 0.543 0.524 0.522 0.543 0.544 0.519 0.528 0.523 0.533 0.522 0.516 0.519 0.536 0.517 0.519 0.525 0.543 0.566 0.526 0.554
-9999 -9999 -9999 -9999 -9999 -9999 -9999 -9999 -9999 -9999 -9999 -9999 -9999 -9999 -9999 -9999 -9999 -9999 -9999 -9999 -9999 -9999 -9999 -9999 -9999 -9999 -9999 -9999 -9999 -9999 -9999 -9999 0.405 0.371 0.358 0.354 0.346 0.333 0.344 0.356 0.357 0.349 0.353 0.37 0.413 0.409 0.389 0.398 0.476 0.494 0.513 0.508 0.505 0.525 0.508 0.548 0.499 0.533 0.54 0.542 0.529 0.543 0.534 0.54 0.49 0.514 0.519 0.549 0.521 0.514 0.52 0.527 0.514 0.507 0.546 0.535 0.517
-9999 -9999 -9999 -9999 -9999 -9999 -9999 -9999 -9999 -9999 -9999 -9999 -9999 -9999 -9999 -9999 -9999 -9999 -9999 -9999 -9999 -9999 -9999 -9999 -9999 -9999 -9999 -9999 -9999 -9999 -9999 -9999 0.345 0.345 0.329 0.354 0.335 0.362 0.336 0.336 0.317 0.338 0.343 0.349 0.353 0.396 0.464 0.5 0.434 0.471 0.474 0.512 0.541 0.539 0.535 0.503 0.48 0.504 0.519 0.514 0.514 0.516 0.53 0.524 0.511 0.522 0.538 0.532 0.501 0.502 0.506 0.497 0.525 0.524 0.48 0.492 0.492
-9999 -9999 -9999 -9999 -9999 -9999 -9999 -9999 -9999 -9999 -9999 -9999 -9999 -9999 -9999 -9999 -9999 -9999 -9999 -9999 -9999 -9999 -9999 -9999 -9999 -9999 -9999 -9999 -9999 -9999 -9999 0.357 0.329 0.364 0.329 0.342 0.344 0.335 0.332 0.349 0.339 0.356 0.357 0.394 0.419 0.398 0.463 0.479 0.44 0.503 0.49 0.529 0.544 0.548 0.53 0.52 0.459 0.499 0.535 0.566 0.555 0.506 0.509 0.481 0.45 0.491 0.513 0.524 0.498 0.492 0.482 0.541 0.54 0.563 0.537 0.486 0.525
-9999 -9999 -9999 -9999 -9999 -9999 -9999 -9999 -9999 -9999 -9999 -9999 -9999 -9999 -9999 -9999 -9999 -9999 -9999 -9999 -9999 -9999 -9999 -9999 -9999 -9999 -9999 -9999 -9999 0.362 0.333 0.345 0.307 0.325 0.307 0.338 0.349 0.364 0.337 0.371 0.367 0.366 0.373 0.449 0.468 0.465 0.444 0.426 0.463 0.473 0.48 0.498 0.481 0.498 0.456 0.455 0.486 0.509 0.558 0.53 0.523 0.527 0.571 0.529 0.516 0.535 0.536 0.546 0.542 0.553 0.517 0.492 0.499 0.532 0.527 0.485 0.496
-9999 -9999 -9999 -9999 -9999 -9999 -9999 -9999 -9999 -9999 -9999 -9999 -9999 -9999 -9999 -9999 -9999 -9999 -9999 -9999 -9999 -9999 -9999 -9999 0.293 0.215 0.276 0.288 0.306 0.314 0.309 0.309 0.277 0.309 0.313 0.36 0.376 0.358 0.327 0.383 0.397 0.368 0.379 0.396 0.435 0.4 0.441 0.469 0.496 0.508 0.471 0.426 0.425 0.478 0.504 0.513 0.535 0.52 0.528 0.498 0.557 0.475 0.5 0.536 0.53 0.481 0.546 0.55 0.533 0.518 0.51 0.531 0.549 0.501 0.496 0.498 0.521
-9999 -9999 -9999 -9999 -9999 0.237 0.269 -9999 -9999 -9999 -9999 -9999 -9999 -9999 -9999 -9999 -9999 -9999 -9999 -9999 -9999 -9999 0.342 0.31 0.262 0.281 0.298 0.306 0.316 0.313 0.286 0.288 0.277 0.321 0.325 0.345 0.351 0.349 0.334 0.324 0.338 0.348 0.382 0.451 0.451 0.414 0.456 0.468 0.456 0.442 0.424 0.475 0.51 0.534 0.545 0.525 0.53 0.531 0.523 0.515 0.516 0.525 0.524 0.552 0.552 0.51 0.559 0.566 0.54 0.523 0.565 0.552 0.546 0.515 0.468 0.507 0.513
-9999 -9999 -9999 -9999 -9999 0.264 0.274 0.271 0.273 -9999 -9999 -9999 -9999 -9999 -9999 -9999 -9999 -9999 -9999 -9999 -9999 0.292 0.261 0.311 0.286 0.327 0.347 0.318 0.282 0.285 0.283 0.296 0.289 0.3 0.3 0.3 0.314 0.362 0.326 0.325 0.353 0.387 0.434 0.417 0.388 0.38 0.417 0.449 0.418 0.448 0.422 0.44 0.453 0.49 0.51 0.456 0.47 0.475 0.482 0.525 0.545 0.544 0.539 0.543 0.569 0.569 0.551 0.568 0.522 0.517 0.564 0.57 0.522 0.51 0.469 0.475 0.526
-9999 -9999 -9999 -9999 0.275 0.262 0.266 0.264 0.246 0.219 0.242 0.236 0.212 0.255 -9999 -9999 -9999 -9999 0.348 0.299 0.238 0.255 0.251 0.288 0.287 0.302 0.325 0.304 0.284 0.287 0.282 0.329 0.344 0.316 0.325 0.306 0.304 0.312 0.311 0.331 0.365 0.401 0.44 0.391 0.376 0.415 0.402 0.433 0.48 0.483 0.475 0.458 0.454 0.452 0.447 0.451 0.484 0.472 0.502 0.548 0.552 0.537 0.547 0.555 0.566 0.547 0.549 0.518 0.556 0.504 0.523 0.547 0.503 0.549 0.502 0.44 0.528
-9999 -9999 -9999 0.251 0.26 0.278 0.248 0.256 0.259 0.254 0.261 0.229 0.233 0.246 0.253 0.244 0.297 0.375 0.252 0.227 0.245 0.266 0.276 0.276 0.274 0.27 0.283 0.295 0.293 0.294 0.298 0.341 0.295 0.288 0.28 0.304 0.295 0.303 0.345 0.352 0.371 0.367 0.392 0.38 0.389 0.454 0.472 0.475 0.43 0.444 0.458 0.447 0.429 0.426 0.507 0.506 0.536 0.534 0.546 0.56 0.547 0.55 0.504 0.554 0.497 0.554 0.542 0.552 0.518 0.503 0.527 0.515 0.519 0.554 0.513 0.467 0.534
-9999 -9999 -9999 0.246 0.253 0.277 0.255 0.258 0.228 0.218 0.216 0.222 0.239 0.235 0.224 0.217 0.235 0.247 0.234 0.225 0.242 0.254 0.206 0.273 0.247 0.26 0.258 0.281 0.322 0.296 0.285 0.306 0.309 0.269 0.273 0.293 0.262 0.297 0.32 0.344 0.341 0.362 0.366 0.361 0.349 0.333 0.38 0.39 0.345 0.334 0.381 0.379 0.445 0.528 0.566 0.501 0.506 0.527 0.526 0.52 0.49 0.485 0.505 0.547 0.561 0.554 0.53 0.546 0.51 0.558 0.561 0.535 0.52 0.562 0.543 0.495 0.547
-9999 -9999 0.228 0.253 0.265 0.252 0.23 0.236 0.229 0.242 0.235 0.221 0.212 0.172 -0.3 0.15 0.222 0.222 0.228 0.234 0.248 0.218 0.22 0.242 0.292 0.255 0.225 0.225 0.28 0.275 0.26 0.326 0.318 0.307 0.295 0.306 0.286 0.293 0.328 0.299 0.336 0.352 0.367 0.331 0.352 0.331 0.348 0.362 0.398 0.436 0.449 0.492 0.502 0.51 0.51 0.503 0.492 0.487 0.528 0.545 0.527 0.539 0.544 0.523 0.532 0.501 0.504 0.541 0.534 0.589 0.59 0.547 0.547 0.546 0.514 0.517 0.514
-9999 0.27 0.267 0.244 0.259 0.244 0.257 0.257 0.216 0.218 0.217 0.217 0.214 -0.3 -0.3 0.145 0.223 0.227 0.218 0.208 0.216 0.219 0.212 0.218 0.233 0.254 0.28 0.261 0.277 0.282 0.29 0.297 0.266 0.268 0.272 0.253 0.257 0.309 0.309 0.331 0.328 0.341 0.334 0.318 0.36 0.36 0.373 0.378 0.39 0.454 0.453 0.45 0.47 0.474 0.506 0.494 0.476 0.494 0.528 0.488 0.472 0.489 0.51 0.491 0.482 0.495 0.531 0.552 0.549 0.562 0.561 0.546 0.527 0.497 0.493 0.427 0.469
0.258 0.264 0.252 0.222 0.205 0.24 0.234 0.212 0.217 0.213 0.208 0.216 0.144 -0.3 -0.3 -0.3 0.213 0.24 0.186 0.243 0.251 0.24 0.233 0.221 0.199 0.191 0.2 0.192 0.235 0.231 0.238 0.269 0.282 0.289 0.294 0.257 0.274 0.295 0.284 0.279 0.311 0.333 0.33 0.356 0.413 0.435 0.424 0.389 0.372 0.464 0.468 0.465 0.474 0.464 0.485 0.439 0.462 0.465 0.521 0.519 0.492 0.472 0.534 0.545 0.522 0.566 0.563 0.556 0.572 0.589 0.553 0.541 0.549 0.492 0.455 0.421 0.506
0.266 0.243 0.254 0.229 0.229 0.23 0.212 0.212 0.21 0.209 -0.033 0.174 -9999 -0.3 -0.3 -0.3 0.168 0.19 0.221 0.219 0.239 0.264 0.273 0.243 0.249 0.253 0.261 0.269 0.291 0.289 0.277 0.28 0.29 0.309 0.307 0.305 0.308 0.296 0.307 0.311 0.329 0.353 0.329 0.385 0.376 0.396 0.359 0.356 0.368 0.411 0.422 0.463 0.466 0.462 0.479 0.47 0.513 0.515 0.54 0.492 0.466 0.478 0.498 0.532 0.538 0.529 0.525 0.534 0.519 0.533 0.511 0.525 0.529 0.528 0.51 0.453 0.499
0.226 0.241 0.212 0.2 0.204 0.238 0.199 0.186 -0.3 -0.3 -9999 -0.3 -0.3 -0.3 0.182 0.21 0.233 0.212 0.212 0.195 0.204 0.244 0.249 0.26 0.244 0.266 0.299 0.275 0.282 0.28 0.285 0.254 0.325 0.254 0.248 0.261 0.297 0.336 0.319 0.313 0.346 0.369 0.37 0.351 0.383 0.458 0.453 0.417 0.472 0.481 0.438 0.45 0.472 0.462 0.492 0.511 0.523 0.511 0.57 0.505 0.473 0.514 0.536 0.514 0.511 0.548 0.547 0.55 0.561 0.58 0.517 0.544 0.559 0.476 0.534 0.519 0.434
0.211 0.214 0.198 0.182 0.209 0.209 0.189 0.177 -0.3 -0.3 -0.3 -0.3 -0.3 0.169 0.215 0.232 0.203 0.186 0.216 0.205 0.205 0.266 0.233 0.269 0.272 0.266 0.249 0.253 0.33 0.287 0.273 0.268 0.267 0.277 0.308 0.301 0.294 0.297 0.314 0.353 0.345 0.346 0.36 0.425 0.454 0.438 0.455 0.467 0.453 0.413 0.43 0.435 0.43 0.462 0.504 0.507 0.511 0.514 0.534 0.545 0.52 0.532 0.565 0.554 0.535 0.5 0.534 0.566 0.545 0.507 0.514 0.502 0.508 0.44 0.425 0.469 0.488
0.194 0.186 0.185 0.212 0.209 0.171 0.163 0.189 0.237 -0.3 -0.3 -0.3 0.197 0.219 0.217 0.231 0.213 0.163 0.226 0.205 0.25 0.242 0.246 0.273 0.276 0.266 0.278 0.379 0.263 0.258 0.275 0.306 0.322 0.315 0.334 0.309 0.316 0.302 0.376 0.375 0.367 0.375 0.406 0.394 0.406 0.437 0.459 0.464 0.41 0.431 0.453 0.462 0.505 0.508 0.515 0.527 0.499 0.492 0.495 0.535 0.526 0.514 0.516 0.491 0.509 0.514 0.516 0.541 0.563 0.523 0.5 0.448 0.418 0.422 0.407 0.435 0.459
0.184 0.17 0.17 0.165 0.165 0.206 0.198 0.199 0.211 0.22 -0.3 -0.3 0.199 0.237 0.207 0.222 0.202 0.183 0.222 0.223 0.252 0.219 0.212 0.258 0.285 0.262 0.265 0.408 0.268 0.308 0.328 0.326 0.352 0.304 0.3 0.281 0.309 0.304 0.364 0.375 0.368 0.378 0.372 0.416 0.426 0.414 0.437 0.461 0.484 0.492 0.493 0.504 0.525 0.544 0.549 0.516 0.498 0.521 0.475 0.521 0.563 0.548 0.518 0.526 0.539 0.54 0.499 0.472 0.513 0.492 0.465 0.447 0.418 0.415 0.426 0.408 0.42
0.162 0.154 0.161 0.194 0.196 0.207 0.195 0.178 0.211 0.229 0.177 0.187 0.225 0.223 0.212 0.237 0.221 0.176 0.213 0.238 0.276 0.285 0.282 0.277 0.265 0.254 0.269 0.299 0.255 0.268 0.301 0.298 0.315 0.317 0.331 0.281 0.302 0.317 0.338 0.353 0.36 0.373 0.381 0.456 0.478 0.449 0.462 0.488 0.512 0.529 0.529 0.516 0.517 0.466 0.531 0.527 0.531 0.539 0.508 0.47 0.503 0.501 0.488 0.515 0.514 0.556 0.548 0.54 0.431 0.417 0.459 0.432 0.433 0.416 0.426 0.412 0.39
0.184 0.198 0.217 0.244 0.23 0.215 0.211 0.208 0.226 0.21 0.228 0.23 0.218 0.265 0.217 0.216 0.224 0.216 0.232 0.219 0.202 0.245 0.239 0.237 0.25 0.223 0.244 0.232 0.29 0.315 0.276 0.256 0.276 0.304 0.297 0.283 0.31 0.333 0.433 0.368 0.393 0.386 0.391 0.462 0.444 0.404 0.452 0.455 0.483 0.51 0.517 0.534 0.466 0.541 0.524 0.532 0.535 0.552 0.474 0.483 0.47 0.491 0.542 0.466 0.506 0.516 0.483 0.502 0.486 0.435 0.406 0.397 0.454 0.443 0.414 0.419 0.378
0.202 0.217 0.222 0.227 0.228 0.216 0.204 0.213 0.238 0.227 0.215 0.22 0.194 0.22 0.233 0.223 0.231 0.221 0.221 0.23 0.221 0.225 0.241 0.226 0.256 0.223 0.23 0.283 0.303 0.343 0.336 0.3 0.29 0.313 0.298 0.313 0.27 0.33 0.434 0.438 0.399 0.383 0.404 0.443 0.472 0.46 0.439 0.47 0.527 0.517 0.51 0.467 0.471 0.533 0.541 0.53 0.521 0.536 0.545 0.538 0.533 0.479 0.528 0.532 0.504 0.487 0.511 0.498 0.48 0.464 0.45 0.392 0.415 0.422 0.387 0.394 0.415
0.203 0.199 0.223 0.2 0.174 0.168 0.183 0.191 0.21 0.195 0.191 0.196 0.188 0.197 0.219 0.201 0.207 0.227 0.232 0.231 0.219 0.229 0.236 0.218 0.229 0.254 0.276 0.284 0.28 0.296 0.344 0.305 0.3 0.309 0.396 0.4 0.507 0.508 0.545 0.552 0.47 0.407 0.427 0.469 0.487 0.472 0.488 0.483 0.532 0.519 0.518 0.49 0.507 0.54 0.543 0.525 0.488 0.484 0.513 0.493 0.504 0.486 0.458 0.484 0.46 0.425 0.455 0.497 0.445 0.436 0.401 0.394 0.402 0.38 0.379 0.385 0.402
0.206 0.195 0.19 0.161 0.137 0.169 0.2 0.189 0.2 0.184 0.195 0.201 0.208 0.212 0.226 0.235 0.202 0.204 0.223 0.233 0.211 0.235 0.248 0.26 0.288 0.277 0.299 0.31 0.296 0.325 0.318 0.301 0.297 0.306 0.521 0.483 0.621 0.562 0.521 0.448 0.419 0.489 0.461 0.458 0.474 0.487 0.5 0.53 0.527 0.521 0.49 0.518 0.525 0.549 0.571 0.548 0.543 0.472 0.511 0.51 0.537 0.545 0.44 0.39 0.382 0.398 0.421 0.503 0.441 0.412 0.43 0.427 0.454 0.372 0.365 0.364 0.368
0.181 0.19 0.189 0.154 0.169 0.187 0.181 0.185 0.19 0.183 0.187 0.195 0.204 0.205 0.212 0.216 -9999 -9999 -9999 -9999 -9999 -9999 -9999 0.262 0.27 0.255 0.276 0.321 0.292 0.378 0.335 0.314 0.308 0.407 0.409 0.427 0.421 0.474 0.415 0.42 0.426 0.426 0.458 0.487 0.505 0.49 0.505 0.536 0.504 0.521 0.509 0.542 0.55 0.532 0.547 0.541 0.51 0.512 0.517 0.498 0.52 0.548 0.479 0.517 0.467 0.398 0.475 0.493 0.414 0.443 0.42 0.35 0.362 0.369 0.375 0.362 0.366
0.151 0.166 0.156 0.19 0.192 0.181 0.192 0.188 0.196 0.204 0.194 0.205 0.205 0.212 -0.3 -9999 -9999 -9999 -9999 -9999 -9999 -9999 -9999 -9999 -9999 0.278 0.287 0.301 0.319 0.257 0.281 0.282 0.285 0.351 0.375 0.366 0.353 0.355 0.423 0.458 0.457 0.451 0.462 0.499 0.527 0.507 0.525 0.516 0.56 0.557 0.539 0.489 0.536 0.545 0.541 0.551 0.528 0.536 0.517 0.494 0.535 0.555 0.544 0.459 0.403 0.376 0.329 0.388 0.36 0.336 0.348 0.37 0.4 0.39 0.39 0.383 0.422
-9999 -9999 -9999 -9999 -9999 -9999 -9999 -9999 -9999 -9999 0.203 0.204 0.2 -0.3 -9999 -9999 -9999 -9999 -9999 -9999 -9999 -9999 -9999 -9999 -9999 -9999 0.271 0.274 0.249 0.239 0.278 0.294 0.289 0.386 0.379 0.369 0.392 0.401 0.436 0.426 0.472 0.465 0.456 0.512 0.486 0.493 0.535 0.53 0.535 0.527 0.541 0.491 0.533 0.561 0.576 0.541 0.528 0.53 0.489 0.534 0.558 0.526 0.518 0.408 0.443 0.405 0.348 0.345 0.349 0.352 0.382 0.389 0.368 0.362 0.391 0.385 0.416
-9999 -9999 -9999 -9999 -9999 -9999 -9999 -9999 -9999 -9999 -9999 0.211 0.198 -9999 -9999 -9999 -9999 -9999 -9999 -9999 -9999 -9999 -9999 -9999 -9999 -9999 -9999 -9999 -9999 0.271 0.31 0.287 0.308 0.356 0.356 0.362 0.369 0.406 0.463 0.436 0.466 0.477 0.442 0.48 0.47 0.533 0.515 0.516 0.534 0.547 0.514 0.511 0.528 0.529 0.507 0.505 0.518 0.545 0.451 0.453 0.502 0.471 0.441 0.397 0.358 0.353 0.347 0.339 0.354 0.346 0.352 0.344 0.37 0.369 0.362 0.373 0.383
-9999 -9999 -9999 -9999 -9999 -9999 -9999 -9999 -9999 -9999 -9999 -9999 -9999 -9999 -9999 -9999 -9999 -9999 -9999 -9999 -9999 -9999 -9999 -9999 -9999 -9999 -9999 -9999 -9999 -9999 0.352 0.338 0.359 0.353 0.379 0.417 0.429 0.53 0.453 0.476 0.47 0.51 0.479 0.469 0.509 0.519 0.519 0.521 0.553 0.549 0.523 0.516 0.548 0.503 0.497 0.518 0.555 0.557 0.456 0.463 0.463 0.488 0.46 0.405 0.363 0.361 0.343 0.368 0.364 0.352 0.369 0.358 0.283 0.336 0.353 0.382 0.374
-9999 -9999 -9999 -9999 -9999 -9999 -9999 -9999 -9999 -9999 -9999 -9999 -9999 -9999 -9999 -9999 -9999 -9999 -9999 -9999 -9999 -9999 -9999 -9999 -9999 -9999 -9999 -9999 -9999 -9999 -9999 0.35 0.377 0.339 0.363 0.39 0.412 0.438 0.456 0.476 0.448 0.479 0.513 0.509 0.501 0.501 0.512 0.502 0.545 0.549 0.531 0.442 0.475 0.454 0.501 0.523 0.498 0.545 0.464 0.447 0.443 0.416 0.447 0.374 0.415 0.383 0.371 0.314 0.364 0.356 0.373 0.32 0.326 0.322 0.354 0.349 0.356
-9999 -9999 -9999 -9999 -9999 -9999 -9999 -9999 -9999 -9999 -9999 -9999 -9999 -9999 -9999 -9999 -9999 -9999 -9999 -9999 -9999 -9999 -9999 -9999 -9999 -9999 -9999 -9999 -9999 -9999 -9999 -9999 0.334 0.374 0.373 0.417 0.431 0.445 0.441 0.435 0.433 0.478 0.511 0.391 0.393 0.456 0.529 0.537 0.542 0.501 0.46 0.398 0.42 0.534 0.494 0.48 0.544 0.509 0.475 0.439 0.491 0.416 0.358 0.4 0.401 0.372 0.376 0.366 0.38 0.375 0.327 0.322 0.298 0.283 0.33 0.32 0.378
