data/china_ndvi_max_2005.asc
ncols         710
nrows         510
xllcorner     70
yllcorner     10
cellsize      0.1
NODATA_value  -9999
[rows 306 to 339 of 510, columns 462 to 538 of 710]
0.544 0.555 0.558 0.558 0.481 0.522 0.5 0.539 0.537 0.617 0.665 0.678 0.702 0.732 0.689 0.699 0.7 0.707 0.688 0.599 0.627 0.693 0.651 0.594 0.672 0.702 0.673 0.644 0.659 0.685 0.689 0.673 0.719 0.685 0.674 0.656 0.598 0.568 0.452 0.423 0.315 0.412 0.346 0.468 0.431 -9999 -9999 -9999 -9999 -9999 0.395 0.394 -9999 -9999 -9999 -9999 -9999 -9999 -9999 0.373 0.46 -9999 -9999 -9999 -9999 -9999 -9999 -9999 -9999 -9999 -9999 -9999 -9999 -9999 -9999 -9999 -9999
0.523 0.502 -0.3 0.534 0.504 0.528 0.545 0.328 0.629 0.627 0.603 0.659 0.717 0.676 0.71 0.72 0.719 0.717 0.686 0.658 0.667 0.678 0.613 0.649 0.679 0.688 0.678 0.685 0.706 0.66 0.676 0.681 0.645 0.663 0.648 0.594 0.614 0.656 0.582 0.588 0.411 0.422 0.395 0.477 0.477 -9999 -9999 -9999 0.477 0.43 0.391 0.394 0.429 -9999 -9999 -9999 -9999 -9999 -9999 -9999 -9999 -9999 -9999 -9999 -9999 -9999 -9999 -9999 -9999 -9999 -9999 -9999 -9999 -9999 -9999 -9999 -9999
0.497 0.472 0.499 0.514 0.54 0.527 0.427 0.5 0.642 0.627 0.628 0.74 0.733 0.702 0.716 0.712 0.718 0.714 0.697 0.71 0.684 0.712 0.724 0.726 0.666 0.649 0.723 0.733 0.631 0.655 0.666 0.665 0.646 0.632 0.666 0.704 0.687 0.669 0.541 0.342 0.428 0.492 0.521 0.416 0.378 0.46 0.488 0.479 0.477 0.465 0.462 0.55 0.533 0.455 -9999 -9999 -9999 -9999 0.526 0.513 -9999 -9999 -9999 -9999 -9999 -9999 -9999 -9999 -9999 -9999 -9999 -9999 -9999 -9999 -9999 -9999 -9999
0.42 -0.3 0.433 0.457 0.512 0.461 0.518 0.628 0.684 0.72 0.688 0.746 0.728 0.718 0.695 0.698 0.707 0.72 0.711 0.701 0.687 0.712 0.673 0.604 0.656 0.661 0.661 0.695 0.678 0.694 0.673 0.707 0.638 0.663 0.668 0.67 0.646 0.605 0.511 0.601 0.503 0.593 0.644 0.363 0.353 0.408 0.448 0.417 0.502 0.461 0.479 0.63 0.665 0.542 -0.3 -9999 -9999 0.502 -9999 -9999 0.574 0.537 -9999 -9999 -9999 -9999 -9999 -9999 -9999 -9999 -9999 -9999 -9999 -9999 -9999 -9999 -9999
0.496 0.552 0.395 0.515 0.548 0.632 0.677 0.705 0.705 0.72 0.739 0.702 0.697 0.729 0.698 0.651 0.684 0.672 0.681 0.691 0.71 0.611 0.527 0.617 0.639 0.646 0.706 0.678 0.686 0.652 0.688 0.695 0.615 0.616 0.581 0.63 0.474 0.578 0.677 0.638 0.609 0.522 0.389 0.671 0.572 0.707 0.606 0.619 0.66 0.695 0.705 0.711 0.655 0.273 0.344 0.547 0.538 0.532 -9999 -0.3 -9999 -9999 0.46 -9999 -9999 -9999 -9999 -9999 -9999 -9999 -9999 -9999 -9999 -9999 -9999 -9999 -9999
0.461 0.456 0.484 0.565 0.689 0.661 0.683 0.618 0.708 0.713 0.721 0.726 0.709 0.71 0.707 0.686 0.715 0.696 0.667 0.652 0.563 0.567 0.605 0.663 0.674 0.66 0.624 0.671 0.685 0.652 0.676 0.695 0.692 0.6 0.572 0.512 0.626 0.717 0.712 0.595 0.535 0.506 0.517 0.678 0.661 0.655 0.566 0.479 0.654 0.689 0.703 0.692 0.59 0.431 0.448 0.532 0.712 0.671 0.493 -9999 -9999 -0.3 -9999 -9999 -9999 -9999 -9999 -9999 -9999 -9999 -9999 -9999 -9999 -9999 -9999 -9999 -9999
0.3 0.517 0.599 0.633 0.677 0.673 0.67 0.695 0.741 0.76 0.722 0.703 0.717 0.709 0.707 0.723 0.725 0.705 0.688 0.689 0.61 0.516 0.604 0.693 0.643 0.668 0.626 0.685 0.656 -0.3 0.673 0.724 0.734 0.655 0.574 0.7 0.744 0.741 0.666 0.555 0.459 0.525 0.635 0.703 0.663 0.671 0.615 0.661 0.728 0.719 0.717 0.66 0.625 0.567 0.675 0.684 0.555 -9999 -9999 -9999 -9999 -9999 -9999 -9999 -9999 -9999 -9999 -9999 -9999 -9999 -9999 -9999 -9999 -9999 -9999 -9999 -9999
0.193 0.547 0.662 0.678 0.67 0.675 0.619 0.733 0.743 0.797 0.728 0.694 0.726 0.733 0.756 0.745 0.729 0.742 0.742 0.694 0.654 0.663 0.69 0.726 0.698 0.666 0.657 0.688 0.569 0.588 0.658 0.715 0.73 0.604 0.66 0.734 0.739 0.716 0.673 0.637 0.483 0.584 0.637 0.723 0.688 0.584 0.508 0.517 0.64 0.752 0.708 0.739 0.674 0.689 0.677 0.696 0.461 0.384 -9999 -9999 -9999 -9999 -9999 -9999 -9999 -9999 -9999 -9999 -9999 -9999 -9999 -9999 -9999 -9999 -9999 -9999 -9999
0.441 0.536 0.567 0.632 0.705 0.585 0.592 0.667 0.725 0.79 0.718 0.725 0.759 0.713 0.722 0.804 0.749 0.726 0.797 0.751 0.704 0.725 0.723 0.706 0.654 0.658 0.653 0.705 0.736 0.664 0.68 0.674 0.609 0.605 0.695 0.706 0.705 0.654 0.624 0.528 0.633 0.6 0.65 0.72 0.659 0.579 0.512 0.502 0.631 0.709 0.701 0.696 0.681 -9999 -9999 0.544 -9999 0.676 -9999 -9999 -9999 -9999 -9999 -9999 -9999 -9999 -9999 -9999 -9999 -9999 -9999 -9999 -9999 -9999 -9999 -9999 -9999
0.398 0.612 0.64 0.461 0.471 0.49 0.474 0.476 0.686 0.653 0.571 0.632 0.688 0.723 0.723 0.725 0.678 0.736 0.661 0.673 0.727 0.73 0.667 0.647 0.669 0.639 0.676 0.701 0.709 0.669 0.557 0.7 0.665 0.615 0.676 0.613 0.566 0.679 0.478 0.413 0.563 0.651 0.597 0.633 0.685 0.692 0.6 0.615 0.685 0.654 0.718 0.737 0.723 -9999 0.734 0.684 0.631 0.673 -9999 -9999 -9999 -9999 -9999 -9999 -9999 -9999 -9999 -9999 -9999 -9999 -9999 -9999 -9999 -9999 -9999 -9999 -9999
0.461 0.589 0.553 0.472 0.467 0.442 0.526 0.614 0.645 0.583 0.461 0.644 0.678 0.668 0.716 0.705 0.646 0.644 0.712 0.726 0.729 0.721 0.651 0.68 0.708 0.713 0.731 0.708 0.607 0.627 0.616 0.584 0.539 0.554 0.603 0.63 0.658 0.614 0.391 0.475 0.436 0.478 0.479 0.645 0.665 0.687 0.603 0.586 0.719 0.744 0.745 0.718 0.655 0.628 0.618 0.618 0.517 0.648 -0.3 -9999 -9999 -9999 -9999 -9999 -9999 -9999 -9999 -9999 -9999 -9999 -9999 -9999 -9999 -9999 -9999 -9999 -9999
-0.02 0.189 0.373 0.218 0.253 0.419 0.517 0.508 0.527 0.612 0.695 0.658 0.672 0.706 0.732 0.657 0.702 0.655 0.682 0.681 0.689 0.69 0.636 0.682 0.777 0.727 0.722 0.719 0.692 0.572 0.543 0.474 0.471 0.595 0.67 0.615 0.522 0.46 0.54 0.611 0.571 0.558 0.566 0.712 0.693 0.645 0.695 0.588 0.64 0.687 0.69 0.619 0.626 0.389 -9999 0.488 0.483 0.565 -9999 -9999 -9999 -9999 -9999 -9999 -9999 -9999 -9999 -9999 -9999 -9999 -9999 -9999 -9999 -9999 -9999 -9999 -9999
-0.03 0.041 0.199 0.407 0.431 0.42 0.503 0.528 0.647 0.669 0.651 0.604 0.633 0.697 0.759 0.705 0.64 0.672 0.731 0.709 0.689 0.65 0.615 0.7 0.673 0.731 0.732 0.676 0.537 0.513 0.502 0.476 0.435 0.441 0.393 0.398 0.515 0.615 0.612 0.694 0.534 0.537 0.632 0.677 0.698 0.717 0.59 0.557 0.49 0.554 0.66 0.64 0.583 0.328 0.401 -9999 -9999 -9999 -9999 -9999 -9999 -9999 -9999 -9999 -9999 -9999 -9999 -9999 -9999 -9999 -9999 -9999 -9999 -9999 -9999 -9999 -9999
0.346 0.273 0.289 0.464 0.449 0.409 0.468 0.477 0.556 0.537 0.548 0.557 0.613 0.685 0.657 0.614 0.671 0.694 0.679 0.712 0.666 0.663 0.641 0.639 0.606 0.665 0.64 0.562 0.516 0.487 0.406 0.503 0.512 0.479 0.395 0.463 0.592 0.665 0.65 0.591 0.517 0.584 0.591 0.706 0.721 0.679 0.66 0.64 0.621 0.607 0.602 0.615 0.616 0.59 0.522 -9999 -9999 -9999 -9999 -9999 -9999 -9999 -9999 -9999 -9999 -9999 -9999 -9999 -9999 -9999 -9999 -9999 -9999 -9999 -9999 -9999 -9999
0.468 0.5 0.529 0.413 0.466 0.502 0.416 0.448 0.484 0.543 0.563 0.496 0.489 0.627 0.623 0.749 0.754 0.717 0.72 0.696 0.711 0.679 0.572 0.602 0.616 0.609 0.474 0.473 0.613 0.683 0.615 0.677 0.704 0.713 0.704 0.59 0.513 0.503 0.45 0.515 0.578 0.682 0.657 0.725 0.717 0.606 0.513 0.503 0.538 0.612 0.52 0.649 0.708 0.627 -9999 -9999 -9999 -9999 -9999 -9999 -9999 -9999 -9999 -9999 -9999 -9999 -9999 -9999 -9999 -9999 -9999 -9999 -9999 -9999 -9999 -9999 -9999
0.491 0.491 0.469 0.425 0.484 0.488 0.428 0.464 0.566 0.584 0.619 0.557 0.585 0.623 0.668 0.688 0.734 0.739 0.658 0.703 0.682 0.531 0.549 0.625 0.551 0.541 0.577 0.594 0.711 0.668 0.636 0.698 0.695 0.723 0.658 0.606 0.641 0.685 0.584 0.605 0.558 0.6 0.726 0.634 0.559 0.57 0.602 0.613 0.712 0.558 0.576 0.645 0.703 0.552 0.534 -9999 -9999 -9999 -9999 -9999 -9999 -9999 -9999 -9999 -9999 -9999 -9999 -9999 -9999 -9999 -9999 -9999 -9999 -9999 -9999 -9999 -9999
0.505 0.391 0.402 0.457 0.488 0.464 0.499 0.56 0.515 0.613 0.669 0.637 0.647 0.685 0.693 0.736 0.655 0.582 0.632 0.582 0.552 0.506 0.542 0.505 0.475 0.626 0.685 0.667 0.702 0.689 0.68 0.664 0.646 0.682 0.586 0.67 0.683 0.714 0.567 0.559 0.632 0.717 0.699 0.626 0.655 0.643 0.658 0.714 0.703 0.672 0.637 0.551 0.553 -0.3 -9999 -9999 -9999 -9999 -9999 -9999 -9999 -9999 -9999 -9999 -9999 -9999 -9999 -9999 -9999 -9999 -9999 -9999 -9999 -9999 -9999 -9999 -9999
0.509 0.4 0.457 0.401 0.439 0.453 0.548 0.605 0.641 0.555 0.711 0.8 0.702 0.636 0.706 0.596 0.621 0.636 0.563 0.505 0.495 0.573 0.56 0.522 0.576 0.614 0.714 0.683 0.621 0.726 0.697 0.613 0.598 0.662 0.613 0.726 0.722 0.656 0.618 0.58 0.64 0.648 0.644 0.785 0.723 0.748 0.712 0.739 0.609 0.581 0.564 0.585 0.553 -0.3 -9999 -9999 -9999 -9999 -9999 -9999 -9999 -9999 -9999 -9999 -9999 -9999 -9999 -9999 -9999 -9999 -9999 -9999 -9999 -9999 -9999 -9999 -9999
0.407 0.467 0.473 0.367 0.441 0.494 0.526 0.561 0.597 0.659 0.624 0.618 0.567 0.599 0.646 0.595 0.612 0.579 0.517 0.476 0.558 0.572 0.579 0.581 0.668 0.695 0.797 0.724 0.65 0.652 0.676 0.656 0.595 0.693 0.663 0.678 0.632 0.627 0.656 0.674 0.676 0.707 0.696 0.808 0.761 0.737 0.768 0.692 0.643 0.681 0.638 0.561 0.492 0.418 -9999 -9999 -9999 -0.3 -9999 -9999 -9999 -9999 -9999 -9999 -9999 -9999 -9999 -9999 -9999 -9999 -9999 -9999 -9999 -9999 -9999 -9999 -9999
0.413 0.431 0.488 0.548 0.572 0.634 0.537 0.454 0.444 0.407 0.406 0.43 0.426 0.417 0.446 0.428 0.443 0.469 0.47 0.457 0.471 0.491 0.451 0.714 0.711 0.729 0.696 0.774 0.708 0.737 0.715 0.676 0.717 0.646 0.664 0.655 0.533 0.575 0.676 0.634 0.659 0.706 0.691 0.727 0.777 0.659 0.639 0.701 0.704 0.629 0.49 0.604 0.509 0.465 -9999 -9999 -9999 -9999 -9999 -9999 -9999 -9999 -9999 -9999 -9999 -9999 -9999 -9999 -9999 -9999 -9999 -9999 -9999 -9999 -9999 -9999 -9999
0.471 0.517 0.496 0.571 0.531 0.547 0.498 0.456 0.42 0.418 0.401 0.455 0.542 0.524 0.496 0.441 0.44 0.509 0.528 0.55 0.571 0.502 0.608 0.718 0.765 0.792 0.772 0.764 0.736 0.729 0.711 0.718 0.706 0.718 0.695 0.594 0.608 0.649 0.644 0.631 0.567 0.683 0.697 0.618 0.673 0.644 0.631 0.778 0.609 0.446 -9999 0.568 0.636 -9999 0.456 -9999 -9999 -9999 -9999 -9999 -9999 -9999 -9999 -9999 -9999 -9999 -9999 -9999 -9999 -9999 -9999 -9999 -9999 -9999 -9999 -9999 -9999
0.475 0.533 0.508 0.48 0.554 0.592 0.513 0.485 0.451 0.453 0.462 0.559 0.638 0.59 0.661 0.55 0.543 0.637 0.598 0.72 0.742 0.713 0.682 0.654 0.695 0.769 0.781 0.769 0.731 0.734 0.724 0.716 0.706 0.683 0.66 0.704 0.714 0.785 0.702 0.69 0.615 0.616 0.613 0.625 0.688 0.605 0.604 0.643 0.497 -9999 -9999 0.492 -9999 -9999 -9999 -9999 -9999 -9999 -9999 -9999 -9999 -9999 -9999 -9999 -9999 -9999 -9999 -9999 -9999 -9999 -9999 -9999 -9999 -9999 -9999 -9999 -9999
0.539 0.526 0.47 0.528 0.659 0.643 0.535 0.59 0.616 0.593 0.559 0.638 0.713 0.63 0.643 0.628 0.563 0.619 0.65 0.766 0.829 0.81 0.766 0.641 0.668 0.773 0.785 0.79 0.724 0.706 0.659 0.646 0.692 0.609 0.646 0.769 0.793 0.768 0.623 0.645 0.647 0.518 0.55 0.509 0.635 0.573 0.652 0.587 -9999 -9999 0.541 -9999 -9999 -9999 -9999 -9999 -9999 -9999 -9999 -9999 -9999 -9999 -9999 -9999 -9999 -9999 -9999 -9999 -9999 -9999 -9999 -9999 -9999 -9999 -9999 -9999 -9999
0.593 0.481 0.475 0.497 0.546 0.573 0.583 0.603 0.639 0.683 0.654 0.674 0.686 0.676 0.68 0.761 0.625 0.681 0.833 0.807 0.826 0.786 0.744 0.611 0.649 0.72 0.769 0.769 0.654 0.588 0.667 0.675 0.694 0.674 0.713 0.732 0.717 0.697 0.679 0.714 0.641 0.631 0.636 0.559 0.446 0.472 0.58 0.446 -9999 -9999 -9999 -9999 -9999 -9999 -9999 -9999 -9999 -9999 -9999 -9999 -9999 -9999 -9999 -9999 -9999 -9999 -9999 -9999 -9999 -9999 -9999 -9999 -9999 -9999 -9999 -9999 -9999
0.484 0.492 0.485 0.447 0.435 0.488 0.626 0.649 0.723 0.708 0.707 0.73 0.708 0.69 0.687 0.757 0.783 0.737 0.71 0.646 0.667 0.669 0.603 0.609 0.619 0.677 0.689 0.703 0.708 0.731 0.765 0.677 0.63 0.675 0.67 0.717 0.719 0.691 0.63 0.638 0.687 0.703 0.638 0.575 0.588 0.551 0.429 -9999 -9999 -9999 -9999 -9999 -9999 -9999 -9999 -9999 -9999 -9999 -9999 -9999 -9999 -9999 -9999 -9999 -9999 -9999 -9999 -9999 -9999 -9999 -9999 -9999 -9999 -9999 -9999 -9999 -9999
0.483 0.524 0.511 0.489 0.412 0.486 0.644 0.704 0.663 0.685 0.738 0.738 0.704 0.723 0.768 0.802 0.789 0.723 0.643 0.662 0.703 0.7 0.677 0.672 0.742 0.718 0.69 0.694 0.764 0.765 0.813 0.712 0.698 0.712 0.719 0.712 0.767 0.7 0.621 0.585 0.64 0.619 0.635 0.442 0.45 0.404 -9999 -9999 -9999 -9999 -9999 -9999 -9999 -9999 -9999 -9999 -9999 -9999 -9999 -9999 -9999 -9999 -9999 -9999 -9999 -9999 -9999 -9999 -9999 -9999 -9999 -9999 -9999 -9999 -9999 -9999 -9999
0.628 0.577 0.587 0.597 0.496 0.637 0.663 0.713 0.656 0.658 0.732 0.696 0.642 0.808 0.797 0.8 0.763 0.706 0.616 0.695 0.713 0.72 0.577 0.669 0.7 0.677 0.656 0.705 0.789 0.724 0.789 0.695 0.691 0.732 0.734 0.736 0.669 0.681 0.607 0.638 0.645 0.631 0.588 0.564 0.514 -9999 -9999 -9999 -9999 -9999 -9999 -9999 -9999 -9999 -9999 -9999 -9999 -9999 -9999 -9999 -9999 -9999 -9999 -9999 -9999 -9999 -9999 -9999 -9999 -9999 -9999 -9999 -9999 -9999 -9999 -9999 -9999
0.681 0.654 0.629 0.668 0.469 0.597 0.739 0.763 0.68 0.678 0.674 0.627 0.584 0.801 0.742 0.755 0.678 0.663 0.703 0.711 0.656 0.706 0.662 0.704 0.68 0.65 0.718 0.61 0.618 0.709 0.72 0.691 0.715 0.682 0.709 0.696 0.633 0.639 0.666 0.696 0.64 0.55 0.558 0.542 0.62 -9999 -9999 -9999 -9999 -9999 -9999 -9999 -9999 -9999 -9999 -9999 -9999 -9999 -9999 -9999 -9999 -9999 -9999 -9999 -9999 -9999 -9999 -9999 -9999 -9999 -9999 -9999 -9999 -9999 -9999 -9999 -9999
0.616 0.659 0.68 0.704 0.452 0.617 0.73 0.697 0.708 0.681 0.632 0.596 0.59 0.774 0.68 0.724 0.693 0.676 0.637 0.652 0.661 0.724 0.706 0.671 0.7 0.669 0.609 0.703 0.684 0.777 0.709 0.686 0.723 0.685 0.744 0.641 0.64 0.639 0.694 0.729 0.671 0.649 0.579 0.432 -0.3 -9999 -9999 -9999 -9999 -9999 -9999 -9999 -9999 -9999 -9999 -9999 -9999 -9999 -9999 -9999 -9999 -9999 -9999 -9999 -9999 -9999 -9999 -9999 -9999 -9999 -9999 -9999 -9999 -9999 -9999 -9999 -9999
0.63 0.675 0.642 0.534 0.524 0.574 0.621 0.602 0.663 0.699 0.702 0.736 0.703 0.637 0.712 0.67 0.654 0.651 0.625 0.58 0.698 0.665 0.755 0.657 0.713 0.665 0.637 0.583 0.696 0.703 0.703 0.633 0.608 0.625 0.686 0.708 0.666 0.589 0.642 0.672 0.634 0.652 0.621 0.599 -0.3 -9999 -9999 -9999 -9999 -9999 -9999 -9999 -9999 -9999 -9999 -9999 -9999 -9999 -9999 -9999 -9999 -9999 -9999 -9999 -9999 -9999 -9999 -9999 -9999 -9999 -9999 -9999 -9999 -9999 -9999 -9999 -9999
0.668 0.687 0.704 0.488 0.536 0.663 0.619 0.571 0.634 0.678 0.702 0.698 0.68 0.645 0.653 0.703 0.694 0.721 0.668 0.575 0.708 0.704 0.712 0.695 0.738 0.65 0.645 0.662 0.703 0.661 0.655 0.653 0.687 0.648 0.682 0.646 0.634 0.659 0.696 0.691 0.609 -9999 0.645 -0.3 -9999 -9999 -9999 -9999 -9999 -9999 -9999 -9999 -9999 -9999 -9999 -9999 -9999 -9999 -9999 -9999 -9999 -9999 -9999 -9999 -9999 -9999 -9999 -9999 -9999 -9999 -9999 -9999 -9999 -9999 -9999 -9999 -9999
0.703 0.708 0.699 0.444 0.551 0.674 0.656 0.607 0.69 0.699 0.721 0.665 0.675 0.685 0.656 0.667 0.781 0.735 0.663 0.647 0.623 0.672 0.663 0.703 0.616 0.618 0.611 0.674 0.664 0.678 0.643 0.647 0.68 0.641 0.637 0.626 0.619 0.632 0.716 0.7 0.632 0.651 0.605 -0.3 -9999 -9999 -9999 -9999 -9999 -9999 -9999 -9999 -9999 -9999 -9999 -9999 -9999 -9999 -9999 -9999 -9999 -9999 -9999 -9999 -9999 -9999 -9999 -9999 -9999 -9999 -9999 -9999 -9999 -9999 -9999 -9999 -9999
0.674 0.671 0.705 0.51 0.581 0.659 0.678 0.66 0.726 0.733 0.714 0.635 0.709 0.719 0.655 0.66 0.78 0.687 0.691 0.617 0.626 0.625 0.615 0.606 0.603 0.643 0.645 0.653 0.646 0.678 0.72 0.593 0.672 0.646 0.591 0.656 0.699 0.67 0.705 0.704 0.69 0.688 -9999 -9999 -9999 -9999 -9999 -9999 -9999 -9999 -9999 -9999 -9999 -9999 -9999 -9999 -9999 -9999 -9999 -9999 -9999 -9999 -9999 -9999 -9999 -9999 -9999 -9999 -9999 -9999 -9999 -9999 -9999 -9999 -9999 -9999 -9999
0.718 0.69 0.626 0.597 0.523 0.64 0.706 0.716 0.752 0.71 0.671 0.659 0.712 0.692 0.678 0.677 0.734 0.693 0.71 0.675 0.668 0.612 0.659 0.662 0.678 0.692 0.768 0.687 0.688 0.707 0.683 0.68 0.694 0.618 0.589 0.623 0.695 0.692 0.771 0.708 0.67 -9999 -9999 -9999 -9999 -9999 -9999 -9999 -9999 -9999 -9999 -9999 -9999 -9999 -9999 -9999 -9999 -9999 -9999 -9999 -9999 -9999 -9999 -9999 -9999 -9999 -9999 -9999 -9999 -9999 -9999 -9999 -9999 -9999 -9999 -9999 -9999
