data/china_ndvi_max_1992.asc
ncols         710
nrows         510
xllcorner     70
yllcorner     10
cellsize      0.1
NODATA_value  -9999
[rows 170 to 203 of 510, columns 539 to 615 of 710]
0.362 0.406 0.425 0.43 0.401 0.405 0.426 0.428 0.44 0.439 0.438 0.447 0.426 0.328 0.186 0.165 0.395 0.499 0.512 0.28 0.422 0.462 0.419 0.42 0.446 0.426 0.252 0.346 0.514 0.545 0.581 0.604 0.606 0.559 0.428 0.436 0.501 0.524 0.611 0.595 0.602 0.582 0.615 0.606 0.615 0.587 0.611 0.588 0.597 0.579 0.61 0.599 0.632 0.66 0.604 0.604 0.607 0.631 0.612 0.581 0.541 0.642 0.599 0.589 0.587 0.603 0.619 0.603 0.566 0.557 0.595 0.566 0.497 0.513 -9999 -9999 -9999
0.349 0.402 0.4 0.399 0.406 0.413 0.419 0.423 0.444 0.452 0.438 0.434 0.406 0.352 0.32 0.325 0.426 0.399 0.445 0.305 0.407 0.43 0.429 0.469 0.529 0.559 0.318 0.389 0.541 0.559 0.53 0.579 0.579 0.536 0.439 0.468 0.487 0.537 0.578 0.615 0.608 0.541 0.529 0.533 0.533 0.5 0.507 0.554 0.543 0.445 0.341 0.55 0.58 0.629 0.656 0.592 0.576 0.584 0.602 0.586 0.533 0.627 0.669 0.571 0.405 0.493 0.585 0.593 0.571 0.573 0.598 0.577 0.631 0.587 -9999 -9999 -9999
0.39 0.413 0.414 0.387 0.394 0.419 0.428 0.451 0.44 0.437 0.425 0.416 0.415 0.433 0.419 0.289 0.422 0.436 0.401 0.426 0.42 0.427 0.521 0.547 0.537 0.542 0.468 0.512 0.537 0.515 0.547 0.567 0.596 0.532 0.378 0.381 0.506 0.591 0.561 0.603 0.612 0.579 0.497 0.454 0.484 0.468 0.512 0.504 0.523 0.558 0.589 0.618 0.628 0.64 0.633 0.609 0.519 0.572 0.538 0.57 0.577 0.633 0.642 0.572 0.39 0.506 0.592 0.606 0.615 0.565 0.471 0.599 0.622 0.612 -9999 -9999 -9999
0.411 0.401 0.389 0.407 0.41 0.419 0.446 0.457 0.45 0.421 0.402 0.411 0.423 0.416 0.421 0.333 0.41 0.416 0.427 0.437 0.374 0.542 0.546 0.57 0.541 0.49 0.537 0.614 0.537 0.443 0.545 0.551 0.61 0.488 0.41 0.437 0.529 0.594 0.531 0.577 0.628 0.601 0.559 0.441 0.443 0.45 0.528 0.637 0.635 0.632 0.656 0.657 0.67 0.642 0.629 0.654 0.588 0.489 0.535 0.597 0.635 0.598 0.644 0.645 0.557 0.584 0.598 0.589 0.618 0.562 0.556 0.588 0.604 0.604 -9999 -9999 -9999
0.415 0.397 0.387 0.414 0.43 0.436 0.437 0.43 0.425 0.399 0.41 0.417 0.478 0.521 0.419 0.426 0.434 0.402 0.358 0.403 0.416 0.537 0.478 0.509 0.536 0.531 0.579 0.596 0.524 0.581 0.531 0.601 0.552 0.367 0.511 0.531 0.477 0.607 0.593 0.537 0.557 0.464 0.566 0.52 0.459 0.415 0.501 0.614 0.641 0.659 0.645 0.669 0.66 0.656 0.661 0.631 0.606 0.505 0.547 0.62 0.58 0.657 0.645 0.657 0.637 0.605 0.577 0.544 0.553 0.586 0.628 0.59 0.684 0.631 -9999 -9999 -9999
0.395 0.4 0.419 0.432 0.422 0.424 0.431 0.429 0.41 0.419 0.435 0.46 0.401 0.397 0.389 0.401 0.443 0.411 0.447 0.481 0.476 0.468 0.522 0.536 0.581 0.555 0.531 0.589 0.602 0.523 0.51 0.519 0.462 0.557 0.549 0.627 0.627 0.654 0.625 0.621 0.619 0.483 0.45 0.36 0.391 0.402 0.551 0.577 0.525 0.575 0.622 0.63 0.655 0.653 0.699 0.563 0.575 0.582 0.561 0.609 0.618 0.589 0.657 0.65 0.691 0.66 0.57 0.609 0.627 0.632 0.634 0.658 0.649 0.638 0.658 -9999 -9999
0.387 0.434 0.426 0.425 0.4 0.415 0.404 0.416 0.424 0.426 0.396 0.441 0.414 0.428 0.419 0.424 0.493 0.446 0.45 0.448 0.497 0.423 0.561 0.512 0.574 0.529 0.565 0.497 0.531 0.554 0.5 0.544 0.452 0.433 0.487 0.494 0.6 0.617 0.661 0.655 0.591 0.507 0.464 0.452 0.472 0.48 0.481 0.508 0.547 0.604 0.618 0.614 0.634 0.655 0.604 0.615 0.553 0.517 0.558 0.502 0.592 0.621 0.637 0.609 0.632 0.656 0.603 0.621 0.593 0.637 0.665 0.622 0.615 0.592 -9999 -9999 -9999
0.411 0.416 0.427 0.42 0.398 0.327 0.439 0.448 0.487 0.431 0.353 0.448 0.421 0.445 0.514 0.518 0.511 0.511 0.513 0.505 0.435 0.402 0.449 0.535 0.559 0.549 0.48 0.46 0.477 0.504 0.465 0.447 0.45 0.528 0.579 0.583 0.594 0.636 0.601 0.642 0.599 0.576 0.524 0.566 0.57 0.558 0.558 0.615 0.573 0.549 0.615 0.635 0.645 0.589 0.614 0.608 0.601 0.556 0.597 0.543 0.613 0.619 0.629 0.623 0.654 0.626 0.663 0.688 0.658 0.666 0.677 0.575 0.607 0.624 -9999 -9999 -9999
0.4 0.425 0.422 0.429 0.41 0.354 0.496 0.544 0.497 0.418 -0.3 0.427 0.445 0.473 0.439 0.497 0.469 0.472 0.479 0.505 0.553 0.508 0.513 0.446 0.512 0.538 0.508 0.498 0.52 0.43 0.44 0.458 0.48 0.524 0.574 0.62 0.605 0.578 0.613 0.592 0.59 0.59 0.641 0.627 0.642 0.657 0.647 0.622 0.629 0.605 0.55 0.594 0.616 0.608 0.61 0.639 0.599 0.624 0.6 0.587 0.648 0.64 0.654 0.632 0.657 0.621 0.634 0.613 0.648 0.664 0.652 0.611 0.667 -9999 -9999 -9999 -9999
0.435 0.426 0.426 0.438 0.423 0.423 0.522 0.518 0.488 0.463 0.43 0.424 0.444 0.46 0.433 0.47 0.507 0.518 0.467 0.51 0.557 0.502 0.457 0.471 0.509 0.494 0.503 0.537 0.483 0.419 0.432 0.482 0.522 0.57 0.606 0.625 0.621 0.591 0.581 0.587 0.588 0.586 0.679 0.669 0.605 0.617 0.639 0.615 0.604 0.58 0.602 0.574 0.614 0.605 0.59 0.61 0.55 0.604 0.547 0.549 -9999 0.608 0.619 0.624 0.636 0.648 0.646 0.644 0.63 0.67 0.672 0.649 0.66 -9999 -9999 -9999 -9999
0.424 0.416 0.392 0.405 0.486 0.507 0.528 0.533 0.529 0.469 0.42 0.433 0.362 0.387 0.456 0.424 0.476 0.434 0.411 0.436 0.444 0.477 0.433 0.459 0.456 0.457 0.436 0.44 0.463 0.517 0.553 0.589 0.61 0.568 0.554 0.575 0.611 0.607 0.634 0.624 0.609 0.527 0.613 0.575 0.506 0.487 0.629 0.641 0.64 0.624 0.665 0.604 0.567 0.477 0.452 0.386 0.39 0.521 0.611 0.524 -9999 -9999 -9999 -9999 0.407 0.279 0.546 0.637 0.641 0.651 0.638 0.669 -9999 -9999 -9999 -9999 -9999
0.429 0.386 0.391 0.495 0.525 0.493 0.546 0.466 0.519 0.525 0.497 0.468 0.478 0.436 0.466 0.468 0.446 0.443 0.428 0.431 0.422 0.428 0.433 0.47 0.457 0.472 0.487 0.52 0.513 0.567 0.587 0.588 0.574 0.547 0.566 0.601 0.634 0.614 0.588 0.536 0.574 0.588 0.579 0.555 0.575 0.62 0.629 0.635 0.694 0.625 0.708 0.649 0.502 0.487 0.469 0.467 0.454 0.518 0.579 0.492 -9999 -9999 -9999 -9999 0.402 0.416 0.598 -9999 -9999 -9999 -9999 -9999 -9999 -9999 -9999 -9999 -9999
0.425 0.417 0.44 0.499 0.487 0.519 0.492 0.534 0.462 0.451 0.52 0.507 0.482 0.464 0.457 0.422 0.389 0.437 0.435 0.453 0.396 0.44 0.422 0.455 0.489 0.5 0.54 0.578 0.584 0.623 0.581 0.578 0.58 0.57 0.577 0.607 0.591 0.608 0.611 0.63 0.591 0.554 0.525 0.498 0.501 0.524 0.606 0.674 0.644 0.733 0.66 0.562 0.446 0.436 0.504 0.571 0.488 0.452 0.535 -9999 -9999 -9999 -9999 -9999 0.552 0.636 -9999 -9999 -9999 -9999 -9999 -9999 -9999 -9999 -9999 -9999 -9999
0.427 0.405 0.403 0.461 0.562 0.564 0.545 0.476 0.574 0.518 0.499 0.508 0.44 0.428 0.431 0.455 0.427 0.454 0.439 0.412 0.389 0.436 0.416 0.464 0.417 0.472 0.535 0.558 0.59 0.578 0.566 0.584 0.497 0.541 0.561 0.599 0.589 0.612 0.63 0.612 0.639 0.552 0.515 0.535 0.447 0.434 0.646 0.607 0.669 0.637 0.613 0.534 0.516 0.629 0.629 0.633 0.59 0.585 0.629 -9999 -9999 -9999 -9999 -9999 -9999 -9999 -9999 0.531 -9999 -9999 -9999 -9999 -9999 -9999 -9999 -9999 -9999
0.426 0.376 0.395 0.433 0.565 0.527 0.5 0.513 0.524 0.548 0.528 0.579 0.495 0.464 0.466 0.416 0.442 0.412 0.379 0.427 0.447 0.45 0.429 0.462 0.421 0.527 0.525 0.577 0.59 0.576 0.603 0.527 0.513 0.562 0.523 0.547 0.6 0.613 0.571 0.614 0.627 0.578 0.605 0.554 0.488 0.423 0.606 0.618 0.639 0.624 0.6 0.544 0.549 0.667 0.646 0.612 0.655 0.652 0.648 -9999 -9999 -9999 -9999 -9999 -9999 -9999 -9999 -9999 -9999 -9999 -9999 -9999 -9999 -9999 -9999 -9999 -9999
0.423 0.499 0.5 0.527 0.563 0.604 0.519 0.47 0.504 0.522 0.489 0.576 0.559 0.576 0.516 0.464 0.439 0.463 0.469 0.448 0.446 0.525 0.465 0.481 0.521 0.511 0.584 0.562 0.531 0.432 0.557 0.502 0.574 0.565 0.495 0.544 0.517 0.582 0.589 0.59 0.576 0.67 0.628 0.578 0.599 0.597 0.638 0.625 0.632 0.63 0.664 0.572 0.681 0.661 -9999 -9999 0.572 -9999 -9999 -9999 -9999 -9999 -9999 -9999 -9999 -9999 -9999 -9999 -9999 -9999 -9999 -9999 -9999 -9999 -9999 -9999 -9999
0.356 0.501 0.509 0.51 0.528 0.524 0.538 0.536 0.543 0.575 0.585 0.548 0.574 0.502 0.481 0.454 0.492 0.58 0.463 0.462 0.54 0.48 0.44 0.507 0.53 0.58 0.602 0.619 0.593 0.615 0.59 0.507 0.524 0.497 0.486 0.506 0.538 0.566 0.57 0.535 0.534 0.605 0.625 0.595 0.569 0.598 0.615 0.659 0.662 0.612 0.66 0.62 0.615 0.549 -9999 -9999 -9999 -9999 -9999 -9999 -9999 -9999 -9999 -9999 -9999 -9999 -9999 -9999 -9999 -9999 -9999 -9999 -9999 -9999 -9999 -9999 -9999
0.45 0.442 0.504 0.54 0.551 0.544 0.592 0.603 0.576 0.604 0.595 0.529 0.524 0.525 0.467 0.502 0.561 0.469 0.532 0.583 0.516 0.436 0.498 0.514 0.531 0.597 0.597 0.604 0.596 0.622 0.566 0.616 0.618 0.572 0.498 0.516 0.531 0.589 0.62 0.603 0.598 0.636 0.665 0.614 0.53 0.577 0.613 0.633 0.612 0.605 0.568 0.607 0.604 -9999 -9999 -9999 -9999 -9999 -9999 -9999 -9999 -9999 -9999 -9999 -9999 -9999 -9999 -9999 -9999 -9999 -9999 -9999 -9999 -9999 -9999 -9999 -9999
0.456 0.528 0.466 0.559 0.49 0.56 0.592 0.597 0.61 0.607 0.549 0.555 0.546 0.548 0.489 0.564 0.523 0.572 0.556 0.446 0.443 0.597 0.551 0.565 0.57 0.601 0.544 0.488 0.546 0.587 0.596 0.591 0.588 0.56 0.549 0.515 0.524 0.573 0.575 0.562 0.639 0.662 0.661 0.635 0.573 0.495 0.62 0.678 0.582 0.603 0.62 0.54 -9999 -9999 -9999 -9999 -9999 -9999 -9999 -9999 -9999 -9999 -9999 -9999 -9999 -9999 -9999 -9999 -9999 -9999 -9999 -9999 -9999 -9999 -9999 -9999 -9999
0.521 0.548 0.537 0.511 0.527 0.558 0.587 0.559 0.527 0.547 0.527 0.567 0.59 0.554 0.577 0.589 0.542 0.566 0.495 0.475 0.589 0.552 0.555 0.555 0.601 0.588 0.525 0.48 0.546 0.594 0.569 0.519 0.495 0.497 0.543 0.557 0.569 0.577 0.548 0.579 0.61 0.438 -9999 -9999 -9999 -9999 0.611 -9999 -9999 -9999 -9999 -9999 -9999 -9999 -9999 -9999 -9999 -9999 -9999 -9999 -9999 -9999 -9999 -9999 -9999 -9999 -9999 -9999 -9999 -9999 -9999 -9999 -9999 -9999 -9999 -9999 -9999
0.325 0.357 0.417 0.476 0.528 0.435 0.58 0.593 0.549 0.558 0.583 0.59 0.638 0.61 0.52 0.62 0.524 0.53 0.525 0.57 0.53 0.554 0.579 0.549 0.47 0.445 0.494 0.535 0.566 0.56 0.505 0.547 0.571 0.54 0.58 0.595 0.569 0.579 0.557 0.642 0.647 0.449 0.428 -9999 -9999 -9999 -9999 -9999 -9999 -9999 -9999 -9999 -9999 -9999 -9999 -9999 -9999 -9999 -9999 -9999 -9999 -9999 -9999 -9999 -9999 -9999 -9999 -9999 -9999 -9999 -9999 -9999 -9999 -9999 -9999 -9999 -9999
0.354 0.421 0.442 0.516 0.544 0.56 0.544 0.531 0.594 0.591 0.58 0.56 0.59 0.549 0.472 0.525 0.531 0.529 0.546 0.564 0.551 0.495 0.487 0.484 0.52 0.535 0.538 0.564 0.541 0.556 -9999 0.524 0.53 0.534 0.574 0.607 0.617 0.558 0.561 0.589 0.543 0.592 0.554 -9999 -9999 -9999 -9999 -9999 -9999 -9999 -9999 -9999 -9999 -9999 -9999 -9999 -9999 -9999 -9999 -9999 -9999 -9999 -9999 -9999 -9999 -9999 -9999 -9999 -9999 -9999 -9999 -9999 -9999 -9999 -9999 -9999 -9999
0.481 0.48 0.54 0.507 0.571 0.623 0.582 0.543 0.51 0.488 0.504 0.493 0.534 0.547 0.467 0.483 0.526 0.525 0.527 0.519 0.538 0.545 0.55 0.488 0.484 0.44 0.532 0.524 0.471 -9999 -9999 -9999 0.525 0.555 0.551 0.57 0.56 0.59 0.713 0.67 0.593 0.652 0.644 -9999 -9999 -9999 -9999 -9999 -9999 -9999 -9999 -9999 -9999 -9999 -9999 -9999 -9999 -9999 -9999 -9999 -9999 -9999 -9999 -9999 -9999 -9999 -9999 -9999 -9999 -9999 -9999 -9999 -9999 -9999 -9999 -9999 -9999
0.53 0.515 0.524 0.565 0.591 0.627 0.6 0.596 0.59 0.524 0.59 0.608 0.604 0.562 0.542 0.556 0.597 0.582 0.544 0.56 0.519 0.569 0.557 0.492 0.493 0.498 0.529 -9999 -9999 -9999 -9999 -9999 -9999 0.543 0.431 0.533 0.534 0.571 0.644 0.647 0.699 0.652 0.581 0.559 0.488 -9999 -9999 -9999 -9999 -9999 -9999 -9999 -9999 -9999 -9999 -9999 -9999 -9999 -9999 -9999 -9999 -9999 -9999 -9999 -9999 -9999 -9999 -9999 -9999 -9999 -9999 -9999 -9999 -9999 -9999 -9999 -9999
0.549 0.587 0.573 0.615 0.585 0.553 0.572 0.627 0.593 0.582 0.596 0.56 0.523 0.58 0.55 0.478 0.558 0.524 0.553 0.482 0.48 0.553 0.572 0.544 0.517 0.571 0.545 -9999 -9999 -9999 -9999 -9999 -9999 -9999 0.463 0.477 0.515 0.538 0.57 0.601 0.596 0.521 0.511 0.544 -9999 -9999 -9999 -9999 -9999 -9999 -9999 -9999 -9999 -9999 -9999 -9999 -9999 -9999 -9999 -9999 -9999 -9999 -9999 -9999 -9999 -9999 -9999 -9999 -9999 -9999 -9999 -9999 -9999 -9999 -9999 -9999 -9999
0.556 0.536 0.589 0.598 0.5 0.516 0.579 0.534 0.573 0.511 0.552 0.552 0.492 0.553 0.57 0.547 0.483 0.452 0.48 0.551 0.595 0.567 0.569 0.606 0.59 0.564 0.416 -9999 -9999 -9999 -9999 -9999 -9999 -9999 -9999 -9999 -9999 -9999 -9999 -9999 -9999 -9999 0.471 -9999 -9999 -9999 -9999 -9999 -9999 -9999 -9999 -9999 -9999 -9999 -9999 -9999 -9999 -9999 -9999 -9999 -9999 -9999 -9999 -9999 -9999 -9999 -9999 -9999 -9999 -9999 -9999 -9999 -9999 -9999 -9999 -9999 -9999
0.485 0.549 0.406 0.545 0.52 0.489 0.539 0.558 0.55 0.58 0.56 0.558 0.584 0.579 0.517 0.461 0.552 0.535 0.574 0.527 0.546 0.573 0.577 0.574 0.574 -9999 -9999 -9999 -9999 -9999 -9999 -9999 -9999 -9999 -9999 -9999 -9999 -9999 -9999 -9999 -9999 -9999 -9999 -9999 -9999 -9999 -9999 -9999 -9999 -9999 -9999 -9999 -9999 -9999 -9999 -9999 -9999 -9999 -9999 -9999 -9999 -9999 -9999 -9999 -9999 -9999 -9999 -9999 -9999 -9999 -9999 -9999 -9999 -9999 -9999 -9999 -9999
0.577 0.589 0.542 0.595 0.575 0.525 0.534 0.556 0.582 0.577 0.558 0.581 0.544 0.573 0.543 0.514 0.551 0.599 0.597 0.596 0.557 0.596 0.585 0.597 0.473 -9999 -9999 -9999 -9999 -9999 -9999 -9999 -9999 -9999 -9999 -9999 -9999 -9999 -9999 -9999 -9999 -9999 -9999 -9999 -9999 -9999 -9999 -9999 -9999 -9999 -9999 -9999 -9999 -9999 -9999 -9999 -9999 -9999 -9999 -9999 -9999 -9999 -9999 -9999 -9999 -9999 -9999 -9999 -9999 -9999 -9999 -9999 -9999 -9999 -9999 -9999 -9999
0.595 0.572 0.588 0.606 0.633 0.589 0.559 0.592 0.602 0.605 0.623 0.581 0.599 0.614 0.527 0.551 0.571 0.592 0.586 0.596 0.598 0.592 0.533 -9999 -9999 -9999 -9999 -9999 -9999 -9999 -9999 -9999 -9999 -9999 -9999 -9999 -9999 -9999 -9999 -9999 -9999 -9999 -9999 -9999 -9999 -9999 -9999 -9999 -9999 -9999 -9999 -9999 -9999 -9999 -9999 -9999 -9999 -9999 -9999 -9999 -9999 -9999 -9999 -9999 -9999 -9999 -9999 -9999 -9999 -9999 -9999 -9999 -9999 -9999 -9999 -9999 -9999
0.581 0.588 0.565 0.602 0.608 0.656 0.58 0.583 0.565 0.564 0.58 0.603 0.617 0.567 0.56 0.574 0.552 0.561 0.57 0.56 0.576 0.602 -9999 -9999 -9999 -9999 -9999 -9999 -9999 -9999 -9999 -9999 -9999 -9999 -9999 -9999 -9999 -9999 -9999 -9999 -9999 -9999 -9999 -9999 -9999 -9999 -9999 -9999 -9999 -9999 -9999 -9999 -9999 -9999 -9999 -9999 -9999 -9999 -9999 -9999 -9999 -9999 -9999 -9999 -9999 -9999 -9999 -9999 -9999 -9999 -9999 -9999 -9999 -9999 -9999 -9999 -9999
0.581 0.55 0.582 0.577 0.618 0.574 0.507 0.499 0.571 0.585 0.553 0.581 0.51 0.486 0.582 0.564 0.565 0.546 0.509 0.423 -9999 0.465 -9999 -9999 -9999 -9999 -9999 -9999 -9999 -9999 -9999 -9999 -9999 -9999 -9999 -9999 -9999 -9999 -9999 -9999 -9999 -9999 -9999 -9999 -9999 -9999 -9999 -9999 -9999 -9999 -9999 -9999 -9999 -9999 -9999 -9999 -9999 -9999 -9999 -9999 -9999 -9999 -9999 -9999 -9999 -9999 -9999 -9999 -9999 -9999 -9999 -9999 -9999 -9999 -9999 -9999 -9999
0.574 0.562 0.552 0.573 0.596 0.607 0.591 0.548 0.541 0.583 0.59 0.552 0.54 0.562 0.576 0.572 0.557 0.498 -9999 -9999 -9999 -9999 -9999 -9999 -9999 -9999 -9999 -9999 -9999 -9999 -9999 -9999 -9999 -9999 -9999 -9999 -9999 -9999 -9999 -9999 -9999 -9999 -9999 -9999 -9999 -9999 -9999 -9999 -9999 -9999 -9999 -9999 -9999 -9999 -9999 -9999 -9999 -9999 -9999 -9999 -9999 -9999 -9999 -9999 -9999 -9999 -9999 -9999 -9999 -9999 -9999 -9999 -9999 -9999 -9999 -9999 -9999
0.603 0.547 0.544 0.572 0.544 0.499 0.55 0.499 0.508 0.45 0.586 0.553 0.557 0.56 0.567 0.569 -9999 -9999 -9999 -9999 -9999 -9999 -9999 -9999 -9999 -9999 -9999 -9999 -9999 -9999 -9999 -9999 -9999 -9999 -9999 -9999 -9999 -9999 -9999 -9999 -9999 -9999 -9999 -9999 -9999 -9999 -9999 -9999 -9999 -9999 -9999 -9999 -9999 -9999 -9999 -9999 -9999 -9999 -9999 -9999 -9999 -9999 -9999 -9999 -9999 -9999 -9999 -9999 -9999 -9999 -9999 -9999 -9999 -9999 -9999 -9999 -9999
0.552 0.551 0.573 0.548 0.503 0.569 0.516 0.499 0.492 0.552 0.555 0.564 0.551 -9999 -9999 -9999 -9999 -9999 -9999 -9999 -9999 -9999 -9999 -9999 -9999 -9999 -9999 -9999 -9999 -9999 -9999 -9999 -9999 -9999 -9999 -9999 -9999 -9999 -9999 -9999 -9999 -9999 -9999 -9999 -9999 -9999 -9999 -9999 -9999 -9999 -9999 -9999 -9999 -9999 -9999 -9999 -9999 -9999 -9999 -9999 -9999 -9999 -9999 -9999 -9999 -9999 -9999 -9999 -9999 -9999 -9999 -9999 -9999 -9999 -9999 -9999 -9999
