data/china_ndvi_max_1988.asc
ncols         710
nrows         510
xllcorner     70
yllcorner     10
cellsize      0.1
NODATA_value  -9999
[rows 105 to 139 of 510, columns 462 to 538 of 710]
-9999 -9999 -9999 -9999 -9999 -9999 -9999 -9999 -9999 -9999 -9999 -9999 -9999 -9999 -9999 -9999 -9999 -9999 -9999 -9999 -9999 -9999 -9999 -9999 -9999 -9999 -9999 -9999 -9999 -9999 0.383 0.36 0.375 0.354 0.353 0.379 0.352 0.361 0.426 0.408 0.387 0.435 0.432 0.431 0.419 0.398 0.405 0.396 0.437 0.485 0.471 0.504 0.519 0.531 0.51 0.452 0.54 0.53 0.498 0.504 0.518 0.517 0.488 0.502 0.498 0.505 0.501 0.499 0.475 0.504 0.477 0.485 0.487 0.516 0.536 0.491 0.516
-9999 -9999 -9999 -9999 -9999 -9999 -9999 -9999 -9999 -9999 -9999 -9999 -9999 -9999 -9999 -9999 -9999 -9999 -9999 -9999 -9999 -9999 -9999 -9999 -9999 -9999 -9999 -9999 -9999 -9999 -9999 -9999 0.401 0.374 0.348 0.347 0.338 0.338 0.37 0.389 0.383 0.357 0.369 0.389 0.405 0.402 0.383 0.395 0.47 0.478 0.498 0.493 0.497 0.51 0.487 0.524 0.495 0.505 0.514 0.506 0.5 0.515 0.503 0.501 0.47 0.495 0.504 0.526 0.484 0.483 0.493 0.488 0.473 0.484 0.519 0.515 0.471
-9999 -9999 -9999 -9999 -9999 -9999 -9999 -9999 -9999 -9999 -9999 -9999 -9999 -9999 -9999 -9999 -9999 -9999 -9999 -9999 -9999 -9999 -9999 -9999 -9999 -9999 -9999 -9999 -9999 -9999 -9999 -9999 0.355 0.347 0.338 0.376 0.356 0.365 0.375 0.356 0.335 0.341 0.379 0.365 0.369 0.391 0.445 0.481 0.421 0.457 0.462 0.496 0.521 0.528 0.515 0.502 0.479 0.47 0.482 0.491 0.484 0.486 0.494 0.503 0.49 0.503 0.517 0.511 0.46 0.47 0.468 0.458 0.484 0.485 0.462 0.475 0.486
-9999 -9999 -9999 -9999 -9999 -9999 -9999 -9999 -9999 -9999 -9999 -9999 -9999 -9999 -9999 -9999 -9999 -9999 -9999 -9999 -9999 -9999 -9999 -9999 -9999 -9999 -9999 -9999 -9999 -9999 -9999 0.39 0.34 0.419 0.348 0.357 0.365 0.355 0.365 0.387 0.339 0.359 0.367 0.399 0.403 0.377 0.443 0.461 0.418 0.486 0.474 0.51 0.522 0.54 0.51 0.5 0.44 0.481 0.495 0.529 0.505 0.476 0.473 0.437 0.417 0.46 0.485 0.484 0.459 0.466 0.447 0.5 0.511 0.535 0.505 0.467 0.505
-9999 -9999 -9999 -9999 -9999 -9999 -9999 -9999 -9999 -9999 -9999 -9999 -9999 -9999 -9999 -9999 -9999 -9999 -9999 -9999 -9999 -9999 -9999 -9999 -9999 -9999 -9999 -9999 -9999 0.377 0.382 0.378 0.347 0.372 0.33 0.363 0.375 0.384 0.353 0.376 0.371 0.362 0.368 0.448 0.451 0.439 0.438 0.421 0.451 0.444 0.447 0.476 0.46 0.495 0.435 0.434 0.466 0.474 0.515 0.497 0.483 0.49 0.535 0.486 0.487 0.508 0.501 0.514 0.485 0.498 0.467 0.447 0.455 0.503 0.505 0.467 0.479
-9999 -9999 -9999 -9999 -9999 -9999 -9999 -9999 -9999 -9999 -9999 -9999 -9999 -9999 -9999 -9999 -9999 -9999 -9999 -9999 -9999 -9999 -9999 -9999 0.334 0.261 0.315 0.33 0.349 0.357 0.344 0.338 0.302 0.346 0.351 0.393 0.41 0.372 0.35 0.412 0.413 0.38 0.385 0.399 0.436 0.401 0.446 0.455 0.486 0.494 0.466 0.398 0.417 0.45 0.48 0.486 0.507 0.495 0.496 0.462 0.521 0.444 0.459 0.503 0.5 0.451 0.52 0.524 0.483 0.468 0.449 0.498 0.5 0.476 0.453 0.465 0.489
-9999 -9999 -9999 -9999 -9999 0.238 0.263 -9999 -9999 -9999 -9999 -9999 -9999 -9999 -9999 -9999 -9999 -9999 -9999 -9999 -9999 -9999 0.351 0.322 0.285 0.301 0.32 0.344 0.358 0.339 0.318 0.317 0.306 0.356 0.366 0.389 0.384 0.37 0.36 0.347 0.35 0.349 0.387 0.46 0.46 0.421 0.464 0.46 0.452 0.431 0.408 0.458 0.485 0.509 0.501 0.498 0.499 0.501 0.485 0.477 0.479 0.489 0.483 0.515 0.505 0.465 0.511 0.518 0.497 0.487 0.522 0.516 0.508 0.474 0.444 0.474 0.478
-9999 -9999 -9999 -9999 -9999 0.269 0.265 0.279 0.289 -9999 -9999 -9999 -9999 -9999 -9999 -9999 -9999 -9999 -9999 -9999 -9999 0.328 0.281 0.323 0.316 0.348 0.375 0.346 0.304 0.308 0.298 0.317 0.32 0.333 0.333 0.328 0.342 0.376 0.334 0.333 0.354 0.379 0.425 0.416 0.382 0.393 0.395 0.413 0.405 0.419 0.422 0.439 0.431 0.462 0.483 0.419 0.441 0.447 0.449 0.495 0.511 0.501 0.497 0.503 0.53 0.543 0.51 0.51 0.481 0.476 0.525 0.525 0.483 0.481 0.445 0.441 0.498
-9999 -9999 -9999 -9999 0.299 0.288 0.264 0.278 0.254 0.223 0.246 0.254 0.235 0.264 -9999 -9999 -9999 -9999 0.369 0.325 0.262 0.27 0.266 0.31 0.309 0.335 0.362 0.32 0.303 0.299 0.307 0.341 0.365 0.345 0.336 0.325 0.331 0.346 0.319 0.353 0.377 0.401 0.444 0.383 0.368 0.416 0.374 0.405 0.445 0.469 0.454 0.449 0.435 0.425 0.436 0.421 0.446 0.439 0.464 0.524 0.516 0.503 0.525 0.52 0.53 0.507 0.507 0.475 0.524 0.471 0.485 0.509 0.462 0.521 0.478 0.433 0.489
-9999 -9999 -9999 0.273 0.279 0.301 0.273 0.268 0.273 0.265 0.27 0.247 0.238 0.252 0.252 0.249 0.304 0.358 0.258 0.244 0.256 0.283 0.293 0.303 0.301 0.3 0.295 0.314 0.317 0.308 0.314 0.363 0.343 0.325 0.315 0.336 0.316 0.333 0.369 0.378 0.394 0.372 0.406 0.387 0.398 0.446 0.44 0.455 0.411 0.429 0.438 0.45 0.391 0.411 0.469 0.468 0.496 0.495 0.505 0.525 0.531 0.523 0.483 0.524 0.461 0.519 0.513 0.505 0.482 0.459 0.481 0.484 0.479 0.512 0.489 0.441 0.467
-9999 -9999 -9999 0.275 0.284 0.299 0.272 0.275 0.242 0.23 0.229 0.236 0.253 0.253 0.249 0.238 0.258 0.26 0.243 0.238 0.254 0.262 0.221 0.277 0.26 0.277 0.283 0.297 0.334 0.32 0.307 0.319 0.347 0.304 0.312 0.325 0.294 0.332 0.365 0.372 0.362 0.376 0.397 0.368 0.37 0.344 0.388 0.398 0.352 0.328 0.364 0.363 0.434 0.492 0.519 0.453 0.454 0.492 0.484 0.478 0.455 0.444 0.469 0.507 0.52 0.517 0.484 0.51 0.473 0.518 0.516 0.489 0.468 0.516 0.497 0.452 0.48
-9999 -9999 0.262 0.285 0.304 0.285 0.255 0.255 0.239 0.265 0.255 0.245 0.234 0.196 -0.3 0.164 0.237 0.241 0.233 0.235 0.249 0.233 0.235 0.256 0.311 0.266 0.241 0.244 0.307 0.293 0.269 0.345 0.334 0.328 0.311 0.308 0.307 0.308 0.344 0.329 0.357 0.375 0.39 0.361 0.369 0.347 0.35 0.364 0.39 0.43 0.428 0.474 0.477 0.478 0.471 0.468 0.446 0.454 0.491 0.517 0.504 0.503 0.511 0.472 0.487 0.462 0.467 0.502 0.498 0.551 0.55 0.499 0.506 0.487 0.457 0.485 0.473
-9999 0.297 0.288 0.279 0.295 0.261 0.281 0.28 0.234 0.234 0.237 0.236 0.234 -0.3 -0.3 0.151 0.231 0.238 0.223 0.212 0.221 0.224 0.226 0.226 0.24 0.273 0.278 0.273 0.29 0.292 0.299 0.312 0.294 0.297 0.299 0.261 0.268 0.318 0.333 0.356 0.352 0.373 0.365 0.322 0.364 0.373 0.39 0.396 0.384 0.438 0.439 0.435 0.45 0.447 0.47 0.473 0.455 0.457 0.486 0.449 0.436 0.447 0.467 0.441 0.431 0.453 0.494 0.514 0.5 0.53 0.521 0.501 0.488 0.458 0.458 0.384 0.421
0.275 0.282 0.262 0.24 0.234 0.257 0.249 0.236 0.236 0.238 0.22 0.238 0.144 -0.3 -0.3 -0.3 0.241 0.259 0.191 0.25 0.259 0.247 0.239 0.231 0.21 0.202 0.214 0.196 0.238 0.238 0.255 0.282 0.321 0.322 0.319 0.261 0.286 0.307 0.302 0.289 0.324 0.347 0.329 0.366 0.407 0.431 0.415 0.394 0.383 0.446 0.444 0.449 0.464 0.439 0.46 0.421 0.435 0.44 0.486 0.483 0.45 0.43 0.501 0.533 0.494 0.525 0.522 0.521 0.523 0.543 0.508 0.497 0.51 0.448 0.421 0.389 0.458
0.27 0.256 0.265 0.254 0.256 0.258 0.24 0.238 0.23 0.238 -0.033 0.192 -9999 -0.3 -0.3 -0.3 0.193 0.204 0.23 0.235 0.252 0.277 0.285 0.257 0.259 0.269 0.277 0.283 0.29 0.296 0.284 0.305 0.311 0.328 0.333 0.314 0.324 0.312 0.323 0.325 0.341 0.341 0.338 0.384 0.382 0.387 0.347 0.352 0.356 0.399 0.401 0.435 0.443 0.427 0.443 0.438 0.484 0.487 0.515 0.454 0.425 0.442 0.463 0.502 0.509 0.498 0.496 0.513 0.487 0.489 0.476 0.48 0.489 0.489 0.467 0.418 0.459
0.252 0.262 0.243 0.225 0.229 0.258 0.223 0.207 -0.3 -0.3 -9999 -0.3 -0.3 -0.3 0.198 0.226 0.245 0.223 0.226 0.219 0.213 0.268 0.257 0.276 0.257 0.264 0.297 0.275 0.288 0.286 0.301 0.269 0.336 0.278 0.264 0.277 0.309 0.348 0.309 0.331 0.365 0.373 0.361 0.328 0.371 0.437 0.428 0.405 0.452 0.454 0.413 0.43 0.453 0.462 0.491 0.488 0.502 0.473 0.541 0.476 0.444 0.482 0.485 0.464 0.449 0.493 0.505 0.502 0.539 0.553 0.486 0.507 0.525 0.431 0.484 0.471 0.397
0.243 0.235 0.227 0.202 0.231 0.223 0.2 0.182 -0.3 -0.3 -0.3 -0.3 -0.3 0.18 0.22 0.237 0.213 0.208 0.227 0.22 0.201 0.259 0.256 0.274 0.273 0.277 0.245 0.259 0.323 0.292 0.275 0.272 0.276 0.288 0.329 0.317 0.312 0.315 0.323 0.363 0.357 0.359 0.345 0.401 0.442 0.426 0.443 0.445 0.42 0.388 0.396 0.413 0.417 0.444 0.469 0.478 0.484 0.481 0.5 0.521 0.496 0.499 0.528 0.51 0.484 0.463 0.499 0.534 0.496 0.457 0.482 0.466 0.471 0.39 0.369 0.427 0.444
0.221 0.217 0.215 0.229 0.225 0.19 0.169 0.196 0.249 -0.3 -0.3 -0.3 0.2 0.234 0.223 0.238 0.232 0.185 0.22 0.199 0.24 0.24 0.244 0.286 0.295 0.258 0.269 0.363 0.268 0.268 0.284 0.319 0.337 0.321 0.337 0.328 0.321 0.298 0.368 0.39 0.365 0.373 0.406 0.4 0.413 0.431 0.438 0.44 0.388 0.414 0.432 0.456 0.491 0.48 0.487 0.492 0.468 0.463 0.459 0.502 0.509 0.497 0.49 0.454 0.475 0.475 0.486 0.506 0.518 0.469 0.455 0.425 0.381 0.387 0.375 0.402 0.429
0.214 0.192 0.197 0.194 0.187 0.227 0.218 0.217 0.224 0.222 -0.3 -0.3 0.212 0.246 0.21 0.228 0.22 0.191 0.221 0.225 0.254 0.214 0.214 0.276 0.304 0.27 0.259 0.405 0.285 0.322 0.345 0.339 0.375 0.316 0.312 0.302 0.312 0.308 0.381 0.393 0.382 0.394 0.38 0.42 0.421 0.394 0.431 0.443 0.469 0.477 0.478 0.492 0.507 0.519 0.525 0.475 0.463 0.498 0.45 0.489 0.536 0.527 0.495 0.498 0.509 0.512 0.471 0.438 0.474 0.448 0.429 0.404 0.371 0.365 0.404 0.397 0.39
0.177 0.17 0.176 0.223 0.22 0.231 0.212 0.188 0.207 0.231 0.178 0.196 0.24 0.232 0.216 0.246 0.244 0.195 0.223 0.249 0.264 0.272 0.281 0.287 0.273 0.272 0.268 0.297 0.285 0.286 0.328 0.324 0.343 0.33 0.33 0.292 0.299 0.315 0.338 0.364 0.377 0.383 0.392 0.459 0.47 0.435 0.439 0.476 0.507 0.516 0.517 0.499 0.499 0.452 0.505 0.499 0.502 0.512 0.482 0.446 0.483 0.482 0.458 0.493 0.484 0.511 0.501 0.508 0.415 0.399 0.421 0.387 0.373 0.365 0.366 0.377 0.376
0.211 0.222 0.242 0.272 0.243 0.226 0.221 0.218 0.234 0.22 0.233 0.24 0.231 0.255 0.236 0.235 0.239 0.231 0.25 0.237 0.211 0.258 0.251 0.252 0.269 0.231 0.262 0.243 0.294 0.304 0.279 0.278 0.311 0.323 0.329 0.297 0.313 0.344 0.414 0.359 0.404 0.39 0.384 0.454 0.436 0.395 0.437 0.438 0.464 0.493 0.502 0.494 0.457 0.52 0.504 0.511 0.506 0.525 0.448 0.457 0.442 0.462 0.514 0.438 0.47 0.481 0.452 0.482 0.458 0.395 0.397 0.388 0.408 0.398 0.374 0.37 0.372
0.24 0.257 0.262 0.261 0.251 0.232 0.219 0.224 0.247 0.236 0.226 0.231 0.204 0.225 0.245 0.247 0.246 0.242 0.236 0.241 0.237 0.242 0.248 0.237 0.257 0.235 0.241 0.295 0.311 0.326 0.32 0.283 0.309 0.321 0.304 0.319 0.261 0.297 0.398 0.41 0.401 0.39 0.412 0.433 0.463 0.445 0.431 0.453 0.51 0.502 0.496 0.453 0.457 0.512 0.518 0.513 0.498 0.516 0.52 0.511 0.517 0.455 0.502 0.499 0.47 0.454 0.473 0.482 0.448 0.434 0.399 0.372 0.398 0.388 0.355 0.364 0.383
0.241 0.232 0.258 0.225 0.191 0.182 0.2 0.212 0.223 0.222 0.217 0.207 0.218 0.219 0.244 0.218 0.222 0.242 0.234 0.233 0.224 0.232 0.239 0.229 0.241 0.26 0.285 0.294 0.269 0.285 0.33 0.316 0.311 0.329 0.416 0.459 0.487 0.488 0.554 0.533 0.46 0.388 0.425 0.459 0.478 0.45 0.468 0.473 0.513 0.505 0.506 0.478 0.485 0.515 0.518 0.502 0.465 0.47 0.481 0.484 0.495 0.47 0.441 0.461 0.438 0.425 0.437 0.479 0.427 0.409 0.383 0.375 0.398 0.37 0.381 0.378 0.394
0.231 0.219 0.203 0.173 0.15 0.177 0.211 0.21 0.223 0.22 0.233 0.226 0.247 0.232 0.241 0.236 0.218 0.217 0.231 0.239 0.211 0.236 0.244 0.271 0.287 0.281 0.302 0.31 0.286 0.323 0.316 0.302 0.308 0.319 0.556 0.521 0.595 0.572 0.539 0.46 0.421 0.464 0.443 0.446 0.468 0.465 0.491 0.516 0.513 0.504 0.484 0.503 0.511 0.521 0.544 0.532 0.535 0.464 0.495 0.488 0.514 0.534 0.434 0.368 0.364 0.384 0.407 0.482 0.41 0.397 0.403 0.401 0.418 0.364 0.353 0.358 0.344
0.212 0.2 0.205 0.17 0.177 0.196 0.205 0.214 0.215 0.211 0.216 0.22 0.232 0.225 0.234 0.229 -9999 -9999 -9999 -9999 -9999 -9999 -9999 0.272 0.273 0.258 0.288 0.329 0.287 0.353 0.311 0.298 0.292 0.421 0.423 0.427 0.44 0.474 0.405 0.405 0.411 0.404 0.435 0.471 0.491 0.482 0.492 0.524 0.487 0.51 0.486 0.52 0.526 0.518 0.515 0.523 0.492 0.497 0.498 0.479 0.499 0.531 0.462 0.493 0.455 0.387 0.444 0.462 0.395 0.423 0.391 0.343 0.355 0.355 0.361 0.348 0.35
0.182 0.186 0.18 0.234 0.219 0.206 0.216 0.214 0.212 0.228 0.206 0.212 0.218 0.212 -0.3 -9999 -9999 -9999 -9999 -9999 -9999 -9999 -9999 -9999 -9999 0.286 0.296 0.295 0.311 0.263 0.281 0.29 0.289 0.336 0.347 0.362 0.336 0.339 0.405 0.434 0.443 0.426 0.445 0.481 0.511 0.49 0.511 0.502 0.535 0.532 0.532 0.481 0.516 0.515 0.53 0.538 0.514 0.518 0.501 0.481 0.52 0.54 0.529 0.444 0.366 0.339 0.333 0.388 0.345 0.331 0.343 0.37 0.388 0.378 0.409 0.401 0.4
-9999 -9999 -9999 -9999 -9999 -9999 -9999 -9999 -9999 -9999 0.215 0.217 0.212 -0.3 -9999 -9999 -9999 -9999 -9999 -9999 -9999 -9999 -9999 -9999 -9999 -9999 0.294 0.269 0.262 0.253 0.284 0.299 0.31 0.385 0.365 0.344 0.358 0.402 0.425 0.412 0.46 0.446 0.449 0.51 0.485 0.478 0.522 0.506 0.501 0.503 0.518 0.482 0.516 0.54 0.563 0.534 0.516 0.513 0.473 0.511 0.537 0.502 0.509 0.413 0.427 0.388 0.353 0.345 0.343 0.337 0.363 0.387 0.367 0.373 0.385 0.36 0.405
-9999 -9999 -9999 -9999 -9999 -9999 -9999 -9999 -9999 -9999 -9999 0.222 0.212 -9999 -9999 -9999 -9999 -9999 -9999 -9999 -9999 -9999 -9999 -9999 -9999 -9999 -9999 -9999 -9999 0.282 0.322 0.31 0.31 0.346 0.33 0.336 0.352 0.391 0.447 0.426 0.455 0.453 0.422 0.467 0.445 0.51 0.491 0.488 0.506 0.52 0.499 0.49 0.501 0.506 0.483 0.495 0.509 0.524 0.431 0.444 0.486 0.457 0.422 0.379 0.346 0.345 0.339 0.353 0.363 0.356 0.342 0.334 0.344 0.362 0.369 0.379 0.383
-9999 -9999 -9999 -9999 -9999 -9999 -9999 -9999 -9999 -9999 -9999 -9999 -9999 -9999 -9999 -9999 -9999 -9999 -9999 -9999 -9999 -9999 -9999 -9999 -9999 -9999 -9999 -9999 -9999 -9999 0.345 0.33 0.354 0.351 0.373 0.399 0.413 0.522 0.433 0.458 0.442 0.489 0.469 0.462 0.488 0.496 0.495 0.499 0.526 0.529 0.504 0.486 0.524 0.484 0.479 0.492 0.541 0.541 0.452 0.45 0.452 0.473 0.449 0.399 0.355 0.351 0.325 0.368 0.352 0.342 0.361 0.343 0.273 0.35 0.367 0.391 0.353
-9999 -9999 -9999 -9999 -9999 -9999 -9999 -9999 -9999 -9999 -9999 -9999 -9999 -9999 -9999 -9999 -9999 -9999 -9999 -9999 -9999 -9999 -9999 -9999 -9999 -9999 -9999 -9999 -9999 -9999 -9999 0.329 0.367 0.335 0.356 0.383 0.408 0.42 0.438 0.457 0.426 0.464 0.496 0.48 0.484 0.484 0.494 0.477 0.521 0.527 0.508 0.427 0.463 0.448 0.495 0.514 0.484 0.532 0.451 0.436 0.432 0.41 0.44 0.38 0.421 0.383 0.371 0.32 0.352 0.348 0.346 0.298 0.329 0.313 0.375 0.366 0.373
-9999 -9999 -9999 -9999 -9999 -9999 -9999 -9999 -9999 -9999 -9999 -9999 -9999 -9999 -9999 -9999 -9999 -9999 -9999 -9999 -9999 -9999 -9999 -9999 -9999 -9999 -9999 -9999 -9999 -9999 -9999 -9999 0.332 0.349 0.365 0.399 0.441 0.435 0.416 0.416 0.411 0.461 0.484 0.377 0.373 0.433 0.498 0.508 0.526 0.488 0.448 0.41 0.412 0.514 0.484 0.471 0.533 0.505 0.465 0.431 0.483 0.41 0.356 0.394 0.37 0.373 0.381 0.341 0.371 0.367 0.331 0.307 0.284 0.301 0.354 0.314 0.357
-9999 -9999 -9999 -9999 -9999 -9999 -9999 -9999 -9999 -9999 -9999 -9999 -9999 -9999 -9999 -9999 -9999 -9999 -9999 -9999 -9999 -9999 -9999 -9999 -9999 -9999 -9999 -9999 -9999 -9999 -9999 -9999 -9999 -9999 0.376 0.379 0.394 0.378 0.417 0.41 0.411 0.454 0.482 0.461 0.469 0.461 0.498 0.51 0.502 0.445 0.487 0.478 0.423 0.443 0.467 0.48 0.491 0.481 0.453 0.448 0.429 0.429 0.41 0.388 0.443 0.439 0.426 0.377 0.355 0.349 0.343 0.366 0.352 0.336 0.32 0.317 0.29
-9999 -9999 -9999 -9999 -9999 -9999 -9999 -9999 -9999 -9999 -9999 -9999 -9999 -9999 -9999 -9999 -9999 -9999 -9999 -9999 -9999 -9999 -9999 -9999 -9999 -9999 -9999 -9999 -9999 -9999 -9999 -9999 -9999 -9999 -9999 0.378 0.437 0.436 0.44 0.429 0.438 0.495 0.469 0.449 0.456 0.494 0.497 0.5 0.506 0.48 0.473 0.467 0.455 0.418 0.402 0.468 0.53 0.546 0.39 0.398 0.394 0.387 0.415 0.364 0.371 0.369 0.355 0.348 0.363 0.337 0.392 0.391 0.383 0.316 0.222 0.285 0.306
-9999 -9999 -9999 -9999 -9999 -9999 -9999 -9999 -9999 -9999 -9999 -9999 -9999 -9999 -9999 -9999 -9999 -9999 -9999 -9999 -9999 -9999 -9999 -9999 -9999 -9999 -9999 -9999 -9999 -9999 -9999 -9999 -9999 -9999 -9999 -9999 0.425 0.409 0.419 0.47 0.466 0.475 0.472 0.471 0.468 0.503 0.521 0.496 0.452 0.443 0.447 0.44 0.435 0.531 0.447 0.431 0.451 0.423 0.457 0.42 0.458 0.435 0.422 0.403 0.325 0.32 0.346 0.337 0.34 0.36 0.361 0.405 0.361 0.329 0.3 0.329 0.326
-9999 -9999 -9999 -9999 -9999 -9999 -9999 -9999 -9999 -9999 -9999 -9999 -9999 -9999 -9999 -9999 -9999 -9999 -9999 -9999 -9999 -9999 -9999 -9999 -9999 -9999 -9999 -9999 -9999 -9999 -9999 -9999 -9999 -9999 -9999 -9999 0.414 0.418 0.395 0.476 0.466 0.465 0.489 0.478 0.499 0.516 0.508 0.446 0.485 0.493 0.467 0.461 0.462 0.444 0.424 0.418 0.349 0.366 0.456 0.454 0.48 0.428 0.336 0.336 0.36 0.327 0.334 0.379 0.35 0.41 0.382 0.368 0.37 0.316 0.281 0.409 0.355
