data/china_ndvi_max_1991.asc
ncols         710
nrows         510
xllcorner     70
yllcorner     10
cellsize      0.1
NODATA_value  -9999
[rows 204 to 237 of 510, columns 77 to 153 of 710]
0.081 0.091 0.147 0.118 0.112 0.113 0.107 0.094 0.106 0.111 0.124 0.124 0.102 0.132 0.111 0.107 0.105 0.122 0.11 0.086 0.147 0.249 0.351 0.069 0.068 0.112 0.224 0.325 0.279 0.221 0.244 0.33 0.305 0.243 0.268 0.239 0.295 0.266 0.205 0.086 0.079 0.075 0.061 0.041 0.038 0.037 0.036 0.036 0.035 0.037 0.037 0.043 0.038 0.042 0.043 0.041 0.041 0.042 0.044 0.041 0.04 0.042 0.043 0.048 0.046 0.045 0.046 0.047 0.048 0.048 0.048 0.049 0.048 0.05 0.05 0.05 0.049
0.091 0.088 0.101 0.098 0.103 0.107 0.106 0.12 0.127 0.108 0.105 0.103 0.105 0.102 0.088 0.079 0.086 0.096 0.126 0.135 0.072 0.074 0.074 0.285 0.333 0.216 0.187 0.243 0.106 0.1 0.114 0.201 0.125 0.053 0.052 0.053 0.041 0.033 0.032 0.034 0.033 0.033 0.034 0.034 0.034 0.036 0.039 0.038 0.039 0.04 0.04 0.038 0.039 0.039 0.041 0.043 0.04 0.042 0.043 0.044 0.045 0.047 0.048 0.048 0.049 0.047 0.047 0.048 0.049 0.049 0.05 0.051 0.05 0.051 0.051 0.052 0.052
0.121 0.113 0.108 0.128 0.119 0.107 0.114 0.133 0.11 0.105 0.108 0.096 0.092 0.083 0.075 0.083 0.092 0.089 0.085 0.092 0.081 0.066 0.065 0.097 0.099 0.07 0.069 0.133 0.076 0.07 0.087 0.12 0.069 0.045 0.031 0.031 0.032 0.032 0.033 0.033 0.034 0.035 0.036 0.036 0.038 0.039 0.039 0.039 0.041 0.041 0.041 0.041 0.041 0.04 0.041 0.042 0.043 0.045 0.046 0.048 0.048 0.047 0.047 0.048 0.049 0.049 0.05 0.051 0.051 0.051 0.051 0.051 0.052 0.053 0.055 0.053 0.056
0.125 0.123 0.123 0.117 0.113 0.11 0.104 0.104 0.107 0.108 0.101 0.107 0.097 0.066 0.067 0.074 0.076 0.07 0.088 0.071 0.065 0.077 0.077 0.07 0.067 0.073 0.077 0.064 0.052 0.053 0.066 0.09 0.043 0.032 0.029 0.03 0.033 0.033 0.034 0.034 0.037 0.037 0.037 0.041 0.041 0.039 0.04 0.041 0.042 0.043 0.043 0.042 0.044 0.044 0.045 0.046 0.046 0.045 0.053 0.046 0.046 0.048 0.049 0.051 0.05 0.051 0.052 0.053 0.054 0.054 0.055 0.056 0.057 0.056 0.057 0.056 0.056
0.12 0.118 0.104 0.125 0.126 0.123 0.126 0.123 0.112 0.117 0.104 0.085 0.086 0.061 0.071 0.069 0.061 0.065 0.085 0.065 0.08 0.077 0.076 0.073 0.088 0.069 0.054 0.05 0.046 0.049 0.057 0.074 0.058 0.031 0.03 0.031 0.034 0.035 0.037 0.037 0.038 0.039 0.04 0.041 0.041 0.041 0.042 0.043 0.043 0.045 0.045 0.046 0.045 0.047 0.047 0.047 0.048 0.046 0.059 0.048 0.049 0.051 0.05 0.051 0.052 0.052 0.052 0.052 0.056 0.057 0.057 0.058 0.059 0.059 0.058 0.059 0.06
0.119 0.121 0.111 0.114 0.12 0.13 0.117 0.119 0.114 0.079 0.075 0.07 0.081 0.097 0.098 0.132 0.13 0.188 0.131 0.103 0.092 0.073 0.076 0.071 0.059 0.051 0.043 0.045 0.041 0.032 0.038 0.058 0.059 0.032 0.032 0.033 0.034 0.036 0.038 0.039 0.039 0.039 0.042 0.042 0.044 0.045 0.044 0.045 0.046 0.046 0.046 0.047 0.05 0.049 0.05 0.05 0.05 0.05 0.05 0.051 0.053 0.052 0.054 0.055 0.054 0.057 0.056 0.055 0.058 0.059 0.059 0.06 0.06 0.06 0.06 0.06 0.06
0.109 0.108 0.09 0.07 0.074 0.076 0.071 0.073 0.091 0.13 0.184 0.277 0.304 0.249 0.286 0.197 0.13 0.104 0.175 0.113 0.118 0.083 0.058 0.05 0.047 0.047 0.044 0.049 0.044 0.038 0.036 0.041 0.078 0.034 0.035 0.037 0.038 0.037 0.041 0.041 0.042 0.042 0.045 0.048 0.05 0.05 0.052 0.051 0.05 0.051 0.052 0.055 0.055 0.054 0.054 0.055 0.055 0.056 0.058 0.057 0.056 0.056 0.057 0.058 0.057 0.056 0.057 0.062 0.062 0.062 0.062 0.061 0.061 0.06 0.06 0.06 0.06
0.104 0.095 0.087 0.084 0.081 0.094 0.113 0.106 0.242 0.261 0.218 0.151 0.184 0.141 0.153 0.138 0.109 0.092 0.08 0.078 0.061 0.052 0.055 0.051 0.049 0.05 0.053 0.051 0.046 0.04 0.033 0.035 0.062 0.034 0.037 0.038 0.039 0.038 0.041 0.042 0.043 0.045 0.049 0.051 0.052 0.05 0.051 0.051 0.052 0.054 0.055 0.055 0.056 0.055 0.056 0.057 0.056 0.056 0.058 0.057 0.056 0.057 0.056 0.058 0.057 0.057 0.058 0.061 0.062 0.062 0.061 0.062 0.061 0.061 0.062 0.061 0.06
0.217 0.193 0.162 0.217 0.125 0.147 0.123 0.15 0.185 0.214 0.023 0.012 0.175 0.088 0.09 0.132 0.076 0.064 0.043 0.043 0.046 0.052 0.057 0.047 0.049 0.05 0.055 0.054 0.046 0.039 0.034 0.035 0.044 0.034 0.037 0.039 0.039 0.04 0.043 0.044 0.046 0.049 0.052 0.053 0.053 0.052 0.052 0.053 0.055 0.056 0.056 0.057 0.055 0.057 0.058 0.058 0.058 0.055 0.058 0.057 0.057 0.058 0.059 0.059 0.058 0.059 0.061 0.064 0.063 0.062 0.062 0.063 0.063 0.062 0.062 0.062 0.062
0.122 0.135 0.139 0.093 0.073 0.077 0.144 0.243 0.147 0.215 0.112 0.167 0.179 0.12 0.065 0.055 0.039 0.04 0.041 0.044 0.05 0.058 0.058 0.052 0.046 0.047 0.051 0.052 0.045 0.04 0.038 0.035 0.04 0.033 0.039 0.039 0.041 0.043 0.046 0.047 0.049 0.052 0.057 0.053 0.052 0.053 0.054 0.056 0.055 0.057 0.056 0.057 0.057 0.059 0.058 0.058 0.058 0.056 0.058 0.057 0.058 0.06 0.058 0.058 0.059 0.058 0.063 0.064 0.064 0.064 0.063 0.063 0.062 0.063 0.062 0.063 0.063
0.086 0.091 0.093 0.072 0.099 0.187 0.213 0.173 0.178 0.139 0.075 0.064 0.072 0.077 0.044 0.041 0.036 0.038 0.046 0.05 0.055 0.059 0.056 0.049 0.043 0.05 0.051 0.051 0.045 0.043 0.04 0.038 0.043 0.034 0.038 0.039 0.042 0.043 0.047 0.048 0.05 0.053 0.055 0.052 0.054 0.055 0.056 0.056 0.057 0.057 0.057 0.056 0.059 0.057 0.057 0.056 0.057 0.057 0.059 0.057 0.058 0.059 0.06 0.059 0.06 0.06 0.064 0.065 0.064 0.065 0.064 0.063 0.063 0.062 0.062 0.062 0.061
0.165 0.21 0.34 0.224 0.249 0.21 0.131 0.089 0.037 0.033 0.034 0.036 0.036 0.047 0.034 0.035 0.044 0.05 0.054 0.057 0.056 0.058 0.052 0.046 0.052 0.051 0.055 0.055 0.048 0.046 0.043 0.041 0.05 0.037 0.04 0.04 0.043 0.044 0.049 0.052 0.054 0.053 0.053 0.054 0.055 0.056 0.058 0.057 0.057 0.056 0.058 0.058 0.058 0.057 0.058 0.058 0.058 0.058 0.06 0.06 0.06 0.06 0.06 0.062 0.061 0.061 0.064 0.063 0.063 0.062 0.063 0.061 0.06 0.059 0.058 0.059 0.059
0.243 0.328 0.273 0.148 0.104 0.074 0.043 0.039 0.036 0.036 0.038 0.037 0.036 0.04 0.034 0.04 0.051 0.055 0.056 0.057 0.059 0.059 0.057 0.046 0.058 0.052 0.056 0.056 0.05 0.045 0.043 0.038 0.056 0.037 0.041 0.042 0.044 0.046 0.051 0.053 0.054 0.052 0.051 0.053 0.055 0.057 0.057 0.057 0.055 0.058 0.058 0.058 0.057 0.058 0.057 0.058 0.059 0.06 0.06 0.061 0.059 0.06 0.06 0.061 0.06 0.061 0.062 0.063 0.062 0.062 0.061 0.061 0.061 0.059 0.059 0.058 0.059
0.248 0.253 0.256 0.161 0.255 0.048 0.041 0.037 0.037 0.038 0.039 0.04 0.04 0.036 0.044 0.05 0.056 0.055 0.056 0.057 0.059 0.059 0.057 0.045 0.049 0.055 0.057 0.056 0.05 0.046 0.042 0.039 0.056 0.036 0.041 0.045 0.046 0.05 0.054 0.055 0.054 0.051 0.051 0.054 0.057 0.056 0.059 0.057 0.055 0.056 0.056 0.058 0.057 0.058 0.059 0.058 0.059 0.06 0.059 0.062 0.06 0.06 0.059 0.06 0.06 0.061 0.061 0.062 0.061 0.06 0.06 0.06 0.059 0.057 0.057 0.057 0.058
0.231 0.292 0.232 0.211 0.089 0.058 0.045 0.042 0.038 0.04 0.044 0.045 0.043 0.042 0.048 0.053 0.055 0.055 0.055 0.058 0.059 0.059 0.06 0.047 0.049 0.055 0.057 0.057 0.051 0.047 0.043 0.042 0.052 0.034 0.04 0.045 0.048 0.05 0.055 0.055 0.053 0.051 0.052 0.054 0.054 0.056 0.059 0.058 0.053 0.054 0.056 0.057 0.058 0.059 0.059 0.057 0.059 0.057 0.057 0.058 0.059 0.058 0.056 0.059 0.059 0.059 0.061 0.062 0.061 0.06 0.06 0.06 0.058 0.057 0.058 0.057 0.057
0.238 0.276 0.252 0.158 0.076 0.053 0.04 0.042 0.043 0.048 0.052 0.05 0.054 0.045 0.05 0.053 0.057 0.055 0.055 0.058 0.06 0.061 0.058 0.048 0.049 0.056 0.057 0.057 0.051 0.047 0.045 0.043 0.05 0.036 0.043 0.047 0.05 0.05 0.056 0.055 0.052 0.053 0.051 0.055 0.056 0.057 0.059 0.054 0.054 0.056 0.055 0.057 0.057 0.058 0.058 0.058 0.058 0.057 0.058 0.061 0.058 0.058 0.058 0.057 0.058 0.058 0.06 0.062 0.062 0.061 0.061 0.06 0.059 0.057 0.057 0.057 0.057
0.287 0.155 0.057 0.048 0.042 0.049 0.043 0.045 0.048 0.048 0.05 0.049 0.049 0.057 0.058 0.059 0.057 0.056 0.058 0.061 0.061 0.053 0.041 0.056 0.056 0.057 0.057 0.057 0.053 0.049 0.048 0.048 0.076 0.037 0.046 0.048 0.05 0.052 0.054 0.051 0.051 0.048 0.05 0.058 0.058 0.063 0.059 0.052 0.054 0.054 0.054 0.057 0.057 0.057 0.056 0.055 0.057 0.055 0.054 0.057 0.054 0.056 0.057 0.058 0.058 0.059 0.061 0.062 0.062 0.061 0.062 0.06 0.06 0.06 0.059 0.056 0.055
0.205 0.075 0.052 0.044 0.046 0.047 0.045 0.047 0.051 0.049 0.05 0.049 0.051 0.055 0.059 0.058 0.058 0.057 0.057 0.064 0.057 0.045 0.049 0.057 0.059 0.059 0.059 0.056 0.052 0.051 0.047 0.049 0.08 0.04 0.045 0.05 0.052 0.054 0.054 0.052 0.051 0.047 0.051 0.058 0.059 0.067 0.061 0.053 0.055 0.056 0.053 0.057 0.056 0.056 0.056 0.055 0.056 0.056 0.054 0.056 0.054 0.055 0.058 0.059 0.058 0.061 0.063 0.063 0.062 0.062 0.061 0.061 0.06 0.059 0.058 0.056 0.056
0.14 0.225 0.067 0.043 0.046 0.049 0.05 0.052 0.051 0.049 0.052 0.052 0.054 0.056 0.055 0.056 0.055 0.053 0.058 0.056 0.053 0.048 0.059 0.06 0.059 0.059 0.058 0.06 0.053 0.051 0.049 0.048 0.045 0.045 0.047 0.053 0.054 0.055 0.05 0.049 0.046 0.048 0.057 0.06 0.066 0.07 0.058 0.053 0.052 0.054 0.053 0.055 0.055 0.057 0.055 0.056 0.055 0.058 0.054 0.055 0.056 0.057 0.059 0.061 0.06 0.063 0.063 0.063 0.063 0.061 0.061 0.061 0.061 0.059 0.059 0.058 0.058
0.226 0.061 0.04 0.047 0.051 0.05 0.053 0.054 0.051 0.05 0.055 0.056 0.056 0.059 0.058 0.052 0.055 0.056 0.06 0.056 0.052 0.057 0.056 0.058 0.054 0.054 0.055 0.056 0.058 0.052 0.048 0.048 0.043 0.045 0.049 0.054 0.055 0.055 0.051 0.048 0.045 0.055 0.057 0.065 0.076 0.069 0.057 0.054 0.053 0.053 0.054 0.054 0.057 0.056 0.054 0.055 0.056 0.055 0.056 0.055 0.056 0.059 0.063 0.061 0.06 0.064 0.064 0.063 0.062 0.062 0.061 0.06 0.06 0.06 0.059 0.057 0.057
0.168 0.053 0.042 0.049 0.052 0.051 0.054 0.054 0.05 0.052 0.056 0.056 0.06 0.06 0.057 0.055 0.059 0.056 0.062 0.058 0.051 0.069 0.061 0.059 0.056 0.056 0.055 0.053 0.055 0.053 0.054 0.05 0.042 0.047 0.052 0.055 0.054 0.054 0.049 0.045 0.049 0.055 0.064 0.084 0.07 0.065 0.059 0.056 0.054 0.054 0.054 0.055 0.057 0.056 0.054 0.055 0.055 0.054 0.055 0.055 0.057 0.061 0.06 0.061 0.063 0.064 0.065 0.064 0.062 0.062 0.061 0.06 0.06 0.061 0.059 0.058 0.056
0.065 0.056 0.053 0.051 0.049 0.048 0.049 0.054 0.052 0.052 0.058 0.059 0.059 0.06 0.06 0.058 0.059 0.06 0.057 0.057 0.059 0.061 0.064 0.06 0.056 0.056 0.058 0.056 0.047 0.048 0.047 0.054 0.06 0.053 0.055 0.054 0.051 0.049 0.047 0.055 0.055 0.073 0.154 0.083 0.064 0.062 0.06 0.058 0.054 0.054 0.056 0.057 0.057 0.056 0.055 0.055 0.055 0.057 0.055 0.052 0.055 0.056 0.06 0.063 0.062 0.064 0.065 0.064 0.063 0.064 0.062 0.06 0.061 0.056 0.059 0.065 0.065
0.07 0.056 0.052 0.051 0.048 0.048 0.048 0.05 0.049 0.052 0.059 0.059 0.058 0.061 0.061 0.061 0.062 0.064 0.058 0.058 0.056 0.054 0.061 0.057 0.057 0.059 0.056 0.047 0.05 0.055 0.065 0.06 0.043 0.055 0.055 0.053 0.05 0.051 0.049 0.053 0.059 0.084 0.107 0.064 0.063 0.062 0.06 0.059 0.055 0.056 0.055 0.057 0.057 0.055 0.056 0.055 0.055 0.057 0.054 0.053 0.053 0.054 0.058 0.06 0.061 0.063 0.065 0.064 0.061 0.062 0.061 0.06 0.057 0.057 0.066 0.072 0.079
0.072 0.063 0.046 0.052 0.05 0.047 0.051 0.053 0.051 0.053 0.059 0.06 0.057 0.062 0.062 0.063 0.064 0.064 0.06 0.06 0.051 0.048 0.058 0.055 0.057 0.054 0.052 0.052 0.063 0.079 0.054 0.049 0.05 0.055 0.054 0.053 0.053 0.055 0.053 0.059 0.064 0.063 0.062 0.062 0.064 0.062 0.061 0.059 0.057 0.058 0.057 0.057 0.058 0.055 0.056 0.056 0.057 0.056 0.054 0.053 0.054 0.054 0.057 0.057 0.062 0.064 0.062 0.059 0.054 0.056 0.057 0.056 0.055 0.065 0.072 0.071 0.065
0.055 0.044 0.044 0.052 0.051 0.051 0.052 0.055 0.053 0.054 0.059 0.06 0.056 0.061 0.062 0.061 0.062 0.062 0.062 0.06 0.053 0.044 0.05 0.048 0.046 0.053 0.054 0.049 0.057 0.06 0.041 0.05 0.051 0.054 0.054 0.053 0.054 0.055 0.058 0.076 0.059 0.064 0.063 0.064 0.064 0.064 0.06 0.06 0.058 0.055 0.059 0.057 0.057 0.055 0.057 0.057 0.058 0.06 0.054 0.056 0.055 0.054 0.056 0.056 0.058 0.061 0.058 0.061 0.055 0.061 0.059 0.063 0.082 0.07 0.065 0.071 0.056
0.072 0.044 0.046 0.054 0.058 0.055 0.054 0.058 0.055 0.053 0.057 0.058 0.057 0.06 0.059 0.059 0.061 0.062 0.063 0.06 0.051 0.042 0.046 0.048 0.052 0.049 0.048 0.055 0.079 0.047 0.049 0.05 0.053 0.055 0.055 0.055 0.054 0.056 0.066 0.055 0.062 0.064 0.064 0.064 0.064 0.063 0.061 0.059 0.059 0.056 0.057 0.056 0.057 0.056 0.057 0.06 0.061 0.057 0.056 0.06 0.058 0.052 0.051 0.056 0.055 0.057 0.06 0.064 0.065 0.06 0.075 0.091 0.082 0.05 0.033 0.033 0.029
0.071 0.055 0.052 0.056 0.059 0.057 0.058 0.061 0.06 0.062 0.059 0.056 0.058 0.06 0.06 0.058 0.06 0.063 0.06 0.057 0.05 0.043 0.049 0.051 0.045 0.066 0.102 0.052 0.062 0.058 0.055 0.052 0.054 0.055 0.055 0.055 0.054 0.053 0.06 0.064 0.066 0.067 0.067 0.065 0.064 0.062 0.06 0.059 0.059 0.059 0.06 0.057 0.058 0.056 0.059 0.076 0.089 0.058 0.059 0.081 0.099 0.051 0.049 0.063 0.071 0.085 0.118 0.101 0.081 0.081 0.063 0.043 0.042 0.039 0.038 0.035 0.039
0.056 0.054 0.055 0.058 0.06 0.059 0.068 0.061 0.075 0.065 0.059 0.055 0.057 0.058 0.058 0.056 0.059 0.061 0.061 0.055 0.049 0.046 0.054 0.047 0.05 0.097 0.08 0.15 0.056 0.055 0.053 0.054 0.052 0.056 0.055 0.055 0.053 0.053 0.064 0.066 0.067 0.068 0.068 0.066 0.064 0.063 0.06 0.059 0.058 0.058 0.057 0.063 0.058 0.055 0.057 0.078 0.066 0.057 0.068 0.072 0.088 0.06 0.057 0.072 0.096 0.093 0.076 0.074 0.048 0.046 0.047 0.047 0.044 0.043 0.044 0.04 0.042
0.056 0.058 0.058 0.06 0.063 0.084 0.131 0.124 0.083 0.063 0.063 0.058 0.059 0.056 0.055 0.055 0.059 0.062 0.061 0.067 0.05 0.051 0.059 0.062 0.121 0.1 0.103 0.196 0.062 0.06 0.053 0.053 0.051 0.055 0.054 0.055 0.053 0.054 0.066 0.068 0.069 0.068 0.067 0.063 0.062 0.061 0.062 0.061 0.058 0.059 0.059 0.1 0.06 0.058 0.056 0.062 0.059 0.054 0.077 0.082 0.09 0.08 0.071 0.063 0.056 0.052 0.048 0.048 0.047 0.045 0.047 0.052 0.051 0.047 0.047 0.044 0.04
0.094 0.062 0.059 0.057 0.059 0.073 0.256 0.119 0.089 0.074 0.067 0.062 0.059 0.055 0.052 0.053 0.056 0.063 0.064 0.064 0.06 0.058 0.051 0.15 0.053 0.059 0.124 0.12 0.064 0.063 0.054 0.052 0.05 0.055 0.054 0.054 0.052 0.062 0.068 0.07 0.069 0.067 0.066 0.059 0.058 0.059 0.065 0.065 0.063 0.062 0.057 0.12 0.062 0.058 0.058 0.065 0.062 0.062 0.093 0.084 0.085 0.098 0.106 0.057 0.051 0.037 0.046 0.048 0.053 0.048 0.046 0.054 0.053 0.052 0.051 0.05 0.044
0.065 0.069 0.059 0.099 0.049 0.064 0.121 0.199 0.131 0.116 0.094 0.073 0.069 0.055 0.052 0.051 0.055 0.066 0.086 0.203 0.129 0.066 0.059 0.08 0.132 0.145 0.082 0.06 0.065 0.063 0.054 0.052 0.052 0.055 0.054 0.054 0.053 0.082 0.069 0.07 0.069 0.067 0.065 0.062 0.064 0.064 0.066 0.065 0.066 0.062 0.062 0.106 0.06 0.057 0.061 0.071 0.065 0.074 0.092 0.087 0.078 0.071 0.064 0.04 0.037 0.036 0.04 0.044 0.048 0.05 0.049 0.05 0.056 0.058 0.059 0.056 0.048
0.084 0.091 0.076 0.169 0.094 0.068 0.062 0.057 0.08 0.055 0.057 0.209 0.144 0.061 0.06 0.07 0.079 0.112 0.238 0.225 0.278 0.288 0.065 0.045 0.041 0.05 0.073 0.08 0.066 0.05 0.047 0.054 0.055 0.053 0.053 0.054 0.05 0.055 0.066 0.067 0.067 0.067 0.065 0.067 0.069 0.069 0.068 0.068 0.067 0.065 0.064 0.102 0.079 0.058 0.052 0.056 0.073 0.077 0.041 0.044 0.042 0.041 0.04 0.044 0.045 0.049 0.044 0.048 0.051 0.041 0.043 0.059 0.059 0.066 0.066 0.067 0.066
0.092 0.094 0.131 0.084 0.072 0.068 0.068 0.062 0.1 0.057 0.049 0.066 0.075 0.054 0.065 0.135 0.098 0.068 0.217 0.331 0.365 0.269 0.077 0.042 0.064 0.071 0.077 0.11 0.062 0.052 0.047 0.052 0.06 0.054 0.055 0.055 0.053 0.05 0.07 0.067 0.067 0.068 0.067 0.065 0.064 0.067 0.07 0.071 0.071 0.07 0.074 0.113 0.091 0.08 0.055 0.061 0.077 0.074 0.048 0.05 0.047 0.04 0.042 0.041 0.046 0.05 0.05 0.048 0.049 0.046 0.057 0.069 0.068 0.058 0.065 0.072 0.081
0.114 0.105 0.099 0.105 0.085 0.083 0.08 0.122 0.097 0.075 0.061 0.059 0.059 0.06 0.056 0.07 0.071 0.059 0.142 0.343 0.343 0.326 0.278 0.133 0.101 0.214 0.152 0.131 0.057 0.056 0.051 0.055 0.062 0.067 0.063 0.063 0.066 0.086 0.082 0.07 0.066 0.066 0.063 0.059 0.052 0.051 0.061 0.069 0.081 0.091 0.093 0.128 0.123 0.062 0.054 0.059 0.061 0.053 0.052 0.056 0.055 0.049 0.039 0.049 0.049 0.054 0.057 0.057 0.062 0.067 0.077 0.083 0.079 0.079 0.087 0.095 0.147
