data/china_ndvi_max_1989.asc
ncols         710
nrows         510
xllcorner     70
yllcorner     10
cellsize      0.1
NODATA_value  -9999
[rows 170 to 203 of 510, columns 154 to 230 of 710]
0.392 0.389 0.436 0.403 0.304 0.39 0.347 0.246 0.271 0.193 0.19 0.14 0.138 0.141 0.137 0.158 0.115 0.144 0.206 0.245 0.169 0.184 0.162 0.127 0.172 0.243 0.422 0.407 0.304 0.101 0.124 0.149 0.248 0.349 0.292 0.224 0.181 0.157 0.127 0.172 0.177 0.142 0.224 0.206 0.209 0.178 0.122 0.089 0.111 0.189 0.11 0.084 0.086 0.089 0.092 0.091 0.085 0.097 0.113 0.116 0.093 0.145 0.217 0.188 0.143 0.131 0.15 0.133 0.098 0.095 0.086 0.125 0.147 0.128 0.084 0.073 0.095
0.259 0.229 0.177 0.298 0.396 0.472 0.457 0.395 0.409 0.429 0.397 0.24 0.232 0.221 0.165 0.129 0.178 0.157 0.162 0.113 0.118 0.176 0.142 0.129 0.201 0.349 0.326 0.272 0.206 0.045 0.106 0.017 0.11 0.208 0.343 0.355 0.26 0.288 0.201 0.18 0.19 0.185 0.196 0.188 0.218 0.175 0.148 0.142 0.153 0.168 0.111 0.09 0.084 0.085 0.094 0.082 0.087 0.092 0.109 0.117 0.12 0.101 0.08 0.085 0.121 0.093 0.1 0.098 0.097 0.121 0.098 0.107 0.146 0.124 0.109 0.07 0.147
0.186 0.064 0.134 0.283 0.27 0.257 0.337 0.364 0.373 0.299 0.414 0.422 0.471 0.477 0.326 0.192 0.16 0.137 0.126 0.106 0.126 0.139 0.107 0.139 0.187 0.211 0.171 0.172 0.176 0.155 0.159 0.164 0.129 0.146 0.14 0.106 0.391 0.396 0.383 0.413 0.367 0.255 0.186 0.196 0.195 0.182 0.275 0.336 0.337 0.229 0.173 0.142 0.117 0.114 0.103 0.084 0.093 0.114 0.148 0.139 0.107 0.075 0.074 0.048 0.056 0.083 0.131 0.134 0.125 0.105 0.093 0.089 0.086 0.108 0.019 0.138 0.236
-0.013 0.148 0.198 0.219 0.173 0.066 0.235 0.288 0.233 0.255 0.429 0.428 0.317 0.31 0.341 0.246 0.163 0.127 0.134 0.145 0.199 0.111 0.154 0.115 0.089 0.082 0.098 0.11 0.144 0.145 0.155 0.215 0.199 0.233 0.089 0.116 0.196 0.139 0.209 0.394 0.497 0.375 0.295 0.292 0.259 0.316 0.461 0.439 0.392 0.365 0.355 0.292 0.233 0.237 0.198 0.127 0.158 0.165 0.148 0.128 0.095 0.051 0.043 0.058 0.096 0.079 0.118 0.126 0.123 0.109 0.117 0.101 0.092 0.11 0.008 0.298 0.233
0.001 0.146 0.151 0.175 0.151 0.067 0.134 0.041 0.106 0.205 0.364 0.427 0.416 0.359 0.303 0.327 0.227 0.266 0.263 0.245 0.228 0.133 0.112 0.121 0.101 0.085 0.06 0.07 0.071 0.08 0.118 0.12 0.147 0.188 0.186 0.129 0.144 0.128 0.165 0.177 0.298 0.437 0.466 0.441 0.426 0.461 0.377 0.282 0.254 0.302 0.368 0.296 0.283 0.274 0.223 0.217 0.18 0.158 0.16 0.067 0.063 0.031 0.03 0.061 0.078 0.081 0.111 0.112 0.128 0.138 0.131 0.171 0.173 0.166 0.192 0.233 0.203
0.088 -0.004 0.066 0.149 0.13 0.141 0.131 0.035 0.114 0.206 0.244 0.292 0.336 0.284 0.437 0.42 0.356 0.342 0.37 0.368 0.467 0.321 0.321 0.274 0.232 0.15 0.047 -0.012 0.079 0.149 0.107 0.128 0.157 0.121 0.159 0.17 0.186 0.206 0.194 0.207 0.216 0.165 0.105 0.125 0.207 0.194 0.203 0.166 0.183 0.208 0.182 0.165 0.163 0.135 0.088 0.079 0.063 0.051 0.07 0.094 0.091 0.06 0.068 0.067 0.067 0.059 0.074 0.057 0.08 0.076 0.076 0.094 0.101 0.082 0.102 0.112 0.201
0.037 0.097 0.109 0.119 0.141 0.144 0.192 0.205 0.205 0.208 0.155 0.268 0.263 0.205 0.374 0.307 0.336 0.379 0.28 0.334 0.307 0.215 0.196 0.175 0.165 0.121 0.093 0.077 0.078 0.093 0.138 0.08 0.081 0.069 0.084 0.074 0.109 0.13 0.162 0.199 0.148 0.196 0.218 0.236 0.216 0.203 0.174 0.124 0.121 0.125 0.12 0.078 0.061 0.073 0.083 0.075 0.061 0.075 0.068 0.077 0.082 0.071 0.075 0.065 0.067 0.074 0.084 0.059 0.069 0.065 0.087 0.089 0.082 0.057 0.061 0.06 0.132
0.122 0.095 0.138 0.094 0.118 0.133 0.138 0.157 0.152 0.21 0.149 0.21 0.232 0.207 0.172 0.174 0.261 0.336 0.341 0.227 0.307 0.161 0.121 0.127 0.141 0.137 0.103 0.063 0.053 0.059 0.063 0.049 0.037 0.053 0.085 0.089 0.079 0.077 0.101 0.097 0.076 0.093 0.142 0.141 0.157 0.119 0.099 0.086 0.09 0.092 0.08 0.087 0.066 0.055 0.068 0.059 0.054 0.055 0.055 0.05 0.067 0.067 0.081 0.069 0.061 0.071 0.06 0.063 0.047 0.046 0.062 0.081 0.06 0.06 0.082 0.056 0.06
0.199 0.25 0.248 0.267 0.257 0.217 0.163 0.124 0.106 0.097 0.083 0.082 0.101 0.086 0.067 0.135 0.284 0.261 0.126 0.069 0.104 0.246 0.158 0.14 0.107 0.103 0.064 0.048 0.06 0.038 0.057 0.067 0.049 0.059 0.061 0.05 0.07 0.06 0.081 0.054 0.05 0.063 0.072 0.075 0.071 0.094 0.075 0.07 0.073 0.072 0.056 0.055 0.068 0.06 0.064 0.065 0.058 0.068 0.061 0.059 0.058 0.075 0.086 0.067 0.062 0.071 0.055 0.068 0.036 0.056 0.061 0.075 0.061 0.057 0.046 0.041 0.042
0.181 0.252 0.26 0.21 0.192 0.164 0.144 0.147 0.161 0.169 0.214 0.202 0.201 0.227 0.226 0.163 0.129 0.146 0.182 0.169 0.166 0.167 0.105 0.094 0.084 0.072 0.047 0.051 0.059 0.06 0.048 0.043 0.046 0.073 0.052 0.057 0.064 0.07 0.095 0.061 0.045 0.083 0.07 0.07 0.074 0.063 0.064 0.053 0.059 0.057 0.059 0.086 0.134 0.204 0.072 0.076 0.07 0.073 0.054 0.057 0.07 0.071 0.07 0.078 0.07 0.073 0.064 0.065 0.044 0.043 0.047 0.049 0.051 0.045 0.049 0.156 0.057
0.138 0.17 0.244 0.264 0.187 0.182 0.199 0.25 0.211 0.202 0.17 0.264 0.256 0.27 0.272 0.228 0.189 0.206 0.184 0.169 0.137 0.133 0.126 0.115 0.071 0.074 0.05 0.04 0.059 0.045 0.023 0.049 0.122 0.172 0.083 0.074 0.216 0.084 0.218 0.217 0.116 0.223 0.098 0.095 0.09 0.127 0.113 0.068 0.183 0.246 0.123 0.089 0.082 0.077 0.077 0.08 0.069 0.077 0.073 0.056 0.064 0.061 0.058 0.074 0.069 0.064 0.056 0.065 0.067 0.049 0.041 0.07 0.072 0.054 0.115 0.131 0.077
0.236 0.211 0.24 0.255 0.21 0.202 0.146 0.18 0.181 0.192 0.17 0.277 0.228 0.207 0.175 0.191 0.247 0.228 0.228 0.21 0.192 0.197 0.182 0.153 0.073 0.095 0.052 0.044 0.04 0.041 0.082 0.281 0.273 0.275 0.224 0.129 0.125 0.162 0.164 0.149 0.104 0.144 0.178 0.181 0.13 0.106 0.079 0.106 0.108 0.098 0.097 0.102 0.081 0.082 0.076 0.077 0.073 0.079 0.067 0.056 0.063 0.055 0.063 0.061 0.052 0.046 0.056 0.057 0.079 0.061 0.054 0.071 0.083 0.068 0.069 0.062 0.079
0.104 0.176 0.138 0.179 0.198 0.234 0.183 0.153 0.168 0.167 0.202 0.262 0.273 0.148 0.219 0.245 0.187 0.185 0.226 0.232 0.254 0.28 0.282 0.247 0.191 0.122 0.052 0.052 0.045 0.041 0.039 0.071 0.034 0.081 0.192 0.012 0.109 0.076 0.086 0.076 0.099 0.094 0.123 0.231 0.216 0.074 0.069 0.073 0.071 0.076 0.081 0.101 0.085 0.08 0.089 0.089 0.078 0.075 0.067 0.051 0.056 0.049 0.043 0.041 0.043 0.039 0.045 0.051 0.066 0.06 0.051 0.056 0.065 0.076 0.073 0.064 0.088
0.12 0.039 0.079 0.106 0.12 0.102 0.161 0.201 0.19 0.139 0.186 0.247 0.204 0.232 0.247 0.235 0.186 0.232 0.282 0.285 0.26 0.322 0.327 0.279 0.184 0.158 0.137 0.068 0.047 0.049 0.047 0.05 0.052 0.042 0.038 0.044 0.063 0.056 0.065 0.052 0.063 0.079 0.076 0.076 0.129 0.078 0.058 0.058 0.06 0.068 0.07 0.089 0.076 0.07 0.08 0.084 0.073 0.077 0.077 0.06 0.053 0.048 0.046 0.044 0.035 0.027 0.04 0.044 0.054 0.043 0.037 0.041 0.05 0.066 0.076 0.074 0.077
0.115 0.056 0.186 0.134 0.146 0.15 0.154 0.191 0.133 0.122 0.213 0.214 0.224 0.224 0.238 0.197 0.269 0.266 0.274 0.269 0.243 0.23 0.268 0.259 0.256 0.23 0.141 0.119 0.071 0.071 0.068 0.071 0.036 0.049 0.046 0.049 0.044 0.045 0.049 0.048 0.055 0.064 0.07 0.076 0.092 0.114 0.052 0.05 0.053 0.054 0.058 0.069 0.07 0.069 0.073 0.079 0.077 0.073 0.096 0.07 0.06 0.051 0.043 0.053 0.048 0.033 0.047 0.058 0.05 0.043 0.038 0.045 0.046 0.054 0.059 0.061 0.059
0.127 0.098 0.091 0.085 0.083 0.065 0.083 0.232 0.082 0.101 0.089 0.056 0.057 0.074 0.081 0.05 0.104 0.108 0.133 0.153 0.128 0.113 0.111 0.105 0.066 0.042 0.044 0.045 0.047 0.052 0.057 0.071 0.079 0.072 0.049 0.053 0.05 0.054 0.055 0.056 0.055 0.051 0.051 0.057 0.076 0.073 0.062 0.058 0.057 0.067 0.072 0.077 0.079 0.075 0.068 0.063 0.087 0.079 0.073 0.084 0.069 0.087 0.054 0.056 0.056 0.039 0.079 0.063 0.06 0.057 0.042 0.053 0.05 0.058 0.07 0.071 0.072
0.196 0.127 0.099 0.073 0.062 0.062 0.245 0.324 0.235 0.201 0.221 0.214 0.165 0.156 0.162 0.12 0.103 0.125 0.073 0.093 0.124 0.116 0.12 0.106 0.095 0.084 0.04 0.052 0.054 0.052 0.05 0.056 0.055 0.054 0.054 0.045 0.052 0.054 0.046 0.043 0.04 0.062 0.054 0.061 0.068 0.058 0.06 0.062 0.058 0.058 0.076 0.077 0.074 0.066 0.065 0.071 0.076 0.07 0.062 0.081 0.064 0.066 0.06 0.058 0.049 0.045 0.055 0.057 0.063 0.061 0.048 0.054 0.052 0.055 0.066 0.067 0.064
0.146 0.224 0.198 0.141 0.105 0.106 0.104 0.119 0.172 0.273 0.312 0.317 0.233 0.25 0.33 0.299 0.23 0.206 0.104 0.123 0.188 0.084 0.087 0.081 0.088 0.089 0.082 0.066 0.066 0.072 0.095 0.054 0.064 0.059 0.054 0.054 0.044 0.042 0.041 0.045 0.041 0.049 0.052 0.054 0.052 0.062 0.061 0.054 0.054 0.052 0.06 0.066 0.066 0.053 0.054 0.059 0.069 0.069 0.098 0.082 0.076 0.084 0.05 0.046 0.053 0.056 0.059 0.059 0.048 0.054 0.046 0.063 0.059 0.061 0.072 0.077 0.071
0.206 0.259 0.24 0.212 0.14 0.127 0.083 0.054 0.072 0.137 0.283 0.328 0.283 0.259 0.368 0.332 0.055 0.075 0.185 0.114 0.115 0.086 0.091 0.083 0.071 0.082 0.072 0.053 0.052 0.051 0.051 0.068 0.056 0.045 0.062 0.063 0.051 0.052 0.039 0.038 0.033 0.039 0.039 0.043 0.048 0.057 0.067 0.052 0.052 0.054 0.054 0.071 0.08 0.063 0.069 0.092 0.074 0.065 0.075 0.079 0.074 0.056 0.075 0.051 0.054 0.055 0.046 0.045 0.056 0.046 0.051 0.05 0.048 0.05 0.044 0.056 0.052
0.082 0.129 0.188 0.221 0.193 0.17 0.091 0.067 0.085 0.181 0.21 0.273 0.299 0.317 0.293 -0.3 -0.3 0.139 0.137 0.121 0.073 0.074 0.082 0.074 0.077 0.088 0.061 0.061 0.063 0.06 0.056 0.063 0.058 0.06 0.071 0.055 0.045 0.048 0.038 0.05 0.055 0.05 0.037 0.05 0.05 0.054 0.053 0.054 0.061 0.068 0.079 0.082 0.068 0.061 0.056 0.059 0.065 0.082 0.071 0.074 0.077 0.078 0.076 0.065 0.063 0.061 0.059 0.052 0.048 0.042 0.036 0.065 0.053 0.054 0.062 0.075 0.07
0.058 0.273 0.21 0.085 0.043 0.066 0.065 0.058 0.068 0.061 0.109 0.378 0.352 0.375 -0.3 0.054 0.072 0.085 0.119 0.104 -0.3 0.085 0.076 0.075 0.078 0.085 0.079 0.105 0.081 0.07 0.094 0.074 0.064 0.06 0.067 0.069 0.065 0.061 0.058 0.067 0.055 0.045 0.055 0.059 0.059 0.058 0.06 0.065 0.066 0.064 0.067 0.067 0.065 0.066 0.062 0.06 0.066 0.059 0.06 0.06 0.065 0.063 0.059 0.051 0.055 0.056 0.061 0.053 0.061 0.067 0.066 0.082 0.074 0.076 0.078 0.075 0.07
0.043 0.307 0.276 0.272 0.202 0.241 0.251 0.192 0.108 0.066 0.173 0.356 0.282 0.205 0.116 0.096 0.084 0.085 0.115 0.089 0.101 0.085 0.1 0.076 0.07 0.066 0.083 0.095 0.093 0.084 0.079 0.069 0.067 0.064 0.068 0.072 0.062 0.059 0.052 0.055 0.054 0.046 0.053 0.059 0.058 0.058 0.057 0.06 0.057 0.063 0.065 0.073 0.063 0.068 0.056 0.061 0.057 0.055 0.065 0.07 0.072 0.054 0.052 0.054 0.053 0.04 0.068 0.069 0.071 0.071 0.06 0.077 0.067 0.071 0.067 0.068 0.069
0.047 0.049 0.035 0.047 0.225 0.269 0.298 0.378 0.175 0.051 0.034 0.065 0.056 0.06 0.093 0.081 0.07 0.076 0.092 0.081 0.073 0.069 0.059 0.059 0.058 0.069 0.053 0.067 0.082 0.079 0.075 0.065 0.077 0.075 0.081 0.081 0.068 0.056 0.062 0.057 0.053 0.058 0.074 0.07 0.056 0.054 0.057 0.061 0.062 0.059 0.06 0.061 0.059 0.054 0.054 0.041 0.059 0.065 0.064 0.058 0.063 0.059 0.049 0.056 0.053 0.053 0.05 0.049 0.06 0.043 0.045 0.075 0.059 0.053 0.062 0.059 0.053
0.048 0.046 0.034 0.038 0.166 0.118 0.317 0.129 0.168 0.018 0.032 0.047 0.05 0.048 0.057 0.092 0.107 0.109 0.088 0.077 0.068 0.07 0.067 0.069 0.066 0.075 0.06 0.059 0.077 0.086 0.075 0.075 0.065 0.063 0.076 0.08 0.055 0.05 0.059 0.064 0.064 0.059 0.058 0.065 0.063 0.058 0.058 0.059 0.059 0.064 0.06 0.063 0.063 0.057 0.064 0.046 0.052 0.059 0.061 0.054 0.056 0.049 0.05 0.056 0.048 0.05 0.052 0.049 0.039 0.049 0.05 0.063 0.058 0.053 0.059 0.062 0.07
0.046 0.045 0.034 0.038 0.155 0.142 0.243 0.171 0.143 0.056 0.039 0.045 0.052 0.045 0.051 0.058 0.088 0.102 0.118 0.112 0.121 0.097 0.09 0.101 0.08 0.085 0.081 0.079 0.061 0.077 0.055 0.061 0.063 0.065 0.054 0.051 0.049 0.043 0.046 0.054 0.054 0.054 0.053 0.058 0.06 0.07 0.064 0.061 0.059 0.055 0.055 0.05 0.056 0.06 0.071 0.052 0.055 0.053 0.053 0.045 0.048 0.051 0.044 0.049 0.045 0.052 0.055 0.076 0.05 0.051 0.047 0.053 0.054 0.054 0.058 0.062 0.056
0.064 0.062 0.068 0.068 0.272 0.312 0.268 0.304 0.254 0.158 0.072 0.041 0.051 0.045 0.043 0.048 0.051 0.069 0.1 0.071 0.072 0.085 0.11 0.092 0.077 0.116 0.112 0.1 0.102 0.1 0.125 0.058 0.064 0.063 0.053 0.045 0.055 0.053 0.063 0.058 0.054 0.061 0.058 0.06 0.062 0.059 0.056 0.059 0.055 0.049 0.046 0.049 0.048 0.053 0.063 0.059 0.061 0.064 0.057 0.06 0.07 0.054 0.087 0.049 0.052 0.049 0.055 0.052 0.054 0.049 0.051 0.051 0.05 0.048 0.049 0.051 0.054
0.105 0.135 0.132 0.136 0.142 0.271 0.132 0.154 0.251 0.306 0.238 0.159 0.179 0.143 0.072 0.063 0.052 0.054 0.062 0.059 0.06 0.086 0.093 0.077 0.064 0.077 0.092 0.073 0.069 0.067 0.069 0.057 0.051 0.048 0.044 0.045 0.054 0.043 0.052 0.049 0.074 0.057 0.05 0.056 0.052 0.051 0.058 0.058 0.062 0.06 0.053 0.055 0.047 0.046 0.055 0.056 0.055 0.056 0.053 0.061 0.078 0.053 0.06 0.058 0.048 0.05 0.066 0.066 0.064 0.059 0.06 0.055 0.054 0.052 0.053 0.054 0.054
0.075 0.067 0.093 0.078 0.082 0.089 0.206 0.181 0.17 0.182 0.227 0.126 0.12 0.133 0.163 0.204 0.09 0.061 0.036 0.034 0.034 0.04 0.041 0.049 0.06 0.064 0.068 0.072 0.065 0.062 0.064 0.054 0.048 0.051 0.051 0.051 0.05 0.046 0.045 0.046 0.049 0.057 0.059 0.073 0.076 0.076 0.065 0.061 0.067 0.056 0.051 0.046 0.044 0.044 0.049 0.045 0.045 0.047 0.054 0.05 0.058 0.058 0.063 0.064 0.071 0.069 0.066 0.064 0.06 0.065 0.062 0.056 0.054 0.051 0.052 0.049 0.048
0.098 0.079 0.11 0.129 0.131 0.122 0.167 0.184 0.143 0.108 0.166 0.106 0.092 0.075 0.077 0.108 0.093 0.073 0.068 0.033 0.033 0.03 0.03 0.037 0.034 0.036 0.051 0.054 0.055 0.064 0.045 0.056 0.05 0.076 0.055 0.051 0.057 0.048 0.046 0.042 0.038 0.049 0.055 0.061 0.07 0.059 0.058 0.057 0.051 0.048 0.052 0.048 0.051 0.061 0.047 0.046 0.057 0.047 0.055 0.052 0.058 0.052 0.052 0.06 0.065 0.063 0.062 0.059 0.053 0.052 0.06 0.055 0.05 0.048 0.041 0.046 0.048
0.096 0.125 0.156 0.159 0.122 0.102 0.11 0.1 0.14 0.137 0.119 0.126 0.106 0.121 0.071 0.07 0.09 0.065 0.066 0.064 0.076 0.036 0.039 0.047 0.038 0.039 0.03 0.04 0.048 0.054 0.057 0.054 0.041 0.043 0.048 0.047 0.05 0.048 0.041 0.042 0.042 0.055 0.061 0.05 0.053 0.056 0.062 0.063 0.059 0.05 0.049 0.054 0.051 0.057 0.053 0.056 0.052 0.051 0.061 0.053 0.053 0.054 0.064 0.064 0.062 0.06 0.053 0.055 0.055 0.056 0.05 0.051 0.051 0.048 0.04 0.042 0.049
0.067 0.076 0.076 0.059 0.058 0.058 0.052 0.052 0.051 0.052 0.053 0.05 0.043 0.054 0.079 0.111 0.131 0.114 0.062 0.043 0.045 0.051 0.051 0.041 0.041 0.037 0.037 0.042 0.038 0.043 0.046 0.038 0.034 0.043 0.044 0.042 0.044 0.051 0.047 0.043 0.043 0.05 0.052 0.055 0.052 0.054 0.051 0.054 0.052 0.047 0.041 0.05 0.05 0.053 0.045 0.046 0.053 0.058 0.056 0.063 0.056 0.045 0.056 0.056 0.064 0.062 0.061 0.052 0.049 0.053 0.037 0.036 0.035 0.038 0.039 0.049 0.05
0.054 0.054 0.056 0.06 0.055 0.051 0.05 0.05 0.049 0.049 0.049 0.045 0.045 0.05 0.052 0.056 0.135 0.17 0.175 0.117 0.043 0.044 0.053 0.05 0.041 0.049 0.033 0.03 0.035 0.041 0.034 0.034 0.035 0.041 0.045 0.041 0.048 0.044 0.042 0.04 0.045 0.053 0.057 0.056 0.049 0.052 0.052 0.053 -0.3 0.056 0.048 0.046 0.044 0.047 0.045 0.057 0.056 0.058 0.055 0.058 0.057 0.053 0.061 0.061 0.059 0.061 0.063 0.056 0.055 0.054 0.052 0.049 0.046 0.045 0.042 0.038 0.043
0.052 0.053 0.051 0.05 0.05 0.049 0.048 0.048 0.048 0.047 0.046 0.046 0.045 0.046 0.052 0.049 0.059 0.076 0.108 0.106 0.084 0.085 0.113 0.164 0.169 0.181 0.039 0.035 0.032 0.034 0.044 0.038 0.038 0.042 0.043 0.041 0.044 0.04 0.04 0.042 0.042 0.048 0.05 0.048 0.043 0.041 0.054 -0.3 -0.3 0.033 0.049 0.04 0.04 0.043 0.051 0.057 0.058 0.058 0.052 0.057 0.055 0.059 0.062 0.055 0.049 0.051 0.052 0.049 0.051 0.046 0.043 0.039 0.039 0.036 0.034 0.033 0.045
0.05 0.051 0.053 0.051 0.047 0.047 0.047 0.047 0.047 0.046 0.046 0.047 0.046 0.047 0.048 0.048 0.049 0.05 0.048 0.066 0.15 0.105 0.072 0.154 0.211 0.141 0.052 0.038 0.033 0.032 0.043 0.03 0.028 0.034 0.035 0.037 0.035 0.041 0.041 0.04 0.044 0.044 0.043 0.045 0.045 0.049 0.05 0.053 -0.3 0.026 0.041 0.04 0.039 0.044 0.052 0.059 0.054 0.051 0.054 0.055 0.043 0.049 0.045 0.046 0.05 0.049 0.048 0.045 0.045 0.04 0.03 0.036 0.038 0.032 0.036 0.035 0.047
