data/china_ndvi_max_1987.asc
ncols         710
nrows         510
xllcorner     70
yllcorner     10
cellsize      0.1
NODATA_value  -9999
[rows 272 to 305 of 510, columns 462 to 538 of 710]
0.561 0.573 0.558 0.571 0.532 0.555 0.56 0.544 0.533 0.537 0.582 0.58 0.592 0.54 0.552 0.585 0.58 0.573 0.57 0.559 0.546 0.57 0.563 0.551 0.497 0.485 0.566 0.543 0.547 0.552 0.558 0.542 0.529 0.556 0.638 0.556 0.592 0.58 0.528 0.53 0.55 0.565 0.376 0.106 -9999 -9999 -9999 -9999 -9999 -9999 -9999 -9999 -9999 -9999 -9999 -9999 -9999 -9999 -9999 -9999 -9999 -9999 -9999 -9999 -9999 -9999 -9999 -9999 -9999 -9999 -9999 -9999 -9999 -9999 -9999 -9999 -9999
0.555 0.544 0.523 0.576 0.503 0.561 0.565 0.526 0.477 0.539 0.601 0.596 0.592 0.588 0.598 0.528 0.537 0.538 0.48 0.468 0.51 0.56 0.575 0.446 0.578 0.538 0.542 0.53 0.351 0.458 0.528 0.567 0.538 0.57 0.522 0.561 0.599 0.59 0.54 0.544 0.535 0.567 0.503 0.416 -9999 -9999 -9999 -9999 -9999 -9999 -9999 -9999 -9999 -9999 -9999 -9999 -9999 -9999 -9999 -9999 -9999 -9999 -9999 -9999 -9999 -9999 -9999 -9999 -9999 -9999 -9999 -9999 -9999 -9999 -9999 -9999 -9999
0.522 0.56 0.565 0.557 0.538 0.552 0.55 0.542 0.496 0.489 0.547 0.574 0.577 0.544 0.549 0.553 0.551 0.522 0.504 0.438 0.464 0.537 0.532 -0.3 0.458 0.529 0.524 0.519 0.389 0.414 0.489 0.572 0.58 0.566 0.572 0.57 0.576 0.586 0.526 0.551 0.527 0.538 0.531 0.328 -9999 -9999 -9999 -9999 -9999 -9999 -9999 -9999 -9999 -9999 -9999 -9999 -9999 -9999 -9999 -9999 -9999 -9999 -9999 -9999 -9999 -9999 -9999 -9999 -9999 -9999 -9999 -9999 -9999 -9999 -9999 -9999 -9999
0.562 0.544 0.523 0.541 0.527 0.546 0.554 0.564 0.59 0.517 0.495 0.497 0.477 0.549 0.515 0.479 0.517 0.51 0.522 0.518 0.508 0.54 0.537 0.387 -0.3 -0.3 -0.3 0.36 0.566 0.588 0.568 0.667 0.565 0.464 0.53 0.567 0.584 0.583 0.525 0.36 0.446 0.575 0.617 0.53 -0.3 -9999 -9999 -9999 -9999 -9999 -9999 -9999 -9999 -9999 -9999 -9999 -9999 -9999 -9999 -9999 -9999 -9999 -9999 -9999 -9999 -9999 -9999 -9999 -9999 -9999 -9999 -9999 -9999 -9999 -9999 -9999 -9999
0.555 0.548 0.559 0.49 0.535 0.56 0.54 0.548 0.502 0.51 0.502 0.464 0.488 0.491 0.497 0.536 0.521 0.541 0.496 0.478 0.439 0.53 0.58 -0.3 -0.3 -0.3 -0.3 0.423 0.532 0.484 0.534 0.55 0.585 0.552 0.652 0.471 0.619 0.595 0.548 0.534 0.544 0.552 0.57 0.471 0.384 -9999 -9999 -9999 -9999 -9999 -9999 -9999 -9999 -9999 -9999 -9999 -9999 -9999 -9999 -9999 -9999 -9999 -9999 -9999 -9999 -9999 -9999 -9999 -9999 -9999 -9999 -9999 -9999 -9999 -9999 -9999 -9999
0.545 0.551 0.549 0.614 0.508 0.532 0.534 0.542 0.516 0.508 0.507 0.508 0.562 0.464 0.484 0.533 0.419 0.497 0.452 0.48 0.429 -0.3 -0.3 -0.3 -0.3 -0.3 0.492 0.557 0.574 0.419 0.48 0.415 0.578 0.532 0.562 0.582 0.489 0.572 0.591 0.562 0.577 0.553 0.568 0.497 0.472 0.44 -9999 -9999 -9999 -9999 -9999 -9999 -9999 -9999 -9999 -9999 -9999 -9999 -9999 -9999 -9999 -9999 -9999 -9999 -9999 -9999 -9999 -9999 -9999 -9999 -9999 -9999 -9999 -9999 -9999 -9999 -9999
0.528 0.576 0.584 0.535 0.542 0.556 0.551 0.508 0.453 0.482 0.485 0.499 0.494 0.51 0.475 0.419 0.51 0.449 0.451 0.487 0.501 0.509 0.451 0.335 0.514 -0.3 0.526 0.575 0.564 0.59 0.544 0.597 0.557 0.598 0.541 0.571 0.54 0.551 0.545 0.548 0.573 0.54 0.56 0.505 0.497 0.414 -9999 -9999 -9999 -9999 -9999 -9999 -9999 -9999 -9999 -9999 -9999 -9999 -9999 -9999 -9999 -9999 -9999 -9999 -9999 -9999 -9999 -9999 -9999 -9999 -9999 -9999 -9999 -9999 -9999 -9999 -9999
0.544 0.533 0.564 0.519 0.544 0.532 0.534 0.545 0.476 0.477 0.496 0.557 0.511 0.535 0.557 0.501 0.503 0.435 0.436 0.436 0.479 0.477 0.463 0.456 0.54 0.443 0.517 0.519 0.503 0.517 0.575 0.4 0.407 0.57 0.584 0.525 0.521 0.546 0.516 0.548 0.551 0.565 0.555 0.524 0.525 0.57 0.389 -9999 -9999 -9999 -9999 -9999 -9999 -9999 -9999 -9999 -9999 -9999 -9999 -9999 -9999 -9999 -9999 -9999 -9999 -9999 -9999 -9999 -9999 -9999 -9999 -9999 -9999 -9999 -9999 -9999 -9999
0.544 0.522 0.494 0.573 0.57 0.61 0.586 0.656 0.572 0.486 0.453 0.484 0.476 0.475 0.478 0.525 0.477 0.486 0.373 0.445 0.35 0.517 0.545 0.477 0.472 0.473 0.507 0.562 0.579 0.402 0.532 -0.3 -0.3 0.515 0.535 0.572 0.572 0.506 0.568 0.608 0.577 0.479 0.53 0.524 0.532 0.537 0.548 -9999 -9999 -9999 -9999 -9999 -9999 -9999 -9999 -9999 -9999 -9999 -9999 -9999 -9999 -9999 -9999 -9999 -9999 -9999 -9999 -9999 -9999 -9999 -9999 -9999 -9999 -9999 -9999 -9999 -9999
0.53 0.53 0.512 0.51 0.59 0.547 0.514 0.508 0.506 0.463 0.529 0.532 0.496 0.575 0.504 0.488 0.478 0.477 0.44 0.488 0.506 0.533 0.52 0.5 0.445 0.45 0.523 0.538 0.476 0.263 -0.3 -0.3 -0.3 0.592 0.573 0.591 0.577 0.585 0.588 0.591 0.577 0.535 0.528 0.564 0.545 0.495 0.516 -9999 -9999 -9999 -9999 -9999 -9999 -9999 -9999 -9999 -9999 -9999 -9999 -9999 -9999 -9999 -9999 -9999 -9999 -9999 -9999 -9999 -9999 -9999 -9999 -9999 -9999 -9999 -9999 -9999 -9999
0.506 0.521 0.565 0.511 0.466 0.465 0.444 0.539 0.446 0.455 0.483 0.498 0.516 0.521 0.493 0.495 0.457 0.492 0.432 0.447 0.477 0.53 0.55 0.5 0.492 0.426 0.525 0.537 0.501 0.496 0.395 0.511 0.437 0.566 0.624 0.59 0.567 0.549 0.576 0.505 0.543 0.582 0.582 0.592 0.583 0.538 0.553 0.373 -9999 -9999 -9999 -9999 -9999 -9999 -9999 -9999 -9999 -9999 -9999 -9999 -9999 -9999 -9999 -9999 -9999 -9999 -9999 -9999 -9999 -9999 -9999 -9999 -9999 -9999 -9999 -9999 -9999
0.522 0.492 0.529 0.535 0.482 0.506 0.43 0.359 0.426 0.496 0.469 0.524 0.508 0.523 0.49 0.47 0.434 0.452 0.458 0.502 0.56 0.615 0.463 0.49 0.461 0.496 0.523 0.527 0.513 0.522 0.51 0.556 0.474 0.529 0.568 0.595 0.58 0.576 0.52 0.539 0.574 0.596 0.592 0.569 0.565 0.528 0.52 0.457 -9999 -9999 -9999 -9999 -9999 -9999 -9999 -9999 -9999 -9999 -9999 -9999 -9999 -9999 -9999 -9999 -9999 -9999 -9999 -9999 -9999 -9999 -9999 -9999 -9999 -9999 -9999 -9999 -9999
0.485 0.435 0.497 0.455 0.424 0.548 0.482 0.383 0.486 0.479 0.481 0.525 0.51 0.441 0.422 0.405 0.423 0.416 0.461 0.498 0.486 0.473 0.477 0.52 0.491 0.478 0.472 0.478 0.482 0.486 0.522 0.504 0.493 0.528 0.55 0.565 0.575 0.531 0.552 0.522 0.574 0.6 0.617 0.596 0.585 0.564 0.543 0.537 0.44 -9999 -9999 -9999 -9999 -9999 -9999 -9999 -9999 -9999 -9999 -9999 -9999 -9999 -9999 -9999 -9999 -9999 -9999 -9999 -9999 -9999 -9999 -9999 -9999 -9999 -9999 -9999 -9999
0.322 0.436 0.384 0.467 0.548 0.573 0.511 0.409 0.446 0.48 0.501 0.449 0.463 0.425 0.373 0.42 0.419 0.479 0.545 0.487 0.485 0.472 0.449 0.49 0.5 0.501 0.491 0.487 0.47 0.486 0.491 0.507 0.391 0.452 0.501 0.534 0.58 0.6 0.589 0.582 0.587 0.605 0.578 0.489 0.536 0.565 0.566 0.579 0.575 0.566 0.546 0.544 -9999 -9999 -9999 -9999 -9999 -9999 -9999 -9999 -9999 -9999 -9999 -9999 -9999 -9999 -9999 -9999 -9999 -9999 -9999 -9999 -9999 -9999 -9999 -9999 -9999
0.32 0.338 0.21 0.481 0.501 0.434 0.492 0.307 0.46 0.446 0.467 0.448 0.454 0.456 0.45 0.443 0.477 0.495 0.59 0.55 0.549 0.419 0.42 0.512 0.494 0.512 0.462 0.5 0.496 0.457 0.45 0.537 0.515 0.506 0.563 0.481 0.434 0.387 0.571 0.563 0.572 0.591 0.575 0.562 0.569 0.571 0.585 0.582 0.569 0.556 0.492 0.541 -9999 -9999 -9999 -9999 -9999 -9999 -9999 -9999 -9999 -9999 -9999 -9999 -9999 -9999 -9999 -9999 -9999 -9999 -9999 -9999 -9999 -9999 -9999 -9999 -9999
0.397 0.404 0.327 0.468 0.5 0.506 0.451 0.426 0.463 0.448 0.444 0.452 0.455 0.481 0.471 0.465 0.448 0.465 0.522 0.59 0.543 0.487 0.452 0.482 0.465 0.463 0.357 0.394 0.381 0.468 0.425 0.399 0.372 0.367 0.367 0.488 0.549 0.425 0.516 0.579 0.576 0.577 0.563 0.543 0.553 0.568 0.557 0.552 0.568 0.544 0.529 0.537 -9999 -9999 -9999 -9999 -9999 -9999 -9999 -9999 -9999 -9999 -9999 -9999 -9999 -9999 -9999 -9999 -9999 -9999 -9999 -9999 -9999 -9999 -9999 -9999 -9999
0.478 0.379 0.372 0.466 0.497 0.486 0.434 0.454 0.431 0.427 0.432 0.411 0.452 0.46 0.441 0.444 0.465 0.516 0.581 0.563 0.482 0.446 0.468 0.473 0.587 0.41 0.306 0.39 0.585 0.626 0.6 0.565 0.557 0.529 0.495 0.508 0.472 0.562 0.546 0.578 0.553 0.573 0.578 0.538 0.533 0.546 0.537 0.56 0.546 0.533 0.544 0.538 0.569 -0.3 -9999 -9999 -9999 -9999 -9999 -9999 -9999 -9999 -9999 -9999 -9999 -9999 -9999 -9999 -9999 -9999 -9999 -9999 -9999 -9999 -9999 -9999 -9999
0.467 0.445 0.422 0.479 0.511 0.497 0.483 0.452 0.428 0.424 0.41 0.399 0.43 0.502 0.483 0.47 0.463 0.494 0.521 0.491 0.502 0.504 0.542 0.575 0.544 0.276 0.42 0.505 0.51 0.522 0.521 0.481 0.49 0.484 0.504 0.513 0.569 0.5 0.576 0.571 0.56 0.528 0.555 -0.3 0.451 0.559 0.411 0.366 0.523 0.54 0.555 0.522 0.517 0.537 0.49 0.394 -9999 -9999 -9999 -9999 -9999 -9999 -9999 -9999 -9999 -9999 -9999 -9999 -9999 -9999 -9999 -9999 -9999 -9999 -9999 -9999 -9999
0.461 0.446 0.447 0.441 0.481 0.47 0.471 0.518 0.464 0.432 0.343 0.226 0.364 0.477 0.497 0.482 0.492 0.552 0.528 0.528 0.543 0.531 0.517 0.323 0.509 0.487 0.416 0.485 0.499 0.513 0.484 0.532 0.531 0.539 0.548 0.542 0.493 0.498 0.554 0.488 0.446 0.381 0.435 0.361 0.455 0.558 0.551 -0.3 0.485 0.477 0.419 0.426 0.509 0.493 0.503 0.525 0.515 -9999 -9999 -9999 -9999 -9999 -9999 -9999 -9999 -9999 -9999 -9999 -9999 -9999 -9999 -9999 -9999 -9999 -9999 -9999 -9999
0.461 0.454 0.446 0.438 0.472 0.459 0.475 0.469 0.464 0.448 0.329 0.359 0.428 0.462 0.461 0.466 0.493 0.539 0.497 0.545 0.553 0.502 0.484 0.452 0.516 0.518 0.466 0.472 0.485 0.453 0.513 0.541 0.515 0.443 0.495 0.521 0.478 0.403 0.398 0.385 0.441 0.427 0.459 0.433 0.429 0.494 0.464 -0.3 -9999 -0.3 0.449 0.522 0.497 -9999 0.488 0.459 0.547 -9999 -9999 -9999 -9999 -9999 -9999 -9999 -9999 -9999 -9999 -9999 -9999 -9999 -9999 -9999 -9999 -9999 -9999 -9999 -9999
0.468 0.478 0.478 0.454 0.468 0.465 0.508 0.514 0.497 0.514 0.461 0.471 0.457 0.457 0.461 0.498 0.568 0.537 0.509 0.52 0.549 0.539 0.43 0.461 0.496 0.556 0.51 0.468 0.422 0.49 0.514 0.547 0.507 0.453 0.501 0.491 0.51 0.386 0.371 0.42 0.442 0.373 0.437 0.477 0.529 0.469 0.45 0.448 0.495 -0.3 -9999 0.588 0.484 0.534 -9999 -9999 0.485 -9999 -9999 -9999 -9999 -9999 -9999 -9999 -9999 -9999 -9999 -9999 -9999 -9999 -9999 -9999 -9999 -9999 -9999 -9999 -9999
0.537 0.537 0.479 0.495 0.465 0.462 0.477 0.473 0.468 0.483 0.518 0.428 -0.3 0.47 -0.3 -0.3 0.427 0.418 0.607 0.59 0.507 0.527 0.374 0.469 0.592 0.576 0.604 0.656 0.445 0.532 0.53 0.554 0.516 -0.3 0.427 0.485 0.456 0.425 0.469 0.44 0.409 0.354 0.373 0.48 0.47 0.41 0.398 0.491 0.496 0.521 0.466 -9999 -9999 0.509 0.534 0.469 -9999 -9999 -9999 -9999 -9999 -9999 -9999 -9999 -9999 -9999 -9999 -9999 -9999 -9999 -9999 -9999 -9999 -9999 -9999 -9999 -9999
0.661 0.533 0.48 0.469 0.532 0.527 0.514 0.5 0.485 0.54 0.52 0.475 0.469 -0.3 -0.3 -0.3 0.447 0.474 0.587 0.479 0.536 0.552 0.3 0.489 0.497 0.477 0.488 0.54 0.576 0.564 0.501 0.48 0.481 0.443 0.453 0.492 -0.3 0.414 0.484 0.488 0.521 0.313 0.361 0.494 0.465 0.4 0.388 0.401 0.48 0.532 0.481 0.354 -9999 -9999 -9999 -9999 0.461 -9999 -9999 -9999 -9999 -9999 -9999 -9999 -9999 -9999 -9999 -9999 -9999 -9999 -9999 -9999 -9999 -9999 -9999 -9999 -9999
0.603 0.571 0.567 0.589 0.641 0.583 0.535 0.523 0.53 0.522 0.521 0.52 0.476 0.508 0.481 0.558 0.522 0.48 0.524 0.521 0.553 0.405 0.265 0.537 0.518 0.529 0.424 0.442 0.557 0.547 0.5 0.498 0.481 0.508 0.482 0.411 0.339 0.504 -0.3 -0.3 -0.3 -0.3 0.348 0.409 0.375 0.377 0.388 0.424 0.376 0.479 0.381 0.424 0.408 0.273 -9999 0.458 -9999 -9999 -9999 -9999 -9999 -9999 -9999 -9999 -9999 -9999 -9999 -9999 -9999 -9999 -9999 -9999 -9999 -9999 -9999 -9999 -9999
0.633 0.614 0.656 0.679 0.588 0.524 0.527 0.523 0.593 0.573 0.511 0.529 0.537 0.48 0.556 0.533 0.545 0.443 0.553 0.508 0.4 0.389 0.346 0.515 0.485 0.463 0.448 0.38 0.53 0.544 0.521 0.514 0.542 0.537 0.473 0.598 0.501 0.484 -9999 -0.3 -0.3 -0.3 0.566 0.343 0.268 0.31 0.371 0.463 0.438 0.454 0.404 0.364 0.367 0.268 0.344 -9999 -9999 -9999 -9999 -9999 -9999 -9999 -9999 -9999 -9999 -9999 -9999 -9999 -9999 -9999 -9999 -9999 -9999 -9999 -9999 -9999 -9999
0.636 0.641 0.612 0.596 0.616 0.609 0.585 0.591 0.54 0.519 0.516 0.514 0.417 0.492 0.562 0.478 0.482 0.452 0.357 0.457 0.521 0.488 0.466 0.452 0.441 0.477 0.449 0.518 0.452 0.483 0.474 0.566 0.637 0.597 0.648 0.686 0.648 0.649 -9999 -0.3 -0.3 -0.3 -0.3 0.471 0.357 0.424 0.41 0.37 0.44 0.404 0.453 0.393 0.287 0.328 0.379 0.399 -9999 -9999 -9999 -9999 -9999 -9999 -9999 -9999 -9999 -9999 -9999 -9999 -9999 -9999 -9999 -9999 -9999 -9999 -9999 -9999 -9999
0.688 0.635 0.656 0.639 0.701 0.682 0.645 0.678 0.539 0.509 0.489 0.514 0.549 0.516 0.459 0.494 0.376 0.389 0.543 0.609 0.544 0.544 0.503 0.47 0.491 0.463 0.429 0.356 0.298 0.484 0.46 0.557 0.629 0.722 0.669 0.642 0.687 0.6 -9999 -0.3 -0.3 0.491 -0.3 -0.3 0.396 0.461 0.433 0.428 0.449 0.429 0.477 0.381 0.364 0.392 0.449 0.473 0.357 -9999 -9999 -9999 -9999 -9999 -9999 -9999 -9999 -9999 -9999 -9999 -9999 -9999 -9999 -9999 -9999 -9999 -9999 -9999 -9999
0.665 0.649 0.653 0.698 0.671 0.67 0.654 0.619 0.514 0.512 0.508 0.489 0.55 0.551 0.423 0.454 0.474 0.504 0.544 0.614 0.655 0.593 0.515 0.537 0.535 0.456 0.51 0.508 0.454 0.532 0.543 0.558 0.618 0.529 0.642 0.669 0.66 0.547 -0.3 -9999 -0.3 -0.3 0.546 0.54 0.502 0.471 0.409 0.397 0.511 0.471 0.421 0.42 0.42 0.457 0.438 0.433 0.467 -9999 -9999 -9999 -9999 -9999 -9999 -9999 -9999 -9999 -9999 -9999 -9999 -9999 -9999 -9999 -9999 -9999 -9999 -9999 -9999
0.63 0.553 0.576 0.631 0.638 0.563 0.539 0.515 0.439 0.298 0.529 0.445 0.511 0.453 0.491 0.468 0.555 0.574 0.614 0.659 0.566 0.527 0.556 0.494 0.541 0.517 0.521 0.527 0.675 0.639 0.603 0.593 0.574 0.511 0.518 0.556 0.505 0.454 0.396 0.399 0.516 0.516 0.495 0.545 0.49 0.445 0.514 0.52 0.501 0.513 0.464 0.508 0.471 0.427 0.403 -0.3 0.047 -9999 -9999 -9999 -9999 -9999 -9999 -9999 -9999 -9999 -9999 -9999 -9999 -9999 -9999 -9999 -9999 -9999 -9999 -9999 -9999
0.632 0.606 0.539 0.652 0.6 0.539 0.539 0.548 0.428 0.331 0.584 0.537 0.419 0.463 0.434 0.395 0.509 0.646 0.598 0.622 0.609 0.578 0.616 0.545 0.54 0.588 0.529 0.522 0.697 0.687 0.648 0.66 0.657 0.603 0.516 0.479 0.498 0.609 0.534 0.483 0.482 0.553 0.557 0.573 0.557 0.51 0.447 0.521 0.546 0.534 0.548 0.528 0.154 -9999 -9999 -9999 -9999 -9999 -9999 -9999 -9999 -9999 -9999 -9999 -9999 -9999 -9999 -9999 -9999 -9999 -9999 -9999 -9999 -9999 -9999 -9999 -9999
0.663 0.606 0.645 0.568 0.555 0.522 0.517 0.534 0.578 0.505 0.464 0.443 0.467 0.468 0.53 0.539 0.537 0.557 0.606 0.651 0.606 0.636 0.598 0.662 0.694 0.68 0.656 0.592 0.666 0.625 0.634 0.645 0.646 0.641 0.62 0.565 0.693 0.708 0.577 0.49 0.486 0.553 0.558 0.523 0.516 0.492 0.524 0.548 0.519 0.606 0.526 -9999 -9999 -9999 -9999 -9999 -9999 -9999 -9999 -9999 -9999 -9999 -9999 -9999 -9999 -9999 -9999 -9999 -9999 -9999 -9999 -9999 -9999 -9999 -9999 -9999 -9999
0.654 0.649 0.68 0.496 0.553 0.516 0.547 0.567 0.607 0.405 0.354 0.489 0.505 0.544 0.616 0.611 0.604 0.508 0.706 0.645 0.575 0.54 0.642 0.738 0.68 0.713 0.751 0.709 0.6 0.69 0.688 0.648 0.726 0.557 0.528 0.541 0.708 0.71 0.475 0.373 0.452 0.505 0.579 0.45 0.528 0.517 0.561 0.573 0.534 0.556 -9999 -9999 -9999 -9999 -9999 -9999 -9999 -9999 -9999 -9999 -9999 -9999 -9999 -9999 -9999 -9999 -9999 -9999 -9999 -9999 -9999 -9999 -9999 -9999 -9999 -9999 -9999
0.585 0.644 0.614 0.522 0.533 0.542 0.595 0.559 0.378 0.44 0.414 0.495 0.533 0.647 0.672 0.629 0.626 0.611 0.656 0.657 0.637 0.623 0.719 0.682 0.772 0.75 0.722 0.677 0.644 0.653 0.707 0.714 0.67 0.603 0.689 0.672 0.732 0.674 0.535 0.45 0.454 0.502 0.546 0.502 0.525 0.513 0.565 0.544 -9999 -9999 -9999 -9999 -9999 -9999 -9999 -9999 -9999 -9999 -9999 -9999 -9999 -9999 -9999 -9999 -9999 -9999 -9999 -9999 -9999 -9999 -9999 -9999 -9999 -9999 -9999 -9999 -9999
0.618 0.524 0.507 0.582 0.49 0.535 0.498 0.472 0.368 0.458 0.581 0.601 0.647 0.657 0.639 0.69 0.657 0.617 0.635 0.699 0.705 0.7 0.576 0.608 0.619 0.668 0.653 0.593 0.612 0.631 0.659 0.649 0.746 0.787 0.802 0.75 0.667 0.544 0.551 0.451 0.56 0.469 0.443 0.367 -0.3 -0.3 0.532 0.454 -9999 -9999 -9999 -9999 -9999 -9999 -9999 -9999 -9999 -9999 -9999 -9999 -9999 -9999 -9999 -9999 -9999 -9999 -9999 -9999 -9999 -9999 -9999 -9999 -9999 -9999 -9999 -9999 -9999
