data/china_ndvi_max_1988.asc
ncols         710
nrows         510
xllcorner     70
yllcorner     10
cellsize      0.1
NODATA_value  -9999
[rows 280 to 314 of 510, columns 308 to 384 of 710]
0.441 0.476 0.434 0.439 0.472 0.464 0.47 0.463 0.468 0.465 0.475 0.489 0.474 0.464 0.532 0.506 0.463 0.494 0.517 0.503 0.498 0.478 0.5 0.495 0.493 0.447 0.516 0.568 0.595 0.548 0.366 0.295 0.39 0.489 0.654 0.651 0.627 0.606 0.597 0.546 0.417 0.5 0.607 0.588 0.649 0.661 0.673 0.654 0.634 0.615 0.56 0.528 0.583 0.625 0.577 0.592 0.566 0.676 0.698 0.642 0.613 0.555 0.575 0.572 0.603 0.678 0.675 0.587 0.631 0.628 0.633 0.656 0.62 0.604 0.594 0.591 0.674
0.477 0.497 0.471 0.458 0.486 0.429 0.385 0.47 0.476 0.479 0.502 0.484 0.514 0.494 0.472 0.46 0.482 0.501 0.53 0.488 0.481 0.521 0.458 0.526 0.484 0.51 0.536 0.577 0.524 0.533 0.357 0.59 0.5 0.567 0.644 0.654 0.597 0.664 0.657 0.656 0.623 0.604 0.597 0.578 0.599 0.644 0.594 0.656 0.623 0.581 0.567 0.541 0.587 0.606 0.583 0.588 0.591 0.706 0.735 0.719 0.669 0.637 0.612 0.643 0.677 0.688 0.712 0.635 0.648 0.694 0.684 0.642 0.617 0.612 0.596 0.562 0.563
0.488 0.512 0.525 0.525 0.491 0.457 0.447 0.494 0.519 0.522 0.526 0.521 0.53 0.489 0.486 0.519 0.524 0.498 0.489 0.458 0.474 0.444 0.482 0.531 0.538 0.55 0.53 0.556 0.519 0.525 0.341 0.356 0.645 0.641 0.654 0.593 0.674 0.641 0.549 0.68 0.681 0.694 0.659 0.648 0.673 0.664 0.67 0.576 0.666 0.648 0.588 0.531 0.567 0.577 0.625 0.643 0.571 0.697 0.726 0.705 0.729 0.728 0.718 0.728 0.712 0.725 0.732 0.72 0.672 0.694 0.669 0.656 0.608 0.625 0.613 0.607 0.554
0.449 0.424 0.519 0.588 0.565 0.534 0.495 0.507 0.507 0.491 0.542 0.522 0.484 0.518 0.503 0.514 0.502 0.44 0.47 0.524 0.44 0.44 0.515 0.592 0.493 0.523 0.589 0.575 0.517 0.563 0.447 0.162 0.534 0.603 0.616 0.597 0.636 0.701 0.694 0.687 0.672 0.685 0.653 0.683 0.672 0.62 0.585 0.621 0.641 0.604 0.531 0.479 0.595 0.593 0.636 0.649 0.669 0.701 0.679 0.719 0.697 0.685 0.749 0.647 0.697 0.737 0.706 0.727 0.724 0.688 0.665 0.643 0.605 0.645 0.609 0.603 0.572
0.502 0.462 0.518 0.496 0.479 0.538 0.528 0.543 0.545 0.535 0.512 0.497 0.509 0.518 0.491 0.489 0.519 0.501 0.472 0.419 0.311 0.327 0.553 0.468 0.488 0.495 0.605 0.595 0.538 0.553 0.428 0.601 0.65 0.647 0.589 0.627 0.657 0.682 0.675 0.64 0.674 0.705 0.638 0.649 0.647 0.634 0.634 0.613 0.613 0.585 0.554 0.55 0.591 0.56 0.631 0.643 0.659 0.683 0.701 0.716 0.649 0.648 0.684 0.682 0.687 0.696 0.709 0.705 0.705 0.669 0.662 0.63 0.607 0.602 0.616 0.595 0.558
0.48 0.474 0.504 0.456 0.483 0.439 0.32 0.597 0.651 0.564 0.496 0.534 0.531 0.499 0.502 0.518 0.509 0.516 0.357 0.36 0.349 0.416 0.575 0.621 0.626 0.619 0.556 0.598 0.628 0.565 0.536 0.629 0.638 0.669 0.603 0.613 0.658 0.589 0.591 0.62 0.697 0.642 0.607 0.59 0.586 0.632 0.688 0.614 0.477 0.47 0.526 0.57 0.645 0.587 0.627 0.627 0.676 0.591 0.642 0.627 0.597 0.601 0.656 0.687 0.677 0.663 0.663 0.685 0.623 0.632 0.651 0.644 0.641 0.627 0.626 0.627 0.623
0.536 0.52 0.523 0.535 0.507 0.507 0.487 0.423 0.613 0.47 0.537 0.513 0.586 0.481 0.518 0.5 0.511 0.476 0.36 0.253 0.452 0.568 0.476 0.634 0.561 0.633 0.525 0.657 0.626 0.605 0.555 0.539 0.692 0.615 0.643 0.645 0.637 0.667 0.685 0.64 0.631 0.572 0.678 0.639 0.648 0.651 0.559 0.568 0.626 0.561 0.562 0.604 0.626 0.643 0.586 0.606 0.654 0.613 0.646 0.649 0.623 0.661 0.665 0.685 0.667 0.688 0.716 0.668 0.664 0.663 0.65 0.625 0.641 0.632 0.628 0.628 0.629
0.416 0.471 0.493 0.441 0.533 0.506 0.472 0.602 0.522 0.595 0.637 0.659 0.71 0.674 0.624 0.532 0.366 0.494 0.39 0.478 0.333 0.575 0.547 0.562 0.573 0.572 0.465 0.573 0.488 0.502 0.606 0.701 0.638 0.674 0.642 0.663 0.681 0.664 0.686 0.665 0.6 0.631 0.699 0.657 0.658 0.606 0.629 0.597 0.581 0.55 0.591 0.595 0.62 0.603 0.55 0.579 0.64 0.595 0.615 0.592 0.607 0.624 0.691 0.702 0.658 0.684 0.642 0.661 0.692 0.637 0.626 0.619 0.62 0.668 0.654 0.626 0.621
0.434 0.448 0.543 0.389 0.453 0.428 0.401 0.51 0.568 0.682 0.66 0.675 0.641 0.698 0.726 0.631 0.542 0.561 0.384 0.612 0.615 0.704 0.541 0.576 0.548 0.601 0.459 0.599 0.648 0.622 0.655 0.688 0.635 0.656 0.672 0.727 0.739 0.654 0.67 0.647 0.617 0.7 0.692 0.646 0.676 0.661 0.611 0.59 0.592 0.572 0.593 0.592 0.606 0.62 0.596 0.615 0.643 0.619 0.613 0.591 0.621 0.619 0.694 0.678 0.65 0.66 0.647 0.627 0.599 0.7 0.641 0.64 0.598 0.65 0.658 0.627 0.6
0.304 0.311 0.498 0.45 0.461 0.387 0.489 0.469 0.576 0.534 0.513 0.528 0.65 0.426 0.534 0.544 0.408 0.486 0.562 0.53 0.594 0.532 0.628 0.65 0.58 0.557 0.583 0.514 0.604 0.616 0.586 0.642 0.661 0.658 0.663 0.7 0.804 0.69 0.656 0.654 0.669 0.691 0.587 0.624 0.662 0.617 0.618 0.612 0.594 0.562 0.581 0.559 0.584 0.596 0.588 0.593 0.604 0.605 0.616 0.606 0.605 0.638 0.669 0.66 0.662 0.652 0.652 0.563 0.649 0.657 0.654 0.648 0.575 0.614 0.669 0.663 0.642
0.563 0.596 0.428 0.631 0.574 0.569 0.552 0.556 0.418 0.563 0.662 0.53 0.704 0.683 0.727 0.727 0.723 0.635 0.671 0.513 0.386 0.355 0.334 0.52 0.644 0.613 0.585 0.537 0.574 0.617 0.684 0.661 0.728 0.708 0.662 0.69 0.675 0.698 0.74 0.667 0.553 0.54 0.575 0.59 0.61 0.62 0.631 0.627 0.59 0.534 0.536 0.509 0.529 0.545 0.568 0.611 0.612 0.607 0.587 0.575 0.53 0.584 0.581 0.585 0.575 0.566 0.588 0.618 0.607 0.637 0.667 0.657 0.583 0.615 0.604 0.639 0.673
0.535 0.49 0.477 0.627 0.651 0.626 0.569 0.625 0.662 0.612 0.668 0.638 0.551 0.569 0.596 0.698 0.691 0.685 0.628 0.532 0.346 0.527 0.429 0.451 0.424 0.59 0.623 0.612 0.538 0.553 0.572 0.575 0.685 0.733 0.695 0.688 0.728 0.716 0.638 0.582 0.564 0.561 0.537 0.547 0.568 0.594 0.601 0.56 0.557 0.546 0.512 0.483 0.542 0.57 0.583 0.581 0.595 0.587 0.543 0.537 0.553 0.571 0.562 0.564 0.559 0.562 0.569 0.64 0.661 0.64 0.623 0.626 0.598 0.606 0.605 0.652 0.688
0.532 0.511 0.495 0.579 0.456 0.57 0.493 0.689 0.523 0.566 0.449 0.56 0.671 0.693 0.466 0.53 0.473 0.53 0.329 0.558 0.693 0.363 0.563 0.65 0.614 0.56 0.639 0.627 0.641 0.677 0.622 0.616 0.72 0.721 0.651 0.707 0.698 0.686 0.584 0.575 0.568 0.56 0.545 0.525 0.545 0.588 0.551 0.526 0.502 0.518 0.524 0.509 0.528 0.587 0.582 0.563 0.579 0.568 0.578 0.597 0.572 0.602 0.567 0.562 0.554 0.55 0.589 0.609 0.647 0.679 0.637 0.628 0.646 0.622 0.616 0.672 0.679
0.546 0.537 0.451 0.458 0.57 0.379 0.411 0.504 0.308 0.557 0.53 0.62 0.664 0.654 0.49 0.454 0.601 0.391 0.387 0.506 0.675 0.497 0.373 0.627 0.703 0.722 0.709 0.664 0.657 0.664 0.581 0.662 0.738 0.707 0.708 0.677 0.624 0.578 0.59 0.58 0.552 0.566 0.542 0.522 0.505 0.537 0.545 0.51 0.513 0.502 0.524 0.505 0.536 0.577 0.567 0.534 0.53 0.561 0.561 0.564 0.581 0.574 0.565 0.583 0.537 0.574 0.562 0.623 0.673 0.646 0.627 0.615 0.613 0.586 0.587 0.634 0.65
0.536 0.603 0.53 0.518 0.482 0.449 0.622 0.47 0.485 0.52 0.542 0.709 0.634 0.705 0.576 0.405 0.505 0.509 0.368 0.401 0.629 0.703 0.359 0.376 0.638 0.569 0.618 0.55 0.625 0.6 0.63 0.556 0.705 0.732 0.729 0.633 0.607 0.57 0.529 0.545 0.562 0.546 0.543 0.533 0.534 0.536 0.563 0.522 0.508 0.521 0.547 0.534 0.505 0.558 0.565 0.558 0.553 0.563 0.557 0.523 0.572 0.572 0.58 0.512 0.581 0.577 0.56 0.59 0.595 0.6 0.601 0.64 0.612 0.565 0.572 0.592 0.629
0.499 0.53 0.524 0.537 0.549 0.363 0.369 0.439 0.464 0.487 0.399 0.562 0.732 0.725 0.544 0.499 0.682 0.716 0.619 0.274 0.503 0.663 0.64 0.707 0.654 0.682 0.67 0.748 0.556 0.558 0.671 0.726 0.722 0.743 0.6 0.553 0.565 0.522 0.537 0.526 0.488 0.533 0.553 0.541 0.54 0.543 0.559 0.576 0.555 0.548 0.547 0.541 0.482 0.535 0.542 0.54 0.535 0.564 0.552 0.567 0.553 0.573 0.547 0.52 0.529 0.557 0.556 0.545 0.552 0.532 0.549 0.526 0.555 0.595 0.6 0.559 0.605
0.476 0.54 0.538 0.535 0.513 0.454 0.499 0.475 0.544 0.539 0.46 0.452 0.615 0.698 0.627 0.526 0.624 0.583 0.474 0.398 0.365 0.452 0.333 0.245 0.353 0.69 0.695 0.723 0.651 0.739 0.736 0.718 0.733 0.637 0.587 0.593 0.551 0.536 0.553 0.536 0.568 0.526 0.548 0.534 0.545 0.549 0.576 0.57 0.561 0.561 0.548 0.556 0.512 0.48 0.506 0.514 0.518 0.546 0.532 0.551 0.55 0.585 0.552 0.503 0.524 0.571 0.595 0.534 0.566 0.558 0.605 0.537 0.592 0.617 0.567 0.556 0.525
0.546 0.471 0.538 0.352 0.508 0.411 0.33 0.55 0.397 0.606 0.477 0.662 0.694 0.634 0.638 0.424 0.572 0.685 0.627 0.373 0.357 0.362 0.512 0.404 0.548 0.534 0.682 0.757 0.677 0.707 0.635 0.698 0.654 0.601 0.589 0.601 0.601 0.532 0.532 0.527 0.527 0.559 0.554 0.522 0.553 0.535 0.518 0.548 0.565 0.556 0.552 0.54 0.528 0.497 0.498 0.506 0.518 0.516 0.507 0.54 0.515 0.516 0.521 0.52 0.505 0.53 0.612 0.512 0.543 0.581 0.608 0.624 0.579 0.544 0.522 0.508 0.495
0.613 0.648 0.56 0.474 0.395 0.336 0.505 0.695 0.519 0.654 0.527 0.629 0.681 0.538 0.364 0.48 0.67 0.699 0.459 0.359 0.403 0.47 0.328 0.443 0.616 0.698 0.647 0.718 0.735 0.664 0.648 0.683 0.607 0.589 0.561 0.594 0.454 0.524 0.527 0.523 0.546 0.562 0.508 0.5 0.543 0.538 0.513 0.563 0.573 0.563 0.56 0.554 0.544 0.534 0.513 0.505 0.537 0.52 0.497 0.513 0.517 0.523 0.511 0.481 0.508 0.566 0.556 0.53 0.487 0.568 0.462 0.543 0.532 0.529 0.526 0.505 0.536
0.449 0.343 0.529 0.522 0.469 0.27 0.491 0.679 0.714 0.632 0.631 0.686 0.603 0.624 0.625 0.567 0.595 0.579 0.572 0.489 0.516 0.533 0.522 0.604 0.697 0.732 0.73 0.665 0.679 0.663 0.624 0.557 0.599 0.571 0.601 0.595 0.531 0.559 0.535 0.521 0.536 0.542 0.51 0.502 0.504 0.518 0.535 0.55 0.551 0.54 0.558 0.554 0.535 0.531 0.539 0.516 0.47 0.502 0.542 0.543 0.512 0.526 0.537 0.499 0.53 0.559 0.53 0.564 0.572 0.527 0.538 0.499 0.545 0.525 0.562 0.557 0.537
0.524 0.729 0.567 0.514 0.638 0.589 0.39 0.499 0.267 0.521 0.69 0.561 0.454 0.539 0.502 0.435 0.533 0.531 0.497 0.619 0.656 0.42 0.604 0.65 0.681 0.689 0.704 0.7 0.632 0.612 0.62 0.616 0.615 0.65 0.59 0.569 0.558 0.498 0.505 0.527 0.521 0.538 0.554 0.539 0.55 0.547 0.441 0.537 0.513 0.501 0.527 0.53 0.501 0.481 0.48 0.505 0.517 0.525 0.554 0.51 0.493 0.525 0.497 0.638 0.592 0.546 0.604 0.541 0.529 0.587 0.476 0.53 0.522 0.537 0.541 0.555 0.519
0.487 0.477 0.701 0.634 0.618 0.597 0.477 0.682 0.679 0.667 0.679 0.711 0.626 0.684 0.686 0.519 0.424 0.546 0.626 0.605 0.601 0.303 0.438 0.665 0.653 0.716 0.664 0.653 0.615 0.623 0.612 0.576 0.606 0.563 0.549 0.565 0.522 0.502 0.512 0.512 0.508 0.545 0.528 0.563 0.551 0.551 0.536 0.565 0.549 0.492 0.51 0.525 0.487 0.437 0.517 0.525 0.52 0.549 0.522 0.534 0.507 0.528 0.535 0.63 0.548 0.555 0.672 0.579 0.658 0.525 0.531 0.599 0.536 0.568 0.544 0.547 0.498
0.517 0.577 0.638 0.398 0.554 0.512 0.588 0.609 0.391 0.514 0.635 0.568 0.683 0.73 0.635 0.483 0.443 0.587 0.603 0.704 0.722 0.611 0.729 0.758 0.726 0.657 0.676 0.628 0.582 0.606 0.565 0.593 0.347 0.383 0.487 0.54 0.546 0.483 0.529 0.508 0.524 0.541 0.565 0.557 0.539 0.534 0.555 0.54 0.523 0.524 0.542 0.521 0.497 0.472 0.542 0.523 0.534 0.544 0.566 0.563 0.543 0.519 0.61 0.592 0.549 0.594 0.576 0.635 0.547 0.479 0.467 0.574 0.543 0.55 0.56 0.548 0.519
0.545 0.479 0.62 0.552 0.364 0.483 0.534 0.394 0.437 0.769 0.663 0.293 0.716 0.734 0.354 0.454 0.646 0.717 0.693 0.691 0.737 0.7 0.773 0.746 0.708 0.675 0.672 0.605 0.561 0.543 0.581 0.608 0.296 0.361 0.498 0.537 0.553 0.491 0.496 0.499 0.523 0.561 0.549 0.552 0.539 0.524 0.539 0.508 0.508 0.534 0.547 0.537 0.474 0.453 0.512 0.496 0.524 0.532 0.564 0.556 0.528 0.504 0.598 0.548 0.587 0.626 0.546 0.555 0.498 0.509 0.566 0.586 0.547 0.541 0.565 0.523 0.571
0.59 0.613 0.579 0.475 0.406 0.559 0.535 0.483 0.522 0.526 0.638 0.349 0.714 0.678 0.488 0.572 0.637 0.613 0.706 0.759 0.694 0.762 0.754 0.76 0.706 0.653 0.65 0.565 0.574 0.579 0.557 0.578 0.448 0.505 0.533 0.521 0.505 0.487 0.496 0.517 0.527 0.563 0.557 0.559 0.541 0.558 0.547 0.458 0.501 0.526 0.518 0.518 0.517 0.516 0.572 0.531 0.573 0.56 0.572 0.544 0.492 0.508 0.595 0.56 0.602 0.579 0.572 0.527 0.521 0.569 0.561 0.574 0.535 0.538 0.548 0.537 0.617
0.624 0.529 0.622 0.653 0.557 0.529 0.523 0.492 0.455 0.252 0.474 0.643 0.657 0.705 0.636 0.715 0.66 0.588 0.704 0.761 0.784 0.734 0.731 0.764 0.696 0.697 0.589 0.55 0.538 0.57 0.571 0.515 0.543 0.572 0.564 0.534 0.548 0.507 0.542 0.51 0.535 0.551 0.582 0.568 0.545 0.556 0.55 0.502 0.496 0.502 0.521 0.576 0.538 0.557 0.569 0.576 0.568 0.558 0.49 0.495 0.628 0.662 0.594 0.562 0.525 0.606 0.543 0.572 0.623 0.554 0.55 0.579 0.499 0.435 0.509 0.636 0.618
0.659 0.622 0.674 0.655 0.506 0.46 0.506 0.513 0.511 0.336 0.471 0.564 0.637 0.74 0.716 0.753 0.672 0.578 0.673 0.722 0.719 0.737 0.715 0.714 0.681 0.621 0.574 0.568 0.582 0.584 0.521 0.495 0.552 0.597 0.558 0.513 0.554 0.547 0.509 0.524 0.544 0.544 0.556 0.54 0.552 0.541 0.56 0.504 0.506 0.501 0.483 0.487 0.519 0.553 0.575 0.574 0.577 0.507 0.503 0.501 0.646 0.566 0.546 0.515 0.557 0.577 0.528 0.585 0.545 0.552 0.566 0.58 0.453 0.468 0.588 0.645 0.688
0.712 0.678 0.653 0.675 0.656 0.632 0.597 0.484 0.486 0.489 0.403 0.61 0.461 0.605 0.703 0.617 0.326 0.695 0.708 0.736 0.714 0.674 0.714 0.695 0.629 0.595 0.621 0.621 0.58 0.525 0.542 0.488 0.572 0.593 0.564 0.56 0.597 0.539 0.5 0.534 0.548 0.55 0.542 0.545 0.535 0.528 0.539 0.513 0.502 0.492 0.46 0.467 0.516 0.55 0.558 0.564 0.553 0.505 0.511 0.582 0.581 0.559 0.512 0.568 0.605 0.532 0.531 0.578 0.574 0.573 0.549 0.572 0.514 0.588 0.658 0.663 0.698
0.727 0.691 0.649 0.7 0.622 0.607 0.548 0.496 0.458 0.49 0.341 0.566 0.556 0.695 0.719 0.528 0.752 0.769 0.739 0.737 0.684 0.643 0.685 0.642 0.615 0.625 0.642 0.61 0.534 0.546 0.553 0.495 0.548 0.549 0.551 0.572 0.561 0.503 0.377 0.485 0.526 0.54 0.526 0.548 0.536 0.525 0.517 0.525 0.491 0.499 0.486 0.46 0.506 0.539 0.557 0.549 0.536 0.512 0.544 0.651 0.51 0.572 0.56 0.612 0.574 0.531 0.567 0.603 0.57 0.594 0.593 0.51 0.587 0.628 0.66 0.69 0.712
0.606 0.59 0.707 0.674 0.669 0.615 0.484 0.469 0.476 0.53 0.442 0.436 0.576 0.712 0.707 0.635 0.738 0.779 0.759 0.72 0.671 0.65 0.643 0.63 0.622 0.625 0.648 0.554 0.549 0.55 0.498 0.517 0.538 0.558 0.541 0.548 0.542 0.533 0.533 0.529 0.54 0.543 0.529 0.542 0.548 0.53 0.545 0.526 0.517 0.509 0.475 0.496 0.507 0.544 0.529 0.51 0.517 0.585 0.639 0.622 0.529 0.583 0.605 0.551 0.523 0.542 0.566 0.597 0.57 0.587 0.582 0.467 0.643 0.571 0.601 0.714 0.71
0.595 0.706 0.666 0.693 0.56 0.492 0.5 0.541 0.553 0.543 0.306 0.352 0.575 0.709 0.726 0.676 0.747 0.748 0.76 0.707 0.689 0.718 0.69 0.691 0.586 0.579 0.587 0.589 0.592 0.565 0.557 0.571 0.583 0.561 0.584 0.561 0.571 0.547 0.568 0.543 0.543 0.554 0.531 0.527 0.562 0.584 0.568 0.556 0.55 0.567 0.524 0.511 0.5 0.512 0.515 0.553 0.57 0.584 0.61 0.59 0.565 0.547 0.556 0.548 0.557 0.601 0.635 0.503 0.558 0.462 0.56 0.662 0.587 0.641 0.683 0.698 0.67
0.46 0.642 0.718 0.655 0.665 0.503 0.552 0.581 0.587 0.54 0.305 0.249 0.69 0.621 0.715 0.675 0.649 0.751 0.74 0.727 0.662 0.675 0.701 0.667 0.639 0.652 0.641 0.588 0.554 0.58 0.562 0.575 0.521 0.558 0.558 0.565 0.546 0.544 0.544 0.542 0.543 0.517 0.546 0.547 0.563 0.562 0.555 0.566 0.565 0.564 0.554 0.504 0.524 0.522 0.558 0.53 0.591 0.556 0.574 0.567 0.586 0.557 0.494 0.539 0.573 0.573 0.609 0.569 0.569 0.557 0.601 0.595 0.61 0.705 0.682 0.669 0.635
0.453 0.403 0.663 0.699 0.548 0.46 0.626 0.598 0.57 0.447 0.362 0.087 0.694 0.72 0.717 0.73 0.707 0.756 0.682 0.675 0.672 0.685 0.706 0.7 0.669 0.669 0.655 0.528 0.537 0.581 0.57 0.593 0.553 0.555 0.566 0.525 0.561 0.522 0.569 0.564 0.541 0.539 0.545 0.53 0.526 0.539 0.521 0.542 0.536 0.522 0.516 0.527 0.574 0.553 0.567 0.551 0.544 0.516 0.501 0.575 0.57 0.598 0.593 0.539 0.54 0.549 0.471 0.575 0.632 0.662 0.648 0.681 0.673 0.697 0.693 0.651 0.653
0.524 0.574 0.674 0.719 0.312 0.421 0.675 0.647 0.505 0.488 0.337 -0.034 0.641 0.731 0.767 0.718 0.716 0.61 0.624 0.68 0.769 0.743 0.686 0.745 0.654 0.672 0.66 0.538 0.57 0.512 0.55 0.619 0.551 0.568 0.577 0.548 0.625 0.546 0.541 0.504 0.529 0.537 0.506 0.508 0.491 0.519 0.512 0.52 0.517 0.474 0.473 0.476 0.562 0.605 0.524 0.562 0.53 0.452 0.459 0.564 0.531 0.45 0.622 0.629 0.584 0.572 0.558 0.602 0.694 0.69 0.638 0.665 0.705 0.662 0.648 0.622 0.638
0.509 0.5 0.619 0.7 0.531 0.57 0.712 0.557 0.348 0.519 0.533 0.125 0.632 0.747 0.775 0.725 0.799 0.641 0.645 0.721 0.755 0.749 0.753 0.742 0.728 0.716 0.662 0.547 0.553 0.502 0.513 0.576 0.583 0.602 0.56 0.594 0.621 0.537 0.531 0.53 0.56 0.56 0.48 0.514 0.522 0.547 0.528 0.529 0.511 0.502 0.517 0.551 0.62 0.566 0.533 0.571 0.509 0.313 0.526 0.506 0.541 0.524 0.623 0.633 0.624 0.613 0.622 0.665 0.708 0.665 0.722 0.665 0.635 0.63 0.618 0.621 0.588
