data/china_ndvi_max_1986.asc
ncols         710
nrows         510
xllcorner     70
yllcorner     10
cellsize      0.1
NODATA_value  -9999
[rows 204 to 237 of 510, columns 308 to 384 of 710]
0.062 0.069 0.115 0.105 0.081 0.067 0.066 0.068 0.069 0.07 0.072 0.073 0.078 0.079 0.08 0.082 0.083 0.084 0.084 0.081 0.08 0.081 0.075 0.079 0.084 0.087 0.087 0.09 0.089 0.09 0.097 0.1 0.106 0.106 0.103 0.098 0.092 0.099 0.096 0.092 0.086 0.088 0.087 0.087 0.086 0.096 0.099 0.085 0.086 0.086 0.098 0.092 0.099 0.099 0.09 0.094 0.096 0.169 0.198 0.148 0.147 0.089 0.226 0.256 0.21 0.131 0.102 0.097 0.084 0.073 0.083 0.083 0.088 0.083 0.09 0.094 0.089
0.073 0.073 0.072 0.07 0.07 0.069 0.07 0.07 0.069 0.069 0.07 0.071 0.074 0.076 0.078 0.083 0.084 0.085 0.088 0.089 0.089 0.084 0.084 0.086 0.094 0.093 0.09 0.087 0.099 0.102 0.095 0.094 0.075 0.088 0.099 0.092 0.09 0.083 0.092 0.093 0.098 0.089 0.097 0.097 0.086 0.085 0.091 0.089 0.088 0.082 0.079 0.081 0.082 0.086 0.102 0.092 0.09 0.075 0.074 0.084 0.087 0.086 0.22 0.189 0.127 0.098 0.095 0.09 0.08 0.082 0.084 0.083 0.081 0.083 0.086 0.089 0.087
0.075 0.075 0.074 0.074 0.074 0.073 0.072 0.071 0.071 0.071 0.072 0.073 0.074 0.075 0.077 0.078 0.081 0.083 0.082 0.083 0.084 0.086 0.087 0.086 0.082 0.083 0.082 0.09 0.098 0.083 0.086 0.095 0.083 0.082 0.087 0.082 0.083 0.089 0.094 0.09 0.093 0.09 0.083 0.085 0.092 0.092 0.087 0.088 0.088 0.087 0.082 0.083 0.097 0.093 0.107 0.094 0.097 0.082 0.077 0.079 0.082 0.091 0.158 0.122 0.098 0.109 0.105 0.095 0.111 0.098 0.091 0.083 0.088 0.094 0.095 0.107 0.101
0.078 0.08 0.081 0.081 0.081 0.08 0.079 0.075 0.075 0.074 0.075 0.076 0.077 0.079 0.079 0.08 0.082 0.084 0.083 0.084 0.083 0.083 0.086 0.088 0.089 0.087 0.089 0.083 0.083 0.086 0.09 0.097 0.085 0.089 0.083 0.09 0.083 0.094 0.094 0.106 0.092 0.089 0.09 0.088 0.082 0.078 0.078 0.087 0.084 0.081 0.078 0.082 0.091 0.083 0.09 0.097 0.094 0.097 0.091 0.082 0.083 0.122 0.087 0.084 0.096 0.105 0.115 0.112 0.113 0.111 0.109 0.108 0.11 0.121 0.116 0.122 0.111
0.08 0.083 0.086 0.085 0.085 0.085 0.084 0.08 0.078 0.077 0.077 0.077 0.08 0.083 0.082 0.084 0.086 0.086 0.087 0.086 0.087 0.083 0.087 0.086 0.085 0.08 0.078 0.089 0.094 0.104 0.09 0.088 0.09 0.082 0.09 0.084 0.079 0.087 0.088 0.086 0.082 0.082 0.089 0.09 0.084 0.079 0.073 0.08 0.086 0.086 0.079 0.079 0.079 0.08 0.077 0.088 0.09 0.092 0.09 0.09 0.107 0.083 0.085 0.09 0.093 0.107 0.119 0.121 0.12 0.128 0.147 0.122 0.112 0.129 0.125 0.131 0.134
0.081 0.084 0.087 0.087 0.087 0.087 0.086 0.084 0.083 0.083 0.082 0.083 0.083 0.084 0.086 0.087 0.088 0.092 0.091 0.091 0.09 0.088 0.087 0.094 0.087 0.088 0.091 0.09 0.091 0.092 0.086 0.088 0.087 0.08 0.077 0.076 0.081 0.093 0.095 0.085 0.087 0.09 0.083 0.091 0.087 0.083 0.086 0.075 0.082 0.085 0.084 0.084 0.087 0.083 0.084 0.082 0.086 0.089 0.09 0.117 0.104 0.094 0.086 0.091 0.098 0.121 0.116 0.121 0.114 0.126 0.134 0.132 0.134 0.127 0.131 0.133 0.113
0.078 0.08 0.084 0.085 0.086 0.089 0.091 0.09 0.09 0.089 0.089 0.089 0.091 0.092 0.092 0.094 0.095 0.099 0.1 0.1 0.096 0.101 0.102 0.113 0.095 0.101 0.107 0.079 0.079 0.09 0.086 0.083 0.081 0.08 0.082 0.085 0.083 0.083 0.084 0.093 0.095 0.094 0.094 0.091 0.092 0.09 0.085 0.093 0.088 0.088 0.078 0.075 0.074 0.084 0.076 0.079 0.079 0.078 0.082 0.099 0.094 0.098 0.103 0.094 0.105 0.119 0.118 0.124 0.124 0.129 0.118 0.115 0.118 0.13 0.148 0.155 0.154
0.081 0.082 0.084 0.084 0.085 0.087 0.088 0.09 0.091 0.091 0.092 0.092 0.093 0.092 0.092 0.097 0.099 0.099 0.103 0.107 0.106 0.102 0.102 0.101 0.089 0.08 0.08 0.08 0.085 0.089 0.095 0.103 0.093 0.085 0.081 0.082 0.08 0.09 0.095 0.096 0.093 0.091 0.103 0.1 0.096 0.092 0.095 0.088 0.09 0.089 0.083 0.077 0.073 0.075 0.085 0.084 0.078 0.083 0.093 0.102 0.137 0.093 0.102 0.097 0.123 0.127 0.121 0.124 0.121 0.123 0.125 0.133 0.13 0.132 0.147 0.151 0.161
0.071 0.076 0.078 0.08 0.081 0.086 0.088 0.089 0.09 0.091 0.093 0.095 0.096 0.098 0.097 0.097 0.098 0.103 0.108 0.105 0.098 0.102 0.102 0.082 0.074 0.074 0.072 0.075 0.09 0.093 0.097 0.097 0.091 0.087 0.082 0.082 0.082 0.088 0.09 0.097 0.103 0.107 0.106 0.101 0.1 0.094 0.082 0.09 0.076 0.06 0.089 0.087 0.08 0.075 0.075 0.075 0.076 0.083 0.088 0.094 0.135 0.092 0.117 0.107 0.117 0.134 0.14 0.137 0.136 0.125 0.14 0.147 0.135 0.141 0.152 0.158 0.158
0.068 0.072 0.076 0.073 0.073 0.077 0.078 0.084 0.087 0.091 0.092 0.093 0.098 0.096 0.098 0.098 0.102 0.1 0.103 0.103 0.091 0.098 0.104 0.071 0.076 0.089 0.078 0.078 0.088 0.086 0.091 0.091 0.09 0.09 0.083 0.084 0.081 0.085 0.093 0.099 0.108 0.106 0.105 0.095 0.082 0.072 0.089 0.107 0.084 0.086 0.094 0.092 0.074 0.078 0.08 0.078 0.08 0.089 0.091 0.093 0.128 0.099 0.118 0.111 0.134 0.145 0.157 0.17 0.159 0.16 0.163 0.155 0.15 0.161 0.162 0.158 0.152
0.078 0.072 0.071 0.066 0.07 0.073 0.078 0.087 0.082 0.083 0.091 0.092 0.097 0.098 0.098 0.101 0.102 0.102 0.102 0.099 0.088 0.093 0.082 0.072 0.084 0.09 0.089 0.08 0.084 0.089 0.09 0.086 0.08 0.086 0.082 0.082 0.081 0.09 0.093 0.097 0.103 0.103 0.103 0.076 0.07 0.082 0.1 0.102 0.094 0.091 0.095 0.08 0.079 0.085 0.086 0.087 0.085 0.094 0.095 0.126 0.159 0.113 0.138 0.119 0.132 0.143 0.153 0.162 0.159 0.167 0.168 0.164 0.159 0.163 0.16 0.158 0.159
0.088 0.09 0.077 0.075 0.077 0.078 0.078 0.08 0.069 0.072 0.083 0.087 0.088 0.091 0.095 0.099 0.101 0.09 0.092 0.088 0.07 0.081 0.084 0.082 0.08 0.076 0.08 0.085 0.09 0.09 0.087 0.091 0.087 0.09 0.083 0.09 0.086 0.086 0.088 0.092 0.092 0.108 0.111 0.121 0.104 0.093 0.09 0.109 0.114 0.121 0.099 0.102 0.103 0.095 0.083 0.092 0.089 0.094 0.091 0.093 0.116 0.109 0.107 0.105 0.123 0.136 0.156 0.153 0.156 0.172 0.163 0.162 0.164 0.177 0.171 0.144 0.172
0.091 0.085 0.078 0.079 0.084 0.083 0.083 0.079 0.074 0.077 0.081 0.082 0.088 0.088 0.09 0.084 0.086 0.09 0.09 0.084 0.082 0.086 0.092 0.079 0.082 0.083 0.091 0.084 0.084 0.089 0.084 0.08 0.087 0.085 0.087 0.088 0.088 0.087 0.087 0.086 0.094 0.103 0.115 0.122 0.113 0.106 0.107 0.113 0.105 0.134 0.098 0.107 0.104 0.103 0.103 0.101 0.098 0.099 0.11 0.11 0.102 0.093 0.114 0.125 0.129 0.136 0.143 0.16 0.165 0.182 0.167 0.164 0.173 0.157 0.167 0.153 0.175
0.096 0.088 0.084 0.084 0.083 0.084 0.082 0.088 0.076 0.075 0.085 0.091 0.08 0.085 0.09 0.086 0.101 0.087 0.09 0.087 0.092 0.094 0.094 0.086 0.079 0.082 0.094 0.078 0.075 0.075 0.08 0.082 0.09 0.088 0.086 0.085 0.088 0.095 0.092 0.094 0.091 0.099 0.112 0.119 0.113 0.124 0.106 0.12 0.102 0.109 0.111 0.113 0.119 0.109 0.099 0.105 0.123 0.124 0.116 0.123 0.161 0.116 0.121 0.122 0.132 0.149 0.144 0.152 0.155 0.153 0.173 0.181 0.147 0.15 0.173 0.146 0.146
0.094 0.092 0.108 0.084 0.088 0.081 0.083 0.094 0.095 0.083 0.073 0.07 0.082 0.073 0.078 0.082 0.081 0.079 0.074 0.078 0.085 0.094 0.083 0.093 0.087 0.078 0.079 0.074 0.083 0.076 0.079 0.08 0.083 0.075 0.073 0.086 0.088 0.095 0.09 0.09 0.088 0.088 0.107 0.107 0.129 0.119 0.11 0.136 0.136 0.109 0.106 0.122 0.147 0.157 0.134 0.132 0.128 0.108 0.194 0.259 0.243 0.192 0.106 0.121 0.126 0.17 0.136 0.155 0.131 0.146 0.178 0.189 0.155 0.178 0.16 0.141 0.14
0.177 0.158 0.102 0.099 0.093 0.1 0.105 0.11 0.1 0.088 0.08 0.067 0.067 0.075 0.076 0.071 0.074 0.073 0.074 0.074 0.081 0.089 0.077 0.078 0.084 0.084 0.109 0.113 0.117 0.115 0.071 0.071 0.065 0.053 0.072 0.085 0.089 0.098 0.096 0.091 0.089 0.088 0.109 0.107 0.116 0.122 0.139 0.131 0.137 0.127 0.118 0.124 0.196 0.176 0.166 0.144 0.145 0.219 0.268 0.281 0.253 0.176 0.111 0.116 0.126 0.163 0.137 0.149 0.16 0.164 0.191 0.183 0.157 0.172 0.164 0.177 0.168
0.1 0.099 0.106 0.121 0.118 0.126 0.125 0.107 0.112 0.114 0.106 0.095 0.083 0.08 0.068 0.064 0.064 0.071 0.077 0.08 0.086 0.083 0.097 0.082 0.08 0.178 0.225 0.153 0.224 0.127 0.082 0.091 0.091 0.09 0.085 0.085 0.088 0.093 0.096 0.094 0.096 0.097 0.099 0.1 0.1 0.1 0.121 0.141 0.138 0.151 0.194 0.324 0.341 0.227 0.173 0.267 0.149 0.291 0.315 0.235 0.134 0.084 0.124 0.128 0.114 0.128 0.136 0.138 0.143 0.169 0.173 0.161 0.127 0.149 0.167 0.15 0.138
0.103 0.109 0.15 0.133 0.141 0.145 0.134 0.126 0.121 0.114 0.102 0.099 0.088 0.083 0.078 0.072 0.073 0.067 0.07 0.075 0.08 0.078 0.087 0.079 0.135 0.224 0.095 0.122 0.089 0.09 0.084 0.092 0.095 0.095 0.09 0.085 0.087 0.094 0.098 0.099 0.1 0.099 0.102 0.105 0.101 0.101 0.118 0.119 0.134 0.121 0.154 0.324 0.302 0.161 0.206 0.195 0.091 0.289 0.258 0.213 0.093 0.098 0.123 0.131 0.148 0.146 0.16 0.167 0.144 0.114 0.136 0.128 0.136 0.17 0.18 0.164 0.173
0.124 0.122 0.129 0.182 0.16 0.145 0.153 0.154 0.153 0.153 0.131 0.109 0.092 0.085 0.088 0.093 0.099 0.094 0.087 0.076 0.079 0.075 0.162 0.132 0.18 0.233 0.154 0.086 0.086 0.088 0.092 0.09 0.093 0.097 0.09 0.093 0.086 0.094 0.097 0.1 0.104 0.103 0.105 0.106 0.105 0.103 0.107 0.115 0.115 0.118 0.203 0.401 0.158 0.214 0.24 0.254 0.268 0.279 0.162 0.107 0.112 0.149 0.155 0.161 0.16 0.181 0.189 0.19 0.16 0.147 0.147 0.148 0.171 0.151 0.147 0.141 0.144
0.198 0.172 0.13 0.151 0.159 0.138 0.16 0.154 0.162 0.169 0.147 0.127 0.096 0.075 0.088 0.221 0.255 0.168 0.154 0.09 0.071 0.065 0.247 0.232 0.193 0.191 0.121 0.084 0.088 0.093 0.091 0.093 0.097 0.101 0.095 0.094 0.088 0.092 0.096 0.101 0.099 0.103 0.106 0.11 0.104 0.102 0.101 0.119 0.111 0.128 0.268 0.383 0.155 0.216 0.274 0.314 0.333 0.215 0.135 0.147 0.15 0.177 0.164 0.168 0.176 0.193 0.214 0.199 0.206 0.183 0.149 0.15 0.135 0.162 0.15 0.132 0.148
0.211 0.175 0.139 0.161 0.154 0.143 0.14 0.161 0.176 0.162 0.143 0.129 0.122 0.067 0.133 0.124 0.184 0.133 0.097 0.1 0.071 0.068 0.258 0.225 0.159 0.136 0.118 0.088 0.084 0.087 0.087 0.091 0.096 0.096 0.098 0.095 0.095 0.095 0.096 0.1 0.103 0.106 0.106 0.106 0.103 0.104 0.09 0.132 0.183 0.127 0.216 0.333 0.23 0.243 0.295 0.281 0.329 0.191 0.14 0.149 0.166 0.179 0.172 0.176 0.181 0.203 0.196 0.173 0.191 0.172 0.153 0.152 0.147 0.144 0.153 0.15 0.149
0.269 0.304 0.23 0.209 0.276 0.342 0.297 0.153 0.13 0.137 0.136 0.136 0.126 0.164 0.107 0.099 0.096 0.089 0.099 0.099 0.105 0.202 0.07 0.076 0.085 0.075 0.077 0.084 0.084 0.099 0.088 0.096 0.104 0.099 0.094 0.111 0.109 0.098 0.096 0.101 0.1 0.102 0.102 0.103 0.102 0.09 0.094 0.097 0.109 0.137 0.197 0.144 0.253 0.235 0.208 0.317 0.302 0.121 0.152 0.167 0.17 0.171 0.147 0.155 0.167 0.18 0.168 0.159 0.172 0.181 0.184 0.197 0.179 0.188 0.17 0.146 0.142
0.331 0.332 0.293 0.282 0.28 0.235 0.206 0.225 0.213 0.202 0.177 0.169 0.138 0.173 0.102 0.098 0.103 0.115 0.138 0.15 0.181 0.099 0.075 0.086 0.088 0.087 0.084 0.092 0.101 0.097 0.081 0.098 0.092 0.088 0.091 0.096 0.112 0.099 0.093 0.092 0.099 0.104 0.102 0.104 0.1 0.098 0.103 0.114 0.123 0.138 0.12 0.1 0.239 0.27 0.313 0.308 0.167 0.128 0.147 0.172 0.168 0.146 0.15 0.154 0.17 0.161 0.169 0.161 0.168 0.174 0.174 0.174 0.185 0.184 0.18 0.174 0.162
0.346 0.358 0.397 0.404 0.379 0.295 0.208 0.219 0.212 0.241 0.197 0.166 0.247 0.195 0.153 0.097 0.089 0.268 0.308 0.288 0.16 0.058 0.081 0.084 0.111 0.111 0.093 0.09 0.099 0.086 0.084 0.087 0.086 0.089 0.095 0.101 0.104 0.096 0.103 0.092 0.096 0.1 0.105 0.109 0.099 0.105 0.105 0.12 0.121 0.106 0.105 0.101 0.29 0.358 0.352 0.31 0.124 0.136 0.153 0.134 0.139 0.146 0.149 0.146 0.161 0.171 0.169 0.159 0.154 0.162 0.167 0.168 0.192 0.199 0.201 0.199 0.198
0.347 0.291 0.336 0.418 0.408 0.363 0.345 0.2 0.324 0.367 0.284 0.253 0.237 0.245 0.167 0.138 0.146 0.347 0.344 0.303 0.138 0.066 0.077 0.08 0.119 0.131 0.095 0.083 0.073 0.083 0.081 0.079 0.085 0.087 0.091 0.098 0.089 0.093 0.1 0.1 0.098 0.101 0.106 0.112 0.107 0.103 0.107 0.118 0.11 0.098 0.099 0.129 0.379 0.368 0.333 0.308 0.156 0.125 0.125 0.13 0.145 0.159 0.15 0.165 0.172 0.174 0.2 0.147 0.16 0.163 0.135 0.163 0.187 0.199 0.198 0.201 0.207
0.334 0.309 0.224 0.315 0.373 0.413 0.398 0.309 0.387 0.316 0.347 0.308 0.235 0.23 0.17 0.176 0.253 0.287 0.36 0.301 0.11 0.085 0.084 0.084 0.089 0.096 0.083 0.086 0.084 0.081 0.084 0.078 0.086 0.097 0.09 0.092 0.098 0.098 0.097 0.091 0.092 0.099 0.105 0.113 0.102 0.102 0.116 0.13 0.112 0.114 0.109 0.129 0.364 0.365 0.347 0.354 0.148 0.108 0.131 0.153 0.153 0.149 0.168 0.18 0.177 0.162 0.184 0.16 0.138 0.164 0.17 0.148 0.181 0.189 0.197 0.189 0.21
0.312 0.316 0.384 0.29 0.268 0.344 0.346 0.41 0.39 0.357 0.346 0.417 0.239 0.238 0.289 0.327 0.261 0.259 0.361 0.311 0.315 0.245 0.096 0.101 0.102 0.107 0.101 0.091 0.082 0.081 0.082 0.087 0.088 0.089 0.093 0.089 0.091 0.1 0.108 0.113 0.099 0.101 0.102 0.108 0.107 0.111 0.152 0.114 0.117 0.121 0.113 0.125 0.25 0.328 0.332 0.302 0.191 0.14 0.145 0.147 0.132 0.145 0.162 0.155 0.161 0.172 0.193 0.181 0.166 0.154 0.15 0.162 0.171 0.185 0.178 0.19 0.204
0.237 0.17 0.276 0.291 0.33 0.209 0.186 0.339 0.449 0.422 0.452 0.456 0.378 0.353 0.371 0.192 0.17 0.17 0.287 0.296 0.307 0.274 0.156 0.108 0.114 0.117 0.106 0.11 0.102 0.093 0.092 0.097 0.096 0.099 0.099 0.097 0.096 0.095 0.104 0.109 0.11 0.103 0.102 0.102 0.101 0.1 0.1 0.112 0.115 0.121 0.121 0.158 0.156 0.154 0.289 0.234 0.123 0.139 0.135 0.145 0.146 0.155 0.166 0.169 0.166 0.197 0.194 0.183 0.171 0.175 0.175 0.189 0.184 0.187 0.188 0.184 0.178
0.386 0.373 0.415 0.427 0.437 0.378 0.264 0.135 0.358 0.381 0.39 0.39 0.428 0.338 0.431 0.393 0.256 0.201 0.29 0.231 0.252 0.241 0.183 0.171 0.137 0.12 0.137 0.124 0.108 0.101 0.103 0.172 0.116 0.119 0.123 0.126 0.117 0.104 0.092 0.112 0.114 0.112 0.099 0.104 0.111 0.118 0.102 0.105 0.123 0.139 0.125 0.236 0.133 0.132 0.148 0.149 0.151 0.157 0.155 0.147 0.156 0.17 0.165 0.159 0.149 0.165 0.183 0.166 0.182 0.179 0.199 0.236 0.196 0.211 0.181 0.182 0.181
0.433 0.403 0.447 0.439 0.416 0.424 0.45 0.085 0.07 0.105 0.258 0.369 0.214 0.232 0.221 0.43 0.442 0.389 0.42 0.249 0.244 0.184 0.229 0.142 0.137 0.13 0.117 0.115 0.122 0.142 0.156 0.113 0.111 0.131 0.135 0.14 0.127 0.117 0.102 0.094 0.114 0.117 0.104 0.11 0.106 0.102 0.091 0.112 0.118 0.118 0.165 0.25 0.136 0.147 0.158 0.127 0.148 0.138 0.153 0.14 0.161 0.166 0.173 0.164 0.16 0.181 0.157 0.184 0.186 0.191 0.186 0.195 0.196 0.196 0.232 0.21 0.196
0.48 0.407 0.338 0.432 0.422 0.437 0.44 0.33 0.206 0.076 0.104 0.276 0.19 0.142 0.158 0.332 0.364 0.369 0.257 0.206 0.159 0.171 0.171 0.137 0.125 0.117 0.138 0.226 0.193 0.142 0.128 0.173 0.131 0.123 0.132 0.145 0.129 0.131 0.113 0.108 0.098 0.095 0.116 0.203 0.275 0.278 0.213 0.142 0.195 0.246 0.302 0.26 0.141 0.144 0.149 0.145 0.142 0.146 0.156 0.169 0.173 0.17 0.157 0.16 0.162 0.177 0.166 0.202 0.203 0.195 0.222 0.232 0.209 0.223 0.225 0.212 0.201
0.257 0.2 0.315 0.285 0.301 0.331 0.418 0.376 0.324 0.37 0.377 0.377 0.412 0.36 0.309 0.271 0.418 0.515 0.437 0.403 0.403 0.282 0.221 0.236 0.233 0.166 0.179 0.192 0.196 0.206 0.158 0.109 0.109 0.096 0.119 0.134 0.136 0.145 0.127 0.131 0.13 0.154 0.14 0.131 0.131 0.133 0.116 0.214 0.175 0.142 0.151 0.148 0.209 0.242 0.171 0.166 0.119 0.15 0.175 0.177 0.162 0.168 0.154 0.191 0.174 0.184 0.181 0.192 0.196 0.191 0.217 0.197 0.205 0.215 0.201 0.193 0.222
0.363 0.341 0.413 0.445 0.435 0.439 0.399 0.399 0.409 0.419 0.376 0.373 0.438 0.437 0.39 0.403 0.314 0.35 0.398 0.386 0.397 0.32 0.439 0.423 0.31 0.229 0.209 0.164 0.144 0.128 0.127 0.119 0.129 0.167 0.117 0.121 0.138 0.144 0.142 0.141 0.155 0.141 0.146 0.146 0.145 0.148 0.173 0.146 0.153 0.176 0.145 0.14 0.195 0.195 0.164 0.256 0.164 0.16 0.142 0.165 0.166 0.162 0.216 0.176 0.173 0.175 0.199 0.199 0.213 0.204 0.202 0.208 0.215 0.218 0.21 0.241 0.252
0.394 0.386 0.294 0.34 0.365 0.376 0.417 0.427 0.394 0.371 0.401 0.443 0.464 0.471 0.451 0.456 0.495 0.416 0.424 0.464 0.404 0.365 0.444 0.426 0.46 0.478 0.357 0.182 0.162 0.159 0.127 0.119 0.223 0.221 0.136 0.155 0.18 0.141 0.144 0.136 0.125 0.125 0.149 0.147 0.155 0.16 0.146 0.163 0.14 0.174 0.166 0.141 0.161 0.174 0.165 0.181 0.153 0.147 0.155 0.16 0.196 0.185 0.178 0.177 0.184 0.189 0.195 0.217 0.219 0.212 0.235 0.22 0.201 0.214 0.248 0.257 0.257
