data/china_ndvi_max_1982.asc
ncols         710
nrows         510
xllcorner     70
yllcorner     10
cellsize      0.1
NODATA_value  -9999
[rows 238 to 271 of 510, columns 77 to 153 of 710]
0.128 0.109 0.107 0.104 0.109 0.102 0.088 0.078 0.085 0.09 0.078 0.083 0.063 0.064 0.069 0.069 0.069 0.06 0.057 0.072 0.251 0.34 0.303 0.181 0.198 0.311 0.276 0.158 0.061 0.065 0.058 0.073 0.068 0.083 0.08 0.089 0.089 0.1 0.075 0.091 0.066 0.066 0.061 0.056 0.052 0.046 0.064 0.072 0.1 0.109 0.105 0.149 0.064 0.097 0.057 0.062 0.061 0.057 0.051 0.059 0.063 0.062 0.046 0.063 0.059 0.063 0.063 0.07 0.068 0.076 0.096 0.086 0.1 0.12 0.126 0.186 0.127
0.136 0.152 0.111 0.177 0.136 0.151 0.104 0.112 0.091 0.088 0.088 0.094 0.065 0.068 0.075 0.068 0.062 0.062 0.045 0.05 0.194 0.232 0.217 0.303 0.297 0.187 0.077 0.059 0.072 0.063 0.078 0.224 0.173 0.223 0.128 0.171 0.148 0.168 0.091 0.164 0.1 0.065 0.066 0.054 0.048 0.046 0.048 0.049 0.043 0.049 0.114 0.085 0.047 0.06 0.059 0.065 0.067 0.063 0.061 0.061 0.072 0.074 0.058 0.078 0.068 0.069 0.069 0.077 0.065 0.066 0.085 0.104 0.068 0.065 0.064 0.071 0.042
0.093 0.113 0.139 0.091 0.031 0.097 0.098 0.155 0.152 0.169 0.142 0.107 0.144 0.088 0.09 0.082 0.071 0.072 0.067 0.09 0.071 0.053 0.052 0.051 0.05 0.06 0.049 0.049 0.05 0.046 0.044 0.045 0.04 0.079 0.084 0.1 0.101 0.171 0.264 0.249 0.188 0.051 0.093 0.054 0.048 0.049 0.038 0.039 0.049 0.044 0.045 0.05 0.053 0.059 0.064 0.065 0.08 0.085 0.087 0.087 0.089 0.084 0.086 0.116 0.082 0.056 0.091 0.079 0.113 0.091 0.03 0.019 0 0.046 0.002 0.034 0.03
0.076 0.085 0.038 0.055 0.107 0.11 0.123 0.082 0.148 0.162 0.137 0.149 0.152 0.099 0.094 0.089 0.081 0.077 0.078 0.088 0.068 0.071 0.056 0.071 0.064 0.076 0.049 0.054 0.054 0.05 0.046 0.04 0.041 0.055 0.054 0.053 0.067 0.051 0.13 0.246 0.172 0.052 0.089 0.058 0.048 0.049 0.045 0.044 0.047 0.049 0.047 0.054 0.056 0.063 0.069 0.07 0.084 0.09 0.085 0.085 0.089 0.098 0.107 0.122 0.089 0.075 0.093 0.085 0.051 0.015 0.02 0.006 0.021 0.002 0.021 0.038 0.047
0.021 0.021 0.034 0.033 0.044 0.068 0.098 0.01 0.044 0.128 0.122 0.08 0.117 0.093 0.102 0.075 0.076 0.069 0.078 0.089 0.099 0.078 0.061 0.083 0.086 0.087 0.08 0.069 0.056 0.054 0.048 0.043 0.041 0.031 0.032 0.036 0.045 0.044 0.077 0.066 0.057 0.063 0.063 0.063 0.063 0.057 0.059 0.058 0.055 0.054 0.053 0.064 0.066 0.08 0.08 0.09 0.095 0.096 0.112 0.102 0.116 0.143 0.14 0.083 0.069 0.052 0.045 0.043 0.046 0.04 0.048 0.054 0.059 0.045 0.044 0.049 0.05
0.033 0.044 0.04 0.074 0.06 0.063 0.092 0.066 0.071 0.081 0.077 0.081 0.086 0.087 0.07 0.087 0.113 0.118 0.088 0.115 0.1 0.074 0.065 0.112 0.13 0.127 0.112 0.101 0.072 0.051 0.06 0.044 0.044 0.036 0.041 0.054 0.053 0.051 0.058 0.051 0.064 0.075 0.078 0.068 0.079 0.071 0.069 0.072 0.068 0.063 0.066 0.08 0.076 0.083 0.106 0.112 0.129 0.134 0.076 0.067 0.116 0.136 0.099 0.047 0.051 0.046 0.045 0.065 0.045 0.043 0.047 0.042 0.044 0.055 0.054 0.056 0.053
-0.026 -0.005 -0.01 0.077 0.067 0.073 0.085 0.083 0.074 0.082 0.114 0.152 0.126 0.093 0.131 0.163 0.162 0.137 0.138 0.132 0.122 0.081 0.07 0.142 0.15 0.121 0.112 0.114 0.074 0.058 0.08 0.063 0.057 0.044 0.048 0.051 0.059 0.053 0.063 0.075 0.074 0.079 0.083 0.086 0.092 0.094 0.086 0.094 0.093 0.092 0.095 0.096 0.098 0.113 0.116 0.094 0.126 0.107 0.075 0.064 0.077 0.066 0.043 0.057 0.052 0.056 0.063 0.063 0.056 0.057 0.066 0.066 0.062 0.047 0.048 0.051 0.044
0.028 0.049 0.049 0.07 0.081 0.078 0.039 0.052 0.05 0.026 0.034 -0.009 -0.022 0.196 0.156 0.132 0.106 0.044 0.115 0.131 0.105 0.159 0.101 0.07 0.075 0.077 0.098 0.124 0.07 0.066 0.082 0.064 0.065 0.057 0.075 0.076 0.091 0.103 0.1 0.096 0.096 0.107 0.119 0.129 0.069 0.066 0.059 0.047 0.013 0.033 0.036 0.052 0.047 0.001 0.029 0.035 0.032 0.04 0.022 0.02 0.038 0.042 0.043 0.045 0.046 0.049 0.048 0.047 0.045 0.049 0.054 0.055 0.067 0.06 0.057 0.06 0.081
0.016 0.024 0.013 0.049 0.055 0.058 0.061 0.059 0.023 0.03 0.029 0.009 0.051 0.067 0.088 0.123 0.063 0.078 0.148 0.144 0.135 0.176 0.118 0.104 0.144 0.149 0.121 0.096 0.092 0.096 0.092 0.102 0.099 0.14 0.095 0.113 0.118 0.108 0.111 0.13 0.13 0.172 0.19 0.077 0.054 0.05 0.052 0.048 0.043 0.033 0.03 0.046 0.057 0.026 0.034 0.035 0.041 0.05 0.037 0.041 0.041 0.048 0.048 0.057 0.065 0.07 0.069 0.073 0.057 0.059 0.064 0.07 0.07 0.056 0.05 0.05 0.051
0.035 0.034 0.037 -0.011 0.019 0.029 0.038 0.032 0.066 0.072 0.066 0.049 0.044 0.016 0.008 0.026 0.002 0.039 0.123 0.185 0.175 0.189 0.186 0.223 0.215 0.231 0.2 0.18 0.12 0.111 0.122 0.112 0.142 0.125 0.118 0.131 0.136 0.132 0.136 0.174 0.155 0.121 0.1 0.033 0.033 0.018 0.028 0.027 0.036 0.066 0.056 0.059 0.056 0.044 0.038 0.045 0.04 0.044 0.045 0.047 0.052 0.052 0.045 0.042 0.042 0.043 0.042 0.048 0.047 0.047 0.044 0.038 0.043 0.049 0.047 0.044 0.05
0.052 0.058 0.07 0.044 0.015 0.008 -0.008 0.015 0.032 0.058 0.068 0.051 0.064 0.049 0.057 0.043 0.016 0.02 -0.012 -0.007 0.03 0.194 0.184 0.079 0.037 0.109 0.192 0.272 0.192 0.219 0.213 0.195 0.213 0.204 0.205 0.224 0.298 0.231 0.22 0.088 0.086 0.069 0.072 0.052 0.045 0.039 0.046 0.048 0.061 0.075 0.05 0.062 0.054 0.049 0.048 0.046 0.05 0.056 0.047 0.047 0.047 0.055 0.046 0.051 0.054 0.054 0.057 0.056 0.05 0.058 0.061 0.069 0.068 0.042 0.042 0.045 0.043
0.071 0.064 0.067 0.061 0.061 0.053 0.047 0.054 0.054 0.034 0.04 0.022 0.016 0.062 0.046 0.017 -0.02 -0.037 -0.035 -0.036 0.019 0.045 0.049 0.062 0.006 0.002 0.006 0.052 0.092 0.049 0.206 0.21 0.236 0.198 0.207 0.149 0.09 0.046 0.059 0.019 0.036 0.054 0.048 0.043 0.049 0.053 0.055 0.043 0.046 0.042 0.034 0.052 0.037 0.042 0.048 0.049 0.043 0.039 0.049 0.044 0.043 0.058 0.054 0.054 0.064 0.055 0.053 0.052 0.051 0.053 0.056 0.051 0.046 0.045 0.052 0.051 0.047
0.039 0.054 0.045 0.068 0.067 0.065 0.06 0.051 0.039 0.053 0.017 0.062 0.058 0.063 0.071 0.086 0.043 0.048 -0.04 -0.031 0.013 -0.006 -0.026 0.047 0.06 0.054 0.01 -0.002 0.033 0.033 0.031 0.035 0.043 0.041 0.047 0.057 0.056 0.053 0.035 0.034 0.052 0.065 0.067 0.066 0.051 0.054 0.055 0.055 0.06 0.051 0.047 0.046 0.04 0.049 0.052 0.055 0.054 0.052 0.056 0.049 0.051 0.054 0.05 0.052 0.049 0.052 0.052 0.048 0.047 0.046 0.048 0.048 0.052 0.062 0.06 0.052 0.039
0.054 0.036 0.027 0.075 0.077 0.076 0.061 0.06 0.013 0.054 0.042 0.084 0.064 0.063 0.057 0.038 0.049 0.044 0.023 -0.03 -0.023 -0.013 -0.019 0.016 0.017 0.035 -0.013 -0.008 0.018 0.027 0.031 0.037 0.032 0.018 0.02 0.041 0.061 0.053 0.065 0.085 0.081 0.064 0.061 0.05 0.029 0.044 0.042 0.041 0.052 0.054 0.052 0.045 0.044 0.048 0.052 0.052 0.058 0.059 0.05 0.049 0.053 0.056 0.055 0.056 0.056 0.055 0.058 0.059 0.061 0.055 0.058 0.059 0.058 0.05 0.048 0.049 0.051
0.051 0.049 0.043 0.065 0.059 0.056 0.049 0.038 0.051 0.067 0.034 0 0.048 0.041 0.037 0.03 0.041 -0.005 0.04 0.037 0 0.005 0.001 0.01 0.023 -0.004 -0.017 -0.003 0.027 -0.003 0.013 0.03 0.02 0.048 0.048 0.038 0.035 0.07 0.065 0.041 0.077 0.065 0.06 0.046 0.053 0.04 0.018 -0.025 0.031 0.047 0.034 0.035 0.045 0.045 0.04 0.048 0.05 0.055 0.054 0.053 0.053 0.054 0.057 0.058 0.059 0.061 0.058 0.056 0.054 0.052 0.051 0.053 0.054 0.049 0.049 0.057 0.041
0.06 0.055 0.051 0.041 0.002 0.025 0.068 0.072 0.041 0.042 0.028 -0.012 0.027 0.05 0.043 0.054 0.06 0.053 0.061 0.043 0.033 0.016 0.025 -0.04 -0.006 0.007 -0.015 0.006 0.007 0.005 0.02 -0.006 0.038 0.045 0.054 0.059 0.053 0.06 0.077 0.075 0.076 0.056 0.052 0.075 0.056 0.033 -0.027 -0.046 0.018 0.027 0.016 0.016 0.035 0.052 0.052 0.048 0.05 0.052 0.052 0.058 0.06 0.056 0.059 0.064 0.065 0.064 0.057 0.051 0.047 0.044 0.051 0.049 0.051 0.047 0.055 0.053 0.04
0.018 0.024 0.037 0.022 -9999 0.051 0.067 0.056 0.029 0.048 0.06 0.021 0.047 0.056 0.033 0.046 0.043 0.056 0.065 0.066 0.059 0.046 0.034 0.026 0.037 0.012 -0.021 -0.007 -0.03 -0.036 -0.013 0.019 0.002 -0.024 -0.004 0.024 0.041 0.034 0.027 0.003 -0.003 0.028 0.037 0.06 0.007 -0.018 -0.028 -0.004 0.018 0.005 0.001 0.027 0.06 0.055 0.004 0.051 0.057 0.059 0.061 0.059 0.058 0.06 0.059 0.06 0.058 0.055 0.05 0.04 0.046 0.049 0.053 0.053 0.047 0.046 0.042 0.057 0.056
-9999 -9999 -9999 -9999 0.081 0.076 0.066 0.062 0.075 0.068 0.066 0.062 0.072 0.074 0.036 0.065 0.065 0.069 0.063 0.066 0.055 0.055 0.07 0.061 0.048 0.065 0.048 0.046 -0.046 -0.046 -0.045 -0.044 -0.045 -0.043 -0.054 -0.042 -0.037 -0.047 -0.036 0.027 0.042 0.058 0.051 0.013 0.054 0.041 0.039 0.043 0.046 0.049 0.048 0.048 0.049 0.05 0.059 0.059 0.069 0.074 0.049 0.043 0.042 0.042 0.035 0.044 0.059 0.065 0.061 0.058 0.037 0.018 0.063 0.06 0.061 0.068 0.084 0.09 0.079
-9999 -9999 -9999 -9999 0.079 0.076 0.061 0.052 0.083 0.061 0.064 0.05 0.049 0.069 0.077 0.081 0.078 0.083 0.069 0.055 0.065 0.033 0.043 0.055 0.054 0.061 0.042 0.034 0.011 -0.026 -0.037 -0.052 -0.046 -0.041 -0.044 -0.041 0.004 0.014 -0.019 0.012 0.011 -0.011 -0.022 0.005 0.058 0.048 0.055 0.072 0.077 0.056 0.047 0.038 0.047 -0.001 -0.3 0.023 0.067 0.063 0.048 0.05 0.057 0.058 0.06 0.066 0.067 0.066 0.065 0.063 0.058 0.063 0.063 0.066 0.062 0.064 0.073 0.077 0.077
-9999 -9999 -9999 -9999 0.066 0.069 0.023 0.019 0.017 -0.002 -0.007 0.054 0.04 0.056 0.068 0.082 0.093 0.089 0.083 0.083 0.077 -0.3 -0.3 0.051 0.05 0.041 0.04 0.036 0.046 0.06 0.017 -0.002 -0.026 0.009 0.025 0.029 0.039 0.023 0.015 0.026 0.014 0.002 0.008 0.028 0.033 0.024 0.007 -0.027 0.068 0.059 0.075 0.074 0.055 0.059 0.066 0.056 0.062 0.057 0.057 0.054 0.052 0.072 0.078 0.063 0.07 0.067 0.071 0.074 0.07 0.058 0.062 0.069 0.07 0.066 0.068 0.072 0.071
-9999 -9999 -9999 -9999 -9999 0.018 0.006 0.033 0.046 0.034 0.037 0.052 -0.006 0.066 0.07 0.076 0.093 0.096 0.082 0.087 0.098 0.068 0.023 0.031 0.039 0.049 0.05 0.046 0.037 0.045 0.048 0.027 0.001 0.055 0.067 0.066 0.045 0.014 0.029 0.045 0.05 0.045 0.046 0.034 0.037 0.034 0.027 0.011 0.038 0.06 0.064 0.06 0.071 0.073 0.071 0.059 0.074 0.068 0.068 0.075 0.077 0.083 0.098 0.066 0.057 0.063 0.065 0.059 0.057 0.059 0.066 0.086 0.092 0.072 0.073 0.079 0.075
-9999 -9999 -9999 -9999 -9999 0.046 0.057 0.056 0.031 0.062 0.065 0.059 0.038 0.049 0.068 0.081 0.084 0.083 0.101 0.09 0.084 0.069 0.06 0.08 0.038 0.003 -0.012 0.014 0.045 0.038 0.036 0.029 0.021 0.016 -0.3 -0.013 0.061 0.067 0.051 0.051 0.043 0.052 0.054 0.045 0.044 0.052 0.048 0.044 0.057 0.077 0.079 0.096 0.103 0.074 -0.3 -0.013 0.067 0.067 0.065 0.068 0.076 0.084 0.089 0.082 0.078 0.084 0.076 0.074 0.072 0.079 0.079 0.079 0.079 0.071 0.071 0.077 0.085
-9999 -9999 -9999 -9999 -9999 -9999 0.015 0.083 -0.003 0.027 0.026 0.058 0.076 0.082 0.082 0.068 0.02 -0.032 0.059 0.054 0.072 0.093 0.087 0.077 0.083 0.069 0.079 0.099 0.057 0.078 0.096 0.081 0.103 0.086 0.103 0.096 0.097 0.078 0.036 0.059 0.058 0.076 0.077 0.06 0.071 0.052 0.043 0.052 0.077 0.08 0.066 0.078 0.057 0.072 0.08 0.085 0.051 0.059 0.076 0.076 0.083 0.08 0.085 0.065 0.066 0.073 0.079 0.081 0.086 0.076 0.076 0.069 0.077 0.084 0.08 0.082 0.1
-9999 -9999 -9999 -9999 -9999 -9999 0.053 0.027 0.047 0.051 0.051 0.067 0.066 0.08 0.07 0.054 0.047 0.063 0.059 0.055 0.06 0.052 0.041 0.072 0.078 0.076 0.057 0.077 0.088 0.067 0.08 0.071 0.076 0.086 0.089 0.078 0.075 0.079 0.075 0.079 0.075 0.072 0.039 0.058 0.073 0.067 0.034 -0.037 0.08 0.07 0.071 0.058 0.093 0.081 0.085 0.075 0.067 0.08 0.069 0.064 0.076 0.079 0.056 0.083 0.077 0.08 0.075 0.092 0.076 0.075 0.079 0.075 0.077 0.081 0.073 0.075 0.077
-9999 -9999 -9999 -9999 -9999 -9999 0.009 0.018 0.048 0.04 0.062 0.058 0.053 0.079 0.088 0.078 0.082 0.078 0.064 0.045 0.003 0.056 0.051 0.034 0.046 0.041 0.075 0.067 0.073 0.072 0.08 0.077 0.08 0.077 0.076 0.079 0.063 0.07 0.074 0.079 0.073 0.044 -0.103 0.048 0.057 0.063 0.013 -0.03 0.079 0.052 0.082 0.093 0.091 0.09 0.088 0.094 0.094 0.086 0.052 0.086 0.086 0.074 -0.011 0.061 0.048 0.067 0.09 0.072 0.068 0.067 0.069 0.074 0.07 0.074 0.084 0.07 0.084
-9999 -9999 -9999 -9999 -9999 -9999 -9999 -9999 0.028 0.065 0.052 0.038 0.032 0.057 0.053 0.065 0.073 0.073 0.076 0.067 0.064 0.07 0.067 0.05 0.05 0.025 0.013 0.01 0.053 0.068 0.085 0.073 0.062 0.065 0.074 0.068 0.091 0.078 0.075 0.069 0.059 0.026 0.043 0.066 0.071 0.064 0.042 0.045 0.067 0.01 0.082 0.051 0.064 0.069 0.064 0.094 0.091 0.101 0.079 0.078 0.089 0.085 0.077 0.067 0.083 0.074 0.068 0.064 0.056 0.082 0.08 0.074 0.072 0.078 0.092 0.088 0.077
-9999 -9999 -9999 -9999 -9999 -9999 -9999 -9999 -9999 -9999 -9999 0.068 0.054 0.046 0.051 0.053 0.062 0.061 0.058 0.065 0.07 0.063 0.067 0.052 0.047 0.039 0.058 0.062 0.067 0.081 0.054 0.043 0.073 -0.3 0.069 0.075 0.086 0.065 0.055 0.06 0.084 0.058 0.045 0.071 0.065 0.057 0.062 0.058 0.067 0.068 0.057 0.032 0.067 0.061 0.064 0.09 0.085 0.081 0.083 0.072 0.083 0.086 0.079 0.08 0.084 0.064 0.058 0.075 0.082 0.072 0.016 0.065 0.065 0.069 0.07 0.051 0.051
-9999 -9999 -9999 -9999 -9999 -9999 -9999 -9999 -9999 -9999 -9999 -9999 0.058 0.043 0.054 0.053 0.058 0.051 0.062 0.009 0.049 0 -0.038 0.006 0.026 0.017 0.035 0.081 0.062 0.064 0.06 0.036 -0.049 0.037 -0.048 0.04 0.059 0.045 0.032 -0.005 -0.007 0.098 0.106 0.071 0.067 0.081 0.081 0.065 0.043 0.067 0.061 0.057 0.047 0.06 0.065 0.064 0.047 0.051 0.1 0.08 0.061 0.08 0.078 0.089 0.089 -0.002 -0.008 0.055 0.066 0.073 0.081 0.085 0.094 0.085 0.097 0.03 0.076
-9999 -9999 -9999 -9999 -9999 -9999 -9999 -9999 -9999 -9999 -9999 -9999 -9999 0.066 0.067 0.052 0.062 0.09 -0 -0.027 0.034 0.047 0.003 -0.036 0.006 0.035 0.075 0.088 0.051 0.065 0.066 0.017 -0.036 0.036 0.068 0.071 0.067 0.074 0.065 0.077 0.057 0.04 0.083 0.02 0.056 0.052 0.069 0.061 0.065 0.07 0.067 0.077 0.073 0.068 0.06 0.056 0.056 0.061 0.119 0.114 0.091 -0.01 0.071 0.084 0.091 0.082 0.054 0.073 0.081 0.081 0.09 0.081 0.089 0.056 0.092 0.063 0.062
-9999 -9999 -9999 -9999 -9999 -9999 -9999 -9999 -9999 -9999 -9999 -9999 -9999 0.054 0.061 0.052 0.049 0.043 0.015 0.015 0.063 0.021 0.049 0.056 0.066 0.056 0.064 0.067 0.072 0.075 0.076 0.047 -0.005 0.042 0.012 0.058 0.089 0.096 0.079 0.089 0.096 0.082 0.062 0.028 0.054 0.05 -0.3 0.023 0.077 0.066 0.07 0.02 0.078 0.077 -0.085 -0.033 0.078 0.095 0.087 0.103 0.106 -0.032 0.009 0.104 0.098 0.067 0.07 0.083 0.094 0.088 0.079 0.082 0.085 0.104 0.109 0.104 0.105
-9999 -9999 -9999 -9999 -9999 -9999 -9999 -9999 -9999 -9999 -9999 0.007 -0.017 0.002 0.036 0.047 0.049 0.054 0.069 0.057 0.045 -0.002 -0.042 0.063 0.066 0.029 0.051 0.049 0.075 0.075 0.074 0.065 0.066 0.071 0.083 0.085 0.09 0.1 0.053 0.097 0.088 0.081 0.084 0.076 -0.029 -0.012 0.072 0.022 0.105 0.096 0.087 0.051 0.075 0.078 0.073 0.068 0.086 0.067 0.087 0.082 0.063 0.087 0.091 0.097 0.097 0.087 0.085 0.088 0.101 0.101 0.087 0.082 0.088 0.102 0.114 0.098 0.128
-9999 -9999 -9999 -9999 -9999 -9999 -9999 -9999 -9999 -9999 -9999 0.053 0.044 0.063 0.051 0.065 0.066 0.072 0.052 0.047 0.049 0.032 -0.005 0.054 0.056 0.048 0.036 0.055 0.081 0.095 0.066 0.06 0.085 0.094 0.098 0.09 0.084 0.089 -0.3 -0.3 0.048 0.081 0.086 0.074 0.044 0.038 0.049 0.09 0.065 -0.02 0.054 0.08 0.076 0.076 0.082 0.08 0.082 0.08 0.058 0.073 0.049 0.116 0.103 0.089 0.079 0.09 0.077 0.093 0.109 0.102 0.095 0.088 0.11 0.095 0.096 0.103 0.107
-9999 -9999 -9999 -9999 -9999 -9999 -9999 -9999 -9999 -9999 -9999 0 0.041 0.092 0.057 0.062 0.07 0.062 0.07 0.069 0.048 0.03 0.029 0.059 0.081 0.074 0.085 0.085 0.064 0.079 0.078 0.083 0.086 0.068 0.076 0.09 0.09 0.077 0.097 0.108 0.102 0.101 0.098 0.044 0.043 0.089 0.11 0.104 0.084 0.107 0.106 0.093 0.104 0.084 0.089 0.104 0.083 0.077 0.103 0.11 0.11 0.104 0.094 0.015 0.075 0.081 0.077 0.07 0.084 0.09 0.093 0.088 0.094 0.106 0.101 0.107 0.11
-9999 -9999 -9999 -9999 -9999 -9999 -9999 -9999 -9999 -9999 -9999 0.041 0.042 0.049 0.042 0.055 0.05 0.051 0.073 0.085 0.076 0.082 0.086 0.055 0.059 0.087 0.098 0.08 0.054 0.075 0.084 0.078 0.088 0.069 0.065 0.087 0.077 0.085 0.09 0.096 0.103 0.098 0.07 0.054 0.057 0.078 0.009 -0.011 0.112 0.097 0.085 0.079 0.103 0.092 0.082 0.098 0.095 0.099 0.095 0.097 0.1 0.089 0.09 0.1 0.093 0.089 0.076 0.06 0.067 0.089 0.102 0.102 0.103 0.1 0.105 0.115 0.107
