data/china_ndvi_max_1984.asc
ncols         710
nrows         510
xllcorner     70
yllcorner     10
cellsize      0.1
NODATA_value  -9999
[rows 272 to 305 of 510, columns 77 to 153 of 710]
-9999 -9999 -9999 -9999 -9999 -9999 -9999 -9999 -9999 -9999 -9999 -0.3 0.084 0.083 0.06 0.065 0.068 0.072 0.075 0.077 0.087 0.078 0.073 0.088 0.103 0.098 0.095 0.113 0.093 0.088 0.065 0.082 0.087 0.072 0.036 0.051 0.069 0.052 0.077 0.072 0.105 0.091 0.078 0.081 0.07 0.081 0.071 0.014 0.073 0.08 0.048 0.091 0.078 0.098 0.115 0.098 0.097 0.094 0.101 0.12 0.121 0.113 0.119 0.107 0.104 0.085 0.078 0.066 0.083 0.096 0.115 0.109 0.101 0.096 0.044 0.093 0.111
-9999 -9999 -9999 -9999 -9999 -9999 -9999 -9999 -9999 -9999 -9999 0.069 0.078 0.08 0.058 0.079 0.073 0.082 0.089 0.073 0.078 0.085 0.076 0.088 0.099 0.111 0.116 0.097 0.095 0.095 0.087 0.082 0.088 0.084 0.081 0.077 0.078 0.104 0.077 0.061 0.059 0.068 0.044 0.048 0.072 0.082 0.077 0.081 0.103 0.094 0.099 0.092 0.08 0.084 0.083 0.051 0.102 0.114 0.113 0.111 0.098 0.129 0.135 0.119 0.104 0.085 0.073 0.069 0.092 0.104 0.12 0.124 0.103 0.112 0.114 0.108 0.116
-9999 -9999 -9999 -9999 -9999 -9999 -9999 -9999 -9999 -9999 -9999 0.092 0.105 0.08 0.064 0.07 0.075 0.072 0.084 0.081 0.073 0.059 -0.3 0.082 0.082 0.08 0.074 0.071 0.1 0.111 0.095 0.104 0.104 0.094 0.097 0.081 0.103 0.113 0.07 0.086 0.092 0.098 0.105 0.093 0.098 0.084 0.078 0.09 0.092 0.083 0.093 0.093 0.074 0.094 0.107 0.096 0.089 0.112 0.108 0.113 0.097 0.093 0.112 0.114 0.113 0.109 0.109 0.113 0.044 -0.024 0.076 0.101 0.138 0.128 0.124 0.11 0.103
-9999 -9999 -9999 -9999 -9999 -9999 -9999 -9999 -9999 -9999 -9999 -9999 -9999 0.086 0.102 0.087 0.072 0.068 0.094 0.121 0.104 0.091 0.114 0.077 0.07 0.082 0.107 0.105 0.056 0.091 0.11 0.119 0.111 0.113 0.107 0.106 0.121 0.127 0.108 0.11 0.116 0.11 0.101 0.076 0.097 0.109 0.107 0.082 0.053 0.045 0.062 0.091 0.099 0.065 0.097 0.096 0.105 0.1 0.107 0.094 0.086 0.1 0.109 0.077 0.065 -0.23 0.075 0.084 0.145 0.125 0.112 0.082 0.095 0.102 0.099 0.14 0.122
-9999 -9999 -9999 -9999 -9999 -9999 -9999 -9999 -9999 -9999 -9999 -9999 -9999 -9999 0.087 0.081 0.084 0.077 0.084 0.109 0.102 0.114 0.128 0.109 0.099 0.097 0.097 0.114 0.097 0.118 0.102 0.118 0.111 0.116 0.104 0.102 0.108 0.112 0.113 0.108 0.089 0.11 0.105 0.11 0.12 0.105 0.096 0.105 0.097 0.059 0.059 0.073 0.091 0.079 0.086 0.098 0.104 0.103 0.104 0.101 0.099 0.122 0.108 0.06 0.117 0.065 0.094 0.092 0.123 0.122 0.12 0.055 0.082 0.118 0.132 0.079 0.079
-9999 -9999 -9999 -9999 -9999 -9999 -9999 -9999 -9999 -9999 -9999 -9999 -9999 -9999 -9999 0.086 0.089 0.085 0.056 0.066 0.089 0.079 0.102 0.1 0.091 0.09 0.069 0.085 0.077 0.089 0.085 0.062 0.077 0.092 0.104 0.108 0.095 0.094 0.088 0.067 0.071 0.102 0.111 0.112 0.118 0.106 0.107 0.101 0.108 0.11 0.106 0.074 0.086 0.088 0.09 0.103 0.118 0.136 0.118 0.125 0.117 0.115 0.117 0.095 0.089 0.114 0.126 0.123 0.125 0.126 0.128 0.124 0.111 0.125 0.132 0.132 0.127
-9999 -9999 -9999 -9999 -9999 -9999 -9999 -9999 -9999 -9999 -9999 -9999 -9999 -9999 -9999 0.096 0.118 0.113 0.069 0.085 0.106 0.107 0.1 0.131 0.128 0.094 0.068 0.065 0.076 0.063 0.069 0.071 0.077 0.09 0.091 0.102 0.08 0.065 0.07 0.06 0.077 0.081 0.086 0.1 0.096 0.101 0.113 0.108 0.118 0.132 0.118 0.084 0.091 0.107 0.122 0.11 0.097 0.11 0.135 0.126 0.102 0.116 0.113 0.119 0.112 0.118 0.121 0.122 0.121 0.098 0.122 0.126 0.12 0.107 0.096 0.094 0.1
-9999 -9999 -9999 -9999 -9999 -9999 -9999 -9999 -9999 -9999 -9999 -9999 -9999 -9999 -9999 0.079 0.092 0.11 0.086 0.121 0.128 0.093 0.092 0.107 0.097 0.109 0.097 0.085 0.028 -0.085 0.046 0.05 0.049 0.072 0.086 0.11 0.111 0.1 0.083 0.077 0.08 0.08 0.082 0.062 0.103 0.117 0.106 0.085 0.095 0.102 0.091 0.072 0.079 0.114 0.123 0.114 0.094 0.107 0.129 0.124 0.119 0.117 0.105 0.101 0.107 0.12 0.113 0.117 0.121 0.123 0.126 0.115 0.111 0.11 0.102 0.096 0.096
-9999 -9999 -9999 -9999 -9999 -9999 -9999 -9999 -9999 -9999 -9999 -9999 -9999 -9999 -9999 -9999 0.071 0.067 0.109 0.087 0.095 0.079 0.073 0.071 0.081 0.059 0.095 0.096 0.137 0.129 0.105 0.076 0.072 0.079 0.103 0.085 0.065 0.092 0.121 0.122 0.075 0.06 0.064 0.073 0.048 0.013 0.055 0.054 0.093 0.086 0.07 0.072 0.078 0.1 0.129 0.121 0.095 0.105 0.14 0.145 0.126 0.112 0.111 0.09 0.078 0.086 0.112 0.133 0.13 0.122 0.129 0.123 0.108 0.115 0.126 0.127 0.122
-9999 -9999 -9999 -9999 -9999 -9999 -9999 -9999 -9999 -9999 -9999 -9999 -9999 -9999 -9999 -9999 0.097 0.08 0.09 0.062 0.078 0.072 0.099 0.09 0.115 0.101 0.095 0.103 0.117 0.103 0.103 0.071 0.1 -0.002 0.051 0.091 0.101 0.081 0.067 0.067 0.034 0.079 0.082 0.082 0.069 -0.062 0.036 0.054 0.05 0.06 0.074 0.084 0.092 0.124 0.134 0.125 0.122 0.12 0.107 0.124 0.107 0.095 0.063 0.082 0.094 0.096 0.111 0.128 0.138 0.124 0.132 0.133 0.135 0.135 0.132 0.133 0.127
-9999 -9999 -9999 -9999 -9999 -9999 -9999 -9999 -9999 -9999 -9999 -9999 -9999 -9999 -9999 -9999 0.092 0.082 0.096 0.087 0.092 0.096 0.102 0.103 0.108 0.11 0.118 0.104 0.074 0.068 0.08 0.086 0.073 0.047 0.069 0.085 0.107 0.088 0.101 0.119 0.116 0.087 0.101 0.068 0.08 0.109 0.099 0.083 0.064 0.062 0.066 0.07 0.079 0.091 0.085 0.09 0.103 0.082 0.097 0.106 0.097 0.092 0.089 0.098 0.104 0.094 0.091 0.127 0.127 0.125 0.123 0.127 0.134 0.132 0.14 0.133 0.119
-9999 -9999 -9999 -9999 -9999 -9999 -9999 -9999 -9999 0.059 0.049 -9999 -9999 -9999 -9999 -9999 -9999 0.137 0.084 0.086 0.082 0.087 0.094 0.09 0.101 0.078 0.089 0.077 0.067 0.081 0.09 0.092 0.101 0.099 0.1 0.111 0.112 0.118 0.082 0.087 0.106 0.095 0.07 0.064 0.071 0.064 0.052 0.059 0.07 0.083 0.091 0.072 0.065 0.097 0.073 0.073 0.081 0.082 0.103 0.131 0.111 0.103 0.099 0.102 0.116 0.11 0.104 0.11 0.129 0.105 0.111 0.122 0.123 0.127 0.144 0.138 0.125
-9999 -9999 -9999 -9999 -9999 -9999 -9999 -9999 0.086 0.064 0.06 -9999 -9999 -9999 -9999 0.111 0.042 0.052 0.088 0.079 0.089 0.07 0.071 0.074 0.082 0.068 0.063 0.056 0.078 0.085 0.094 0.094 0.117 0.093 0.097 0.112 0.093 0.093 0.099 0.075 0.08 0.092 0.068 0.129 0.107 0.09 0.037 -0.023 0.062 0.066 0.062 0.072 0.07 0.107 0.102 0.065 0.07 0.091 0.109 0.108 0.112 0.113 0.109 0.12 0.127 0.12 0.103 0.11 0.127 0.124 0.131 0.118 0.126 0.135 0.146 0.138 0.121
-9999 -9999 -9999 -9999 -9999 -9999 -9999 -9999 0.028 0.047 0.098 0.055 -9999 -9999 -9999 0.12 0.141 0.113 0.039 0.037 0.033 0.158 0.071 0.061 0.083 0.098 0.099 0.114 0.088 0.088 0.078 0.113 0.121 0.135 0.106 0.091 0.103 0.102 0.102 0.101 0.103 0.091 0.113 0.085 0.104 0.108 0.122 0.167 0.126 0.13 0.141 0.107 0.127 0.109 0.124 0.124 0.09 0.122 0.115 0.12 0.077 0.068 0.072 0.091 0.094 0.107 0.099 0.121 0.129 0.127 0.135 0.136 0.118 0.135 0.133 0.111 0.113
-9999 -9999 -9999 -9999 -9999 -9999 -9999 -9999 -9999 0.031 0.077 0.053 0.046 0.088 0.098 0.153 0.154 0.124 0.1 0.082 0.034 0.066 0.084 0.085 0.104 0.102 0.101 0.088 0.097 0.109 0.093 0.11 0.118 0.121 0.121 0.079 0.092 0.087 0.1 0.104 0.088 0.095 0.097 0.099 0.09 0.057 0.094 0.105 0.127 0.118 0.119 0.114 0.131 0.13 0.105 0.16 0.143 0.134 0.122 0.131 0.115 0.033 0.072 0.09 0.091 0.1 0.105 0.1 0.104 0.086 0.096 0.114 0.122 0.121 0.105 0.099 0.098
-9999 -9999 -9999 -9999 -9999 -9999 -9999 -9999 0.026 0.058 0.108 0.061 0.099 0.065 0.122 0.09 0.101 0.12 0.144 0.122 0.09 0.014 0.05 0.115 0.113 0.101 0.072 0.078 0.093 0.103 0.089 0.072 0.11 0.09 0.091 0.106 0.09 0.079 0.106 0.113 0.106 0.093 0.092 0.101 0.099 0.108 0.099 0.087 0.103 0.117 0.105 0.129 0.129 0.111 0.081 0.087 0.109 0.13 0.105 0.135 0.126 0.137 0.14 0.128 0.126 0.126 0.123 0.126 0.099 0.092 0.012 0.096 0.083 0.086 -0.014 0.088 0.109
-9999 -9999 -9999 -9999 -9999 -9999 -9999 -9999 -9999 0.12 0.123 0.071 0.088 0.124 0.116 0.121 0.123 0.142 0.117 0.118 0.14 0.013 -0.003 0.144 0.094 0.109 0.095 0.092 0.094 0.094 0.099 0.099 0.083 0.071 0.08 0.095 0.099 0.1 0.123 0.122 0.108 0.104 0.092 0.097 0.105 0.124 0.104 0.113 0.115 0.119 0.113 0.132 0.123 0.111 0.091 0.087 0.121 0.149 -0.3 0.09 0.127 0.117 0.128 0.115 0.129 0.126 0.13 0.122 0.105 0.114 0.079 0.059 0.091 0.097 0.116 0.112 0.123
-9999 -9999 -9999 -9999 -9999 -9999 -9999 -9999 -9999 -9999 0.083 0.043 0.038 0.124 0.095 0.101 0.086 0.085 0.123 0.127 0.142 0.068 -0.001 0.057 0.074 0.105 0.105 0.097 0.091 0.09 0.094 0.111 0.094 0.067 0.074 0.105 0.104 0.097 0.105 0.118 0.111 0.099 0.089 0.057 0.095 0.097 0.098 0.113 0.126 0.126 0.125 0.129 0.132 0.107 0.113 0.111 0.106 0.124 0.098 0.099 0.113 0.128 0.13 0.131 -0.3 0.071 0.114 0.115 0.129 0.125 0.115 0.117 0.111 0.104 0.103 0.09 0.116
-9999 -9999 -9999 -9999 -9999 -9999 -9999 -9999 -9999 -9999 -9999 0.07 0.138 0.061 0.094 0.125 0.096 0.067 0.086 0.088 0.079 0.135 0.133 0.076 0.081 0.077 0.111 0.106 0.089 0.13 0.091 0.082 0.084 0.092 0.089 0.106 0.114 0.124 0.109 0.122 0.136 0.103 0.114 0.119 0.097 0.099 0.122 0.109 0.092 0.123 0.123 0.093 0.144 0.087 -0.023 -0.077 0.073 0.102 0.032 0.083 0.132 0.114 0.126 0.101 0.117 0.112 0.123 0.122 0.115 0.118 0.12 0.117 0.132 0.13 0.127 0.121 0.147
-9999 -9999 -9999 -9999 -9999 -9999 -9999 -9999 -9999 -9999 0.116 0.107 0.078 0.111 0.144 0.133 0.107 0.079 0.068 0.071 0.098 0.111 0.106 0.087 0.089 0.077 0.079 0.108 0.074 0.09 0.113 0.091 0.087 0.087 0.095 0.1 0.12 0.141 0.122 0.124 0.125 0.107 0.122 0.107 0.117 0.13 0.142 0.096 0.131 0.124 0.133 0.128 0.135 0.091 0.077 0.012 0.102 0.11 0.039 0.083 0.091 0.11 0.111 0.128 0.129 0.104 0.116 0.13 0.117 0.125 0.124 0.131 0.139 0.136 0.123 0.121 0.133
-9999 -9999 -9999 -9999 -9999 -9999 -9999 -9999 -9999 -9999 -9999 0.05 0.069 0.103 0.12 0.101 0.065 0.069 0.064 0.066 0.067 0.074 0.08 0.069 0.079 0.067 0.075 0.092 0.109 0.11 0.083 0.113 0.093 0.093 0.1 0.091 0.106 0.113 0.127 0.12 0.11 0.107 0.112 0.127 0.135 0.121 0.076 0.043 0.116 0.118 0.11 0.114 0.102 0.112 0.091 0.119 0.134 0.14 0.05 0.094 0.102 0.113 0.124 0.114 0.136 0.132 0.122 0.117 0.097 0.114 0.118 0.129 0.132 0.052 0.113 0.139 0.13
-9999 -9999 -9999 -9999 -9999 -9999 -9999 -9999 -9999 -9999 -9999 -9999 0.052 0.102 0.134 0.113 0.079 0.07 0.065 0.059 0.051 0.068 0.09 0.116 0.069 0.05 0.06 0.07 0.125 0.126 0.085 0.086 0.104 0.112 0.079 0.091 0.106 0.102 0.127 0.119 0.115 0.137 0.118 0.125 0.129 0.146 0.055 0.055 0.096 0.093 0.09 0.09 0.074 -0.3 0.05 0.126 0.152 0.109 0.089 0.084 0.104 0.132 0.131 0.117 0.121 0.116 0.115 0.102 0.126 0.133 0.148 0.12 0.131 0.122 0.005 0.133 0.122
-9999 -9999 -9999 -9999 -9999 -9999 -9999 -9999 -9999 -9999 -9999 0.056 0.043 0.128 0.145 0.142 0.111 0.099 0.059 0.054 0.053 0.064 0.071 0.112 0.056 0.05 0.073 0.07 0.122 0.131 0.124 0.063 0.093 0.114 0.102 0.102 0.102 0.104 0.109 0.098 0.126 0.118 0.127 0.142 0.137 0.137 0.075 0.095 0.104 0.111 0.102 0.091 -0.3 -0.3 -0.3 0.075 0.131 0.066 0.09 0.099 0.103 0.126 0.12 0.089 0.113 0.085 0.105 0.113 0.116 0.141 0.148 0.137 0.131 0.122 0.006 0.137 0.125
-9999 -9999 -9999 -9999 -9999 -9999 -9999 -9999 -9999 -9999 -9999 0.069 0.052 0.109 0.143 0.131 0.082 0.118 0.104 0.1 0.081 0.078 0.072 0.079 0.094 0.116 0.112 0.102 0.122 0.135 0.15 0.151 0.13 0.129 0.137 0.119 0.131 0.132 0.114 0.101 0.118 0.105 0.13 0.117 0.115 0.114 0.083 0.094 0.113 0.092 0.099 0.156 0.078 0.086 0.098 0.136 0.155 0.135 0.107 0.135 0.081 0.126 0.136 -0.156 -0.027 0.067 0.117 0.124 0.113 0.11 0.129 0.111 0.122 0.07 0.1 0.14 0.15
-9999 -9999 -9999 -9999 -9999 -9999 -9999 -9999 -9999 -9999 -9999 -9999 0.012 0.087 0.147 0.115 0.104 0.082 0.13 0.114 0.118 0.098 0.08 0.083 0.099 0.12 0.134 0.125 0.096 0.132 0.142 0.067 0.102 0.08 0.079 0.117 0.105 0.132 0.13 0.115 0.119 0.096 0.115 0.107 0.118 0.111 0.097 0.104 0.117 0.103 0.089 0.13 0.112 0.103 0.086 0.105 0.109 0.075 0.141 0.124 0.142 0.139 0.141 -0.063 0.068 0.1 0.096 0.097 0.107 0.114 0.13 0.122 0.117 0.148 0.097 0.131 0.138
-9999 -9999 -9999 -9999 -9999 -9999 -9999 -9999 -9999 -9999 -9999 -9999 -9999 0.072 0.071 0.037 0.047 0.106 0.13 0.12 0.133 0.126 0.116 0.109 0.097 0.106 0.122 0.117 0.133 0.125 0.115 0.152 0.13 0.094 0.059 0.093 0.109 0.131 0.112 0.125 0.143 0.139 0.131 0.119 0.119 0.114 0.062 0.047 0.126 0.123 0.12 0.102 0.099 0.116 0.102 0.116 0.124 0.108 0.129 0.134 0.164 0.142 0.16 0.11 0.135 0.126 0.115 0.119 0.116 0.129 0.147 0.164 0.137 0.12 0.188 0.163 0.15
-9999 -9999 -9999 -9999 -9999 -9999 -9999 -9999 -9999 -9999 -9999 -9999 -9999 0.138 0.114 0.07 -0.01 -0.017 0.087 0.105 0.086 0.092 0.152 0.127 0.109 0.097 0.102 0.099 0.131 0.11 0.113 0.12 0.13 0.153 0.102 0.055 0.07 0.105 0.087 0.08 0.158 0.128 0.145 0.15 0.131 0.126 0.112 -0.032 0.103 0.132 0.111 0.107 0.103 0.111 0.105 0.125 0.183 0.143 0.118 0.172 0.125 0.129 0.151 -0.3 -0.3 -0.3 0.108 0.132 0.126 0.142 0.137 0.142 0.143 0.158 0.156 0.169 0.146
-9999 -9999 -9999 -9999 -9999 -9999 -9999 -9999 -9999 -9999 -9999 -9999 -9999 -9999 0.01 -9999 0.014 -9999 -9999 0.027 0.049 0.048 0.086 0.144 0.141 0.094 0.081 0.105 0.119 0.124 0.107 0.124 0.124 0.139 0.161 0.122 0.064 0.093 0.056 0.105 0.126 0.128 0.163 0.13 0.137 0.141 0.136 0.057 0.062 0.127 0.111 0.116 0.128 0.099 0.104 0.114 0.117 0.127 0.072 0.157 0.13 0.123 0.136 0.165 0.15 0.146 0.132 0.136 0.031 0.091 0.133 0.146 0.127 0.127 0.104 0.108 0.119
-9999 -9999 -9999 -9999 -9999 -9999 -9999 -9999 -9999 -9999 -9999 -9999 -9999 -9999 -9999 -9999 -9999 -9999 -9999 -9999 -9999 0.048 0.054 0.095 0.137 0.12 0.139 0.133 0.123 0.114 0.127 0.12 0.129 0.109 0.113 0.11 0.108 0.126 0.093 0.066 0.169 0.15 0.102 0.087 0.136 0.119 0.113 0.106 0.107 0.078 0.007 0.12 0.118 0.041 0.086 0.13 0.131 0.057 0.045 0.035 0.102 0.124 0.104 0.111 0.099 0.127 0.14 0.137 0.138 0.13 0.107 0.096 0.104 0.124 0.085 0.113 0.149
-9999 -9999 -9999 -9999 -9999 -9999 -9999 -9999 -9999 -9999 -9999 -9999 -9999 -9999 -9999 -9999 -9999 -9999 -9999 -9999 -9999 -9999 0.1 0.09 0.081 0.112 0.138 0.113 0.136 0.13 0.13 0.113 0.096 0.124 0.086 0.11 0.103 -0.008 0.136 0.139 0.132 0.139 0.148 0.089 0.096 0.094 0.119 0.133 0.075 0.076 -0.015 0.065 0.12 0.073 0.076 0.101 0.083 0.032 0.105 0.124 0.11 0.094 0.049 0.091 0.105 0.118 0.097 0.122 0.123 0.127 0.118 0.074 0.108 0.117 0.102 0.125 0.142
-9999 -9999 -9999 -9999 -9999 -9999 -9999 -9999 -9999 -9999 -9999 -9999 -9999 -9999 -9999 -9999 -9999 -9999 -9999 -9999 -9999 -9999 -9999 0.147 0.108 0.094 0.095 0.088 0.126 0.147 0.13 0.086 0.11 0.159 0.129 -0.3 0.102 0.107 -0.3 0.138 0.157 0.138 0.135 0.123 0.122 0.113 0.108 0.088 0.104 0.066 0.079 0.07 0.125 0.125 0.131 0.132 0.038 0.01 0.139 0.127 0.108 0.139 0.072 0.079 0.096 0.098 0.121 0.099 0.123 0.144 0.138 0.135 0.126 0.12 0.121 0.12 0.12
-9999 -9999 -9999 -9999 -9999 -9999 -9999 -9999 -9999 -9999 -9999 -9999 -9999 -9999 -9999 -9999 -9999 -9999 -9999 -9999 -9999 -9999 -9999 -9999 0.106 0.034 0.034 0.042 0.095 0.123 0.135 0.15 0.155 0.077 0.108 -0.3 -0.3 0.136 0.121 0.14 0.163 0.124 0.091 0.143 0.102 0.097 0.122 0.119 0.122 0.116 0.128 0.094 0.148 0.13 0.088 0.088 0.045 -0.007 0.144 0.152 0.131 0.126 0.119 0.094 0.114 0.082 0.1 0.098 0.102 0.124 0.135 0.134 0.132 0.119 0.116 0.143 0.131
-9999 -9999 -9999 -9999 -9999 -9999 -9999 -9999 -9999 -9999 -9999 -9999 -9999 -9999 -9999 -9999 -9999 -9999 -9999 -9999 -9999 -9999 -9999 -9999 -9999 -9999 -9999 -9999 0.051 0.061 0.115 0.136 0.148 0.124 0.11 0.095 0.099 0.142 0.162 0.155 0.151 0.119 0.102 0.071 0.071 0.106 0.138 0.134 0.128 0.115 0.096 0.105 0.173 0.086 0.072 0.143 0.059 0.024 0.126 0.145 0.14 0.103 0.089 0.117 0.091 0.02 0.112 0.123 0.111 0.108 0.121 0.137 0.129 0.132 0.109 0.114 0.107
-9999 -9999 -9999 -9999 -9999 -9999 -9999 -9999 -9999 -9999 -9999 -9999 -9999 -9999 -9999 -9999 -9999 -9999 -9999 -9999 -9999 -9999 -9999 -9999 -9999 -9999 -9999 -9999 -9999 -9999 -9999 -0.007 0.038 0.135 0.106 0.093 0.035 -9999 0.117 -9999 -9999 0.059 -0.007 0.055 0.139 0.111 0.093 0.104 0.129 0.134 0.141 0.129 0.16 0.139 0.119 0.125 0.17 0.141 0.115 0.101 0.15 0.103 0.084 0.19 0.129 0.105 0.128 0.147 0.034 0.133 0.136 0.088 0.066 0.135 0.126 0.125 0.127
