data/china_ndvi_max_1985.asc
ncols         710
nrows         510
xllcorner     70
yllcorner     10
cellsize      0.1
NODATA_value  -9999
[rows 238 to 271 of 510, columns 154 to 230 of 710]
0.094 0.046 0.031 0.052 0.043 0.043 0.047 0.044 0.048 0.051 0.058 0.061 0.057 0.045 0.045 0.032 0.044 0.06 0.064 0.055 0.056 0.06 0.064 0.055 0.039 0.026 0.052 0.043 0.045 -0.123 -0.3 0.013 0.059 0.061 0.065 0.059 0.086 0.11 0.107 0.081 0.06 0.073 0.076 0.064 0.072 0.092 0.082 0.073 0.069 0.061 0.06 0.071 0.072 0.087 0.083 0.063 0.058 0.081 0.081 0.096 0.112 0.113 0.094 0.07 0.068 0.059 0.053 0.049 0.049 0.055 0.054 0.051 0.055 0.126 0.052 0.16 0.145
0.049 0.067 0.065 0.067 0.049 0.052 0.046 0.085 0.056 0.06 0.071 0.057 0.058 0.064 0.058 0.049 0.046 0.066 0.061 0.064 0.057 0.052 0.057 0.053 0.041 0.052 0.077 0.061 0.039 0.009 -0.3 -0.001 0.061 0.065 0.075 0.08 0.075 0.069 0.072 0.084 0.075 0.084 0.082 0.064 0.081 0.09 0.084 0.09 0.079 0.058 0.062 0.072 0.078 0.086 0.098 0.098 0.072 0.074 0.07 0.074 0.091 0.114 0.081 0.079 0.078 0.07 0.061 0.056 0.054 0.052 0.055 0.054 0.047 0.045 0.044 0.047 0.18
0.024 0.04 0.053 0.047 0.047 0.048 0.062 0.051 0.05 0.055 0.055 0.068 0.075 0.065 0.051 0.086 0.057 0.068 0.057 0.075 0.078 0.085 0.095 0.087 0.087 0.072 0.093 0.078 0.076 0.091 0.1 0.087 0.108 0.074 0.081 0.085 0.086 0.08 0.086 0.103 0.104 0.099 0.1 0.098 0.106 0.135 0.103 0.121 0.122 0.133 0.124 0.068 0.069 0.075 0.085 0.086 0.086 0.095 0.08 0.079 0.074 0.073 0.068 0.075 0.068 0.073 0.107 0.104 0.087 0.075 0.076 0.071 0.063 0.06 0.059 0.056 0.049
0.054 0.054 0.054 0.063 0.055 0.062 0.064 0.047 0.053 0.059 0.06 0.068 0.067 0.064 0.059 0.062 0.071 0.069 0.072 0.074 0.075 0.091 0.08 0.066 0.053 0.083 0.09 0.079 0.067 0.07 0.077 0.081 0.089 0.082 0.086 0.084 0.082 0.095 0.091 0.087 0.103 0.119 0.126 0.096 0.135 0.161 0.172 0.174 0.172 0.12 0.14 0.12 0.083 0.101 0.141 0.151 0.133 0.101 0.109 0.09 0.081 0.078 0.077 0.078 0.084 0.071 0.067 0.069 0.082 0.079 0.077 0.065 0.063 0.06 0.048 0.052 0.054
0.051 0.053 0.052 0.048 0.043 0.049 0.049 0.052 0.059 0.058 0.061 0.061 0.055 0.046 0.052 0.058 0.065 0.07 0.05 0.057 0.077 0.05 0.041 0.038 0.067 0.066 0.061 0.089 0.08 0.097 0.116 0.098 0.097 0.096 0.076 0.075 0.069 0.082 0.076 0.083 0.107 0.106 0.098 0.119 0.117 0.112 0.108 0.103 0.138 0.159 0.137 0.121 0.12 0.085 0.062 0.14 0.126 0.106 0.121 0.139 0.139 0.099 0.085 0.08 0.066 0.063 0.063 0.07 0.067 0.061 0.059 0.062 0.058 0.056 0.066 0.07 0.061
0.041 0.054 0.065 0.055 0.058 0.06 0.052 0.062 0.048 0.042 0.039 0.052 0.075 0.085 0.077 0.069 0.058 0.063 0.067 0.085 0.058 0.045 0.039 0.065 0.07 0.069 0.062 0.063 0.091 0.091 0.104 0.086 0.095 0.104 0.095 0.082 0.079 0.068 0.078 0.064 0.056 0.093 0.115 0.145 0.091 0.092 0.127 0.134 0.138 0.125 0.126 0.091 0.086 0.076 0.077 0.071 0.029 -0.002 0.015 0.071 0.149 0.14 0.115 0.097 0.083 0.075 0.062 0.062 0.062 0.063 0.061 0.062 0.056 0.071 0.09 0.089 0.059
0.056 0.067 0.068 0.066 0.054 0.067 0.061 0.061 0.055 0.051 0.051 0.057 0.053 0.039 0.042 0.051 0.067 0.065 0.058 0.054 -0.011 0.015 0.053 0.075 0.091 0.08 0.069 0.065 0.083 0.064 0.07 0.067 0.069 0.07 0.098 0.103 0.084 0.075 0.074 0.064 0.069 0.051 0.045 0.071 0.09 0.094 0.103 0.106 0.093 0.112 0.112 0.121 0.11 0.084 0.077 0.069 0.066 0.055 0.02 0.063 0.106 0.162 0.142 0.12 0.109 0.092 0.079 0.075 0.073 0.066 0.062 0.055 0.049 0.06 0.065 0.067 0.062
0.068 0.064 0.058 0.051 0.047 0.033 0.052 0.054 0.043 0.045 0.044 0.032 0.039 0.04 0.047 0.033 0.036 0.007 -0.033 -0.035 -0.043 -0.031 -0.004 0.031 0.042 0.044 0.055 0.053 0.051 0.055 0.052 0.053 0.039 0.033 0.06 0.068 0.059 0.081 0.087 -0.023 -0.111 0.084 0.089 0.08 0.045 0.014 0.113 0.025 0.077 0.167 0.132 0.062 0.069 0.044 0.069 0.064 0.067 0.099 0.08 0.059 0.066 0.124 0.123 0.131 0.14 0.116 0.123 0.133 0.093 0.08 0.075 0.09 0.11 0.107 0.091 0.088 0.085
0.062 0.064 0.049 0.056 0.05 0.045 0.038 0.033 0.037 0.029 0.044 0.046 0.037 0.036 0.028 0.033 0.03 0.024 0.003 -0.008 0.01 0.035 0.03 0.051 0.053 0.053 0.061 0.065 0.042 0.024 0.056 0.065 0.05 0.042 0.056 0.058 0.042 0.055 0.06 0.071 0.035 -0.007 0.033 0.066 0.06 0.05 0.045 0.044 0.041 0.043 0.062 0.098 0.095 0.063 0.053 0.052 0.04 0.047 0.061 0.08 0.07 0.063 0.09 0.07 0.08 0.083 0.108 0.152 0.12 0.091 0.094 0.107 0.114 0.103 0.129 0.128 0.089
0.052 0.047 0.045 0.028 0.036 0.039 0.04 0.03 0.03 0.045 0.052 0.037 0.038 0.039 0.046 0.046 0.046 0.047 0.044 0.046 0.047 0.054 0.052 0.05 0.053 0.059 0.066 0.021 0.045 0.059 0.058 0.063 0.065 0.068 0.071 0.074 0.057 0.056 0.061 0.025 0.051 0.043 0.049 0.059 0.063 0.054 0.042 0.03 0.036 0.038 0.048 0.047 0.055 0.051 0.053 0.056 0.054 0.035 0.049 0.044 0.072 0.056 0.048 0.072 0.079 0.06 0.044 0.063 0.106 0.098 0.084 0.081 0.068 0.069 0.058 0.075 0.075
0.047 0.044 0.048 0.042 0.044 0.048 0.049 0.052 0.048 0.055 0.055 0.052 0.041 0.051 0.055 0.055 0.063 0.053 0.046 0.036 0.044 0.05 0.045 0.056 0.065 0.071 0.078 0.079 0.077 0.074 0.063 0.062 0.064 0.064 0.065 0.078 0.082 0.082 0.071 0.064 0.074 0.06 0.085 0.085 0.091 0.088 0.002 -0.046 0.024 0.07 0.07 0.045 0.048 0.082 0.033 -0.01 -0.011 0.027 0.046 0.067 0.086 0.072 0.077 0.097 0.066 0.058 0.102 0.092 0.09 0.082 0.099 0.125 0.123 0.083 0.066 0.056 0.062
0.055 0.049 0.051 0.05 0.058 0.058 0.037 0.045 0.056 0.053 0.05 0.061 0.067 0.072 0.07 0.068 0.066 0.059 0.062 0.059 0.059 0.06 0.056 0.057 0.057 0.06 0.047 0.063 0.069 0.061 0.057 0.052 0.064 0.05 0.09 0.002 0.068 0.054 0.061 0.056 0.042 0.067 0.078 0.062 0.039 0.041 0.037 0.04 0.053 0.076 0.054 0.051 0.044 0.036 0.008 -0.066 -0.028 0.013 0.046 0.049 0.06 0.07 0.084 0.11 0.099 0.095 0.114 0.12 0.104 0.101 0.124 0.114 0.082 0.092 0.067 0.059 0.05
0.062 0.066 0.063 0.055 0.078 0.081 0.059 0.058 0.066 0.073 0.067 0.08 0.108 0.086 0.084 0.072 0.058 0.064 0.067 0.069 0.061 0.063 0.059 0.082 0.081 0.076 0.075 0.098 0.093 0.081 0.082 0.102 0.11 0.128 0.145 0.123 0.097 0.098 0.097 0.098 0.071 0.079 0.067 0.057 0.053 0.051 0.077 0.055 0.037 0.031 0.013 0.05 0.006 0.005 -0.031 0.037 0.041 0.051 0.07 0.077 0.003 0.024 0.072 0.062 0.074 0.099 0.13 0.116 0.1 0.076 0.067 0.059 0.055 0.042 0.021 0.01 0.019
0.052 0.058 0.032 0.02 0.044 0.047 0.071 0.089 0.066 0.084 0.082 0.071 0.075 0.077 0.076 0.073 0.071 0.067 0.066 0.067 0.065 0.052 0.056 0.062 0.062 0.064 0.071 0.075 0.075 0.073 0.076 0.099 0.096 0.087 0.047 0.086 0.086 0.084 0.088 0.062 0.054 0.076 0.071 0.065 0.069 0.068 0.014 0.062 0.039 0.065 0.049 0.033 0.003 -0.007 0.004 0.069 0.059 0.068 0.068 0.076 0.073 0.093 0.077 0.078 0.074 0.059 0.039 0.072 0.109 0.106 0.083 0.063 0.075 0.083 0.028 0.032 0.028
0.04 0.015 -0.034 0.012 0.058 0.054 0.055 0.057 0.077 0.064 0.061 0.064 0.062 0.065 0.067 0.072 0.057 0.067 0.061 0.034 0.062 0.072 0.076 0.067 0.057 0.057 0.064 0.071 0.07 0.08 0.086 0.06 0.066 0.069 0.071 0.069 0.076 0.073 0.076 0.119 0.121 0.069 0.053 0.055 0.034 0.069 0.054 0.099 0.094 0.102 0.084 0.067 0.078 0.069 0.059 0.057 0.069 0.072 0.057 0.061 0.014 0.122 0.154 0.093 0.075 0.064 0.104 0.097 0.122 0.096 0.083 0.084 0.083 0.094 0.099 -0.3 0.039
0.036 0.029 0.023 0.041 0.068 0.07 0.067 0.065 0.072 0.04 0.056 0.076 0.079 0.066 0.065 0.07 0.071 0.079 0.074 0.081 0.086 0.078 0.083 0.076 0.078 0.086 0.088 0.096 0.095 0.111 0.102 0.102 0.1 0.086 0.096 0.096 0.102 0.107 0.095 0.088 0.082 0.059 0.064 -0.002 -0.015 0.089 0.085 0.096 0.09 0.051 0.045 0.077 0.057 0 0.052 0.054 0.007 0.039 0.014 0.069 0.091 0.089 0.152 0.089 0.097 0.054 0.135 0.145 0.123 0.09 0.089 0.102 0.105 0.103 0.085 0.076 0.074
0.057 0.049 0.041 0.045 0.06 0.059 0.062 0.065 0.064 0.069 0.069 0.073 0.079 0.079 0.07 0.06 0.067 0.071 0.074 0.076 0.08 0.092 0.092 0.093 0.099 0.092 0.097 0.1 0.101 0.073 0.086 0.083 0.084 0.084 0.096 0.074 0.093 0.081 0.075 0.079 0.057 0.004 -0.016 0.034 0.045 0.084 0.107 0.081 0.051 0.09 0.11 0.107 0.074 0.09 0.091 0.084 0.066 0.115 -0.3 -0.3 0.065 0.067 0.114 0.151 0.118 -0.3 0.091 0.12 0.131 0.095 0.096 0.11 0.12 0.127 0.123 0.131 0.108
0.068 0.067 0.058 0.051 0.056 0.065 0.07 0.076 0.078 0.074 0.071 0.079 0.076 0.071 0.081 0.08 0.091 0.086 0.084 0.059 0.07 0.096 0.09 0.092 0.071 0.08 0.098 0.099 0.1 0.076 0.071 0.103 0.112 0.089 0.056 0.061 0.065 0.056 -0.042 -0.038 0.057 0.08 0.082 0.063 0.054 0.047 0.067 0.078 0.08 0.086 0.092 0.108 0.121 0.126 0.092 0.075 0.078 0.069 0.071 0.085 0.099 0.108 0.109 0.134 0.141 0.127 0.117 0.117 0.112 0.114 0.154 0.141 0.139 0.135 0.133 0.127 0.127
0.073 0.07 0.065 0.073 0.074 0.071 0.072 0.073 0.073 0.029 0.078 0.089 0.083 0.083 0.087 0.083 0.089 0.085 0.058 -0.104 0.074 0.074 0.074 0.08 0.083 0.082 0.092 0.088 0.095 0.09 0.091 0.061 0.098 0.123 0.092 0.064 0.075 0.093 0.066 -0.3 0.07 0.08 0.072 0.063 0.053 0.055 0.057 0.039 0.045 0.048 0.015 0.075 0.077 0.067 0.065 0.07 0.096 0.104 0.116 0.102 0.108 0.116 0.125 0.138 0.074 -0.011 0.088 0.122 0.132 0.152 0.163 0.171 0.153 0.14 0.142 0.128 0.127
0.067 0.08 0.083 0.092 0.092 0.094 0.073 0.08 0.083 0.08 0.088 0.066 0.087 0.089 0.062 0.082 0.078 0.076 0.064 0.082 0.087 0.076 0.046 0.075 0.089 0.086 0.101 0.105 0.114 0.094 0.079 0.06 0.063 0.1 0.107 0.131 0.122 0.125 0.125 0.086 0.087 0.092 0.116 0.124 0.125 0.111 0.056 0.022 0.03 -0.3 -0.3 0.027 0.059 0.085 0.093 0.087 0.119 0.1 0.065 0.076 0.091 0.093 0.097 0.12 0.13 0.13 0.066 -0.3 -0.3 0.099 0.122 0.141 0.151 0.155 0.163 0.159 0.155
0.073 0.06 0.084 0.077 0.074 0.074 0.073 0.078 0.084 0.07 0.075 0.068 0.066 -0.101 -0.164 0.026 0.073 0.091 0.085 0.081 0.096 0.097 0.09 0.098 0.114 0.118 0.112 0.126 0.126 0.107 0.113 0.118 0.108 0.089 0.104 0.09 0.144 0.128 0.142 0.114 0.116 0.125 0.131 0.118 0.086 0.104 0.149 0.152 0.136 0.119 0.101 0.141 0.13 0.116 0.104 0.101 0.122 0.143 0.117 0.144 0.124 0.134 0.148 0.158 0.119 0.143 0.127 0.121 0.127 0.1 0.1 0.135 0.138 0.115 0.102 0.132 0.222
0.094 0.079 0.066 0.066 0.076 0.075 0.084 0.078 0.071 0.072 0.056 0.073 0.06 0.031 0.063 0.055 0.048 0.06 0.074 0.081 0.092 0.099 0.07 0.036 0.104 0.112 -0.001 0.095 0.094 0.094 0.09 0.091 0.09 0.082 0.098 0.103 0.154 0.161 0.152 0.145 0.102 0.118 0.139 0.143 0.123 0.125 0.121 0.133 0.124 0.094 0.09 0.075 0.008 0.076 0.091 0.07 0.077 0.087 0.106 0.134 0.146 0.083 0.102 0.102 0.098 0.124 0.157 0.18 0.165 0.159 0.174 0.133 0.155 0.146 0.151 0.146 0.102
0.109 0.095 0.109 0.103 0.092 0.09 0.078 0.093 0.084 0.071 0.078 0.095 0.044 0.103 0.095 0.097 0.102 0.101 0.1 0.088 0.087 0.109 0.122 0.109 0.095 0.091 0.094 0.084 0.088 0.074 0.065 0.09 0.099 0.104 0.116 0.104 0.058 0.098 0.117 0.107 0.123 0.051 0.018 0.086 0.111 0.107 0.152 0.147 0.149 -0.043 -0.3 -0.13 0.034 0.082 0.126 0.13 0.08 0.077 0.078 0.077 0.098 0.11 0.129 0.122 0.115 0.126 0.09 0.1 0.118 0.125 0.146 0.205 0.21 0.192 0.142 0.124 0.104
0.085 0.094 0.097 0.1 0.107 0.111 0.11 0.099 0.087 0.095 0.099 0.069 0.034 0.086 0.101 0.097 0.097 0.101 0.098 0.104 0.102 0.094 0.093 0.101 0.093 0.084 0.08 0.083 0.092 0.104 0.102 0.114 0.103 0.106 0.106 0.118 0.098 0.103 0.1 0.064 0.073 0.091 0.089 0.1 0.117 0.134 0.109 0.101 0.085 0.038 -0.3 0.103 0.115 0.031 0.103 0.1 0.105 0.087 0.078 0.102 0.102 0.088 0.092 0.095 0.121 0.133 0.114 0.104 0.035 0.117 0.154 0.215 0.211 0.183 0.187 0.215 0.22
0.077 0.086 0.086 0.093 0.099 0.089 0.089 0.088 0.08 0.075 0.052 0.086 0.089 0.091 0.077 0.09 0.087 0.093 0.078 0.085 0.089 0.077 0.058 0.069 0.075 0.087 0.087 0.08 0.083 0.091 0.09 0.075 0.063 0.045 0.083 0.121 0.087 0.097 0.113 0.115 0.1 0.114 0.13 0.099 0.125 0.151 0.114 0.115 0.138 0.137 0.115 0.039 -0.055 0.033 0.104 0.107 0.122 0.11 0.119 0.145 0.157 0.115 0.114 0.103 0.122 0.134 0.138 0.138 0.133 0.131 0.161 0.179 0.214 0.204 0.197 0.196 0.197
0.058 0.086 0.07 0.062 0.082 0.086 0.071 0.09 0.099 0.104 0.099 0.089 0.075 0.08 0.08 0.083 0.095 0.096 0.082 0.084 0.085 0.063 0.025 0.071 0.084 0.081 0.093 0.096 0.091 0.082 0.086 0.094 0.086 0.03 0.029 -0.3 0.125 0.095 0.054 0.109 0.115 0.115 0.092 0.079 0.021 0.12 0.142 0.127 0.135 0.176 0.17 0.101 0.109 0.093 0.118 0.117 0.124 0.125 0.121 0.145 0.158 0.162 0.134 0.126 0.12 0.145 0.109 0.08 0.098 0.113 0.106 0.127 0.143 0.168 0.187 0.161 0.192
0.044 0.084 0.022 0.069 0.074 0.03 0.057 0.044 0.045 0.054 0.053 0.091 0.105 0.095 0.095 0.087 0.048 0.071 0.027 0.09 0.089 0.076 0.077 0.064 0.083 0.093 0.093 0.101 0.095 0.095 0.099 0.051 0.062 0.094 0.103 0.097 -0.3 -0.072 0.023 0.099 0.09 0.077 0.066 0.095 0.048 0.089 0.166 0.134 0.151 0.21 0.216 0.165 0.153 0.136 0.122 0.1 0.128 0.12 0.127 0.139 0.129 0.174 0.189 0.162 0.147 0.173 0.165 0.131 0.153 0.162 0.159 0.132 0.15 0.155 0.167 0.185 0.181
0.08 0.064 0.026 0.057 0.003 -0.045 0.071 0.08 0.076 0.072 0.082 0.064 0.056 0.079 0.027 0.061 0.105 0.113 0.1 0.095 0.105 0.025 0.105 0.092 0.077 0.077 0.08 0.114 0.107 0.098 0.1 0.097 0.098 0.104 0.115 0.098 0.083 0.093 0.07 0.117 0.134 0.159 0.109 0.075 0.07 0.058 0.11 0.118 0.135 0.096 0.127 0.103 0.103 0.16 0.148 0.126 0.121 0.157 0.172 0.193 0.229 0.095 -0.067 0.14 0.155 0.129 0.154 0.117 0.151 0.167 0.194 0.177 0.161 0.119 0.149 0.163 0.118
0.084 0.077 0.069 0.06 0.029 -0.003 0.064 0.077 0.077 0.076 0.067 0.088 0.104 0.104 0.102 0.109 0.106 0.105 0.108 0.109 0.097 0.089 0.104 0.029 0.095 0.104 0.104 0.107 0.104 0.102 0.109 0.111 0.108 0.102 0.125 0.121 0.091 0.105 0.132 0.14 0.126 0.124 0.114 0.072 0.086 0.078 0.087 0.09 0.104 0.072 0.086 0.089 0.147 0.148 0.143 0.117 0.125 0.157 0.169 0.15 0.139 0.083 0.02 0.14 0.154 0.135 0.139 0.125 0.155 0.168 0.172 0.156 0.139 0.124 0.188 0.204 0.18
0.092 0.078 0.09 0.08 0.071 0.066 0.085 0.084 0.072 0.075 0.069 0.058 0.02 0.065 0.092 0.092 0.096 0.101 0.1 0.106 0.097 0.098 0.109 0.104 0.054 0.095 0.107 0.091 0.091 0.102 0.104 0.105 0.091 0.087 0.096 0.096 0.12 0.126 0.117 0.127 0.131 0.095 0.094 0.083 0.086 0.094 0.082 0.105 0.05 0.056 0.06 0.078 0.128 0.15 0.176 0.128 0.154 0.134 0.204 0.198 0.194 0.209 0.202 0.134 0.135 0.141 0.164 0.111 0.155 0.176 0.167 0.127 0.119 0.113 0.13 0.128 0.126
0.12 0.098 0.093 0.089 0.097 0.084 0.08 0.081 0.074 0.09 0.08 0.068 0.006 0.063 0.102 0.113 0.084 0.093 0.09 0.095 0.09 0.099 0.085 0.1 0.095 0.079 0.095 0.101 0.105 0.099 0.102 0.108 0.107 0.105 0.117 0.148 0.138 0.139 0.13 0.113 0.102 0.098 0.093 0.093 0.128 0.136 0.109 0.107 0.099 0.061 0.069 0.092 0.145 0.152 0.163 0.14 0.151 0.185 0.187 0.159 0.185 0.212 0.253 0.211 0.184 0.172 0.135 0.171 0.218 0.223 0.208 0.166 0.14 0.136 0.127 0.164 0.153
0.106 0.091 0.046 0.098 0.101 0.096 0.077 0.089 0.084 0.106 0.102 0.072 0.079 0.093 0.092 0.099 0.063 0.086 0.088 0.097 0.097 0.102 0.091 0.093 0.089 0.093 0.092 0.095 0.107 0.116 0.113 0.129 0.123 0.128 0.117 0.097 0.059 0.05 0.104 0.082 0.079 0.095 0.093 0.108 0.128 0.137 0.108 0.11 0.058 0.063 0.065 0.098 0.083 0.064 0.106 0.142 0.095 0.142 0.183 0.169 0.202 0.17 0.185 0.198 0.203 0.231 0.163 0.164 0.186 0.198 0.19 0.169 0.151 0.119 0.101 0.094 0.115
0.099 0.128 0.119 0.111 0.11 0.118 0.107 0.106 0.101 0.106 0.117 0.107 0.092 0.086 0.078 0.068 -0.3 0.071 0.093 0.106 0.1 0.1 0.096 0.104 0.108 0.098 0.095 0.1 0.124 -0.045 0.083 0.104 -0.106 0.078 0.062 0.06 0.023 -0.037 -0.049 0.07 0.104 0.13 0.131 0.118 0.121 0.138 0.108 0.117 0.147 0.127 0.147 0.144 0.106 0.111 0.082 0.131 0.103 0.131 -0.3 0.118 0.14 0.169 0.196 0.18 0.176 0.154 0.117 0.116 0.146 0.141 0.125 0.164 0.174 0.185 0.146 0.168 0.214
0.101 0.102 0.105 0.11 0.112 0.109 0.11 0.103 0.101 0.107 0.112 0.102 0.102 0.106 0.098 0.09 0.097 0.1 0.106 0.109 0.102 0.108 0.099 0.101 0.082 0.082 0.077 0.096 0.1 0.091 0.098 0.036 0.088 0.088 0.085 0.084 0.004 -0.015 0.027 0.07 0.073 0.111 0.132 0.139 0.135 0.142 0.12 0.14 0.148 0.185 0.126 0.144 0.144 0.095 0.107 0.122 0.098 0.114 0.084 0.129 0.124 0.173 0.162 0.154 0.158 0.148 0.165 0.162 0.154 0.13 0.137 0.19 0.194 0.165 0.145 0.176 0.221
