data/china_ndvi_max_1991.asc
ncols         710
nrows         510
xllcorner     70
yllcorner     10
cellsize      0.1
NODATA_value  -9999
[rows 306 to 339 of 510, columns 462 to 538 of 710]
0.531 0.534 0.515 0.541 0.474 0.495 0.426 0.552 0.495 0.621 0.666 0.711 0.703 0.743 0.703 0.728 0.727 0.729 0.687 0.599 0.628 0.713 0.671 0.572 0.647 0.69 0.694 0.669 0.664 0.703 0.704 0.661 0.719 0.709 0.7 0.681 0.595 0.589 0.494 0.428 0.325 0.42 0.329 0.49 0.485 -9999 -9999 -9999 -9999 -9999 0.48 0.458 -9999 -9999 -9999 -9999 -9999 -9999 -9999 0.371 0.143 -9999 -9999 -9999 -9999 -9999 -9999 -9999 -9999 -9999 -9999 -9999 -9999 -9999 -9999 -9999 -9999
0.532 0.489 -0.3 0.49 0.503 0.492 0.561 0.286 0.618 0.632 0.609 0.648 0.722 0.686 0.711 0.728 0.72 0.733 0.674 0.674 0.647 0.7 0.603 0.62 0.686 0.698 0.699 0.72 0.733 0.686 0.69 0.699 0.668 0.671 0.689 0.612 0.614 0.674 0.575 0.654 0.421 0.433 0.389 0.573 0.496 -9999 -9999 -9999 0.465 0.456 0.421 0.402 0.453 -9999 -9999 -9999 -9999 -9999 -9999 -9999 -9999 -9999 -9999 -9999 -9999 -9999 -9999 -9999 -9999 -9999 -9999 -9999 -9999 -9999 -9999 -9999 -9999
0.498 0.459 0.547 0.495 0.515 0.525 0.428 0.426 0.652 0.597 0.603 0.751 0.742 0.7 0.728 0.739 0.722 0.738 0.698 0.78 0.687 0.741 0.741 0.735 0.681 0.652 0.752 0.782 0.652 0.677 0.663 0.684 0.663 0.65 0.685 0.746 0.7 0.681 0.544 0.329 0.437 0.487 0.568 0.492 0.425 0.52 0.521 0.504 0.529 0.47 0.473 0.569 0.502 0.494 -9999 -9999 -9999 -9999 0.527 0.573 -9999 -9999 -9999 -9999 -9999 -9999 -9999 -9999 -9999 -9999 -9999 -9999 -9999 -9999 -9999 -9999 -9999
0.418 -0.3 0.418 0.417 0.52 0.404 0.506 0.631 0.685 0.723 0.695 0.74 0.762 0.718 0.694 0.712 0.708 0.765 0.758 0.75 0.736 0.732 0.699 0.589 0.661 0.688 0.688 0.717 0.703 0.691 0.685 0.723 0.655 0.682 0.672 0.671 0.667 0.607 0.511 0.632 0.529 0.602 0.646 0.344 0.396 0.429 0.487 0.423 0.538 0.477 0.518 0.612 0.663 0.624 -0.3 -9999 -9999 0.505 -9999 -9999 0.593 0.572 -9999 -9999 -9999 -9999 -9999 -9999 -9999 -9999 -9999 -9999 -9999 -9999 -9999 -9999 -9999
0.44 0.533 0.395 0.505 0.534 0.64 0.699 0.731 0.715 0.73 0.751 0.699 0.7 0.745 0.702 0.66 0.661 0.686 0.691 0.688 0.722 0.602 0.487 0.61 0.619 0.658 0.73 0.705 0.689 0.674 0.678 0.686 0.62 0.63 0.602 0.655 0.486 0.577 0.691 0.657 0.615 0.524 0.39 0.662 0.576 0.71 0.594 0.622 0.653 0.679 0.692 0.697 0.629 0.306 0.351 0.542 0.575 0.562 -9999 -0.3 -9999 -9999 0.452 -9999 -9999 -9999 -9999 -9999 -9999 -9999 -9999 -9999 -9999 -9999 -9999 -9999 -9999
0.444 0.45 0.474 0.56 0.701 0.658 0.696 0.625 0.695 0.705 0.728 0.725 0.719 0.714 0.706 0.682 0.718 0.698 0.659 0.647 0.544 0.544 0.612 0.659 0.677 0.656 0.632 0.661 0.678 0.663 0.687 0.706 0.7 0.657 0.573 0.521 0.635 0.733 0.749 0.6 0.586 0.53 0.542 0.689 0.642 0.676 0.559 0.473 0.655 0.662 0.69 0.665 0.631 0.476 0.468 0.54 0.713 0.765 0.466 -9999 -9999 -0.3 -9999 -9999 -9999 -9999 -9999 -9999 -9999 -9999 -9999 -9999 -9999 -9999 -9999 -9999 -9999
0.279 0.505 0.585 0.655 0.667 0.671 0.669 0.682 0.757 0.758 0.737 0.707 0.721 0.744 0.713 0.726 0.731 0.717 0.691 0.703 0.602 0.49 0.591 0.695 0.655 0.675 0.616 0.675 0.67 -0.3 0.674 0.718 0.734 0.672 0.61 0.71 0.754 0.76 0.672 0.594 0.492 0.506 0.644 0.731 0.639 0.655 0.593 0.641 0.707 0.722 0.691 0.662 0.64 0.575 0.665 0.649 0.557 -9999 -9999 -9999 -9999 -9999 -9999 -9999 -9999 -9999 -9999 -9999 -9999 -9999 -9999 -9999 -9999 -9999 -9999 -9999 -9999
0.166 0.541 0.666 0.69 0.681 0.685 0.602 0.737 0.734 0.78 0.746 0.714 0.724 0.728 0.794 0.742 0.73 0.756 0.75 0.689 0.644 0.641 0.684 0.745 0.711 0.671 0.671 0.698 0.554 0.578 0.637 0.714 0.735 0.618 0.673 0.737 0.737 0.732 0.657 0.637 0.463 0.562 0.65 0.728 0.706 0.575 0.496 0.516 0.648 0.752 0.714 0.732 0.672 0.627 0.637 0.676 0.461 0.337 -9999 -9999 -9999 -9999 -9999 -9999 -9999 -9999 -9999 -9999 -9999 -9999 -9999 -9999 -9999 -9999 -9999 -9999 -9999
0.433 0.527 0.549 0.617 0.697 0.555 0.591 0.657 0.736 0.809 0.745 0.734 0.779 0.719 0.746 0.829 0.76 0.758 0.801 0.74 0.695 0.715 0.723 0.72 0.65 0.68 0.664 0.711 0.745 0.654 0.677 0.684 0.632 0.606 0.682 0.707 0.713 0.667 0.627 0.512 0.617 0.6 0.647 0.746 0.649 0.574 0.516 0.493 0.633 0.713 0.71 0.693 0.684 -9999 -9999 0.504 -9999 0.655 -9999 -9999 -9999 -9999 -9999 -9999 -9999 -9999 -9999 -9999 -9999 -9999 -9999 -9999 -9999 -9999 -9999 -9999 -9999
0.349 0.597 0.621 0.47 0.444 0.492 0.445 0.472 0.702 0.673 0.616 0.645 0.705 0.742 0.729 0.735 0.69 0.792 0.647 0.685 0.736 0.724 0.672 0.653 0.674 0.638 0.655 0.691 0.708 0.71 0.565 0.701 0.669 0.589 0.647 0.601 0.565 0.697 0.568 0.372 0.577 0.705 0.632 0.645 0.667 0.711 0.611 0.623 0.667 0.628 0.707 0.726 0.779 -9999 0.723 0.677 0.598 0.766 -9999 -9999 -9999 -9999 -9999 -9999 -9999 -9999 -9999 -9999 -9999 -9999 -9999 -9999 -9999 -9999 -9999 -9999 -9999
0.464 0.609 0.574 0.475 0.532 0.429 0.522 0.632 0.655 0.59 0.438 0.641 0.677 0.691 0.718 0.726 0.675 0.656 0.707 0.705 0.727 0.716 0.653 0.661 0.708 0.703 0.723 0.705 0.595 0.625 0.639 0.579 0.548 0.498 0.584 0.633 0.676 0.63 0.422 0.475 0.417 0.49 0.448 0.654 0.674 0.708 0.605 0.566 0.679 0.714 0.74 0.732 0.673 0.661 0.525 0.603 0.513 0.608 -0.3 -9999 -9999 -9999 -9999 -9999 -9999 -9999 -9999 -9999 -9999 -9999 -9999 -9999 -9999 -9999 -9999 -9999 -9999
0.049 0.176 0.414 0.201 0.226 0.423 0.508 0.499 0.533 0.597 0.699 0.664 0.649 0.698 0.725 0.655 0.715 0.671 0.645 0.685 0.676 0.693 0.649 0.673 0.79 0.719 0.723 0.732 0.66 0.605 0.548 0.507 0.495 0.611 0.642 0.592 0.549 0.465 0.532 0.635 0.64 0.562 0.564 0.695 0.707 0.644 0.704 0.575 0.602 0.674 0.702 0.646 0.648 0.492 -9999 0.507 0.418 0.563 -9999 -9999 -9999 -9999 -9999 -9999 -9999 -9999 -9999 -9999 -9999 -9999 -9999 -9999 -9999 -9999 -9999 -9999 -9999
-0.015 -0.061 0.196 0.434 0.468 0.414 0.503 0.532 0.633 0.679 0.662 0.586 0.613 0.714 0.787 0.721 0.653 0.633 0.714 0.671 0.683 0.64 0.587 0.658 0.644 0.72 0.725 0.658 0.524 0.55 0.506 0.504 0.473 0.456 0.417 0.407 0.512 0.636 0.6 0.719 0.562 0.559 0.639 0.677 0.699 0.71 0.587 0.566 0.467 0.584 0.688 0.712 0.598 0.31 0.475 -9999 -9999 -9999 -9999 -9999 -9999 -9999 -9999 -9999 -9999 -9999 -9999 -9999 -9999 -9999 -9999 -9999 -9999 -9999 -9999 -9999 -9999
0.335 0.3 0.348 0.477 0.51 0.407 0.464 0.448 0.544 0.534 0.573 0.555 0.595 0.658 0.661 0.593 0.651 0.686 0.656 0.666 0.65 0.623 0.609 0.618 0.573 0.64 0.631 0.55 0.52 0.496 0.433 0.49 0.507 0.506 0.417 0.489 0.622 0.669 0.684 0.612 0.544 0.594 0.584 0.697 0.715 0.687 0.664 0.633 0.629 0.632 0.651 0.62 0.6 0.601 0.565 -9999 -9999 -9999 -9999 -9999 -9999 -9999 -9999 -9999 -9999 -9999 -9999 -9999 -9999 -9999 -9999 -9999 -9999 -9999 -9999 -9999 -9999
0.456 0.564 0.488 0.379 0.487 0.526 0.427 0.45 0.501 0.544 0.53 0.518 0.46 0.588 0.634 0.731 0.727 0.69 0.719 0.678 0.69 0.696 0.577 0.61 0.615 0.638 0.48 0.465 0.602 0.67 0.601 0.667 0.688 0.688 0.71 0.614 0.52 0.53 0.482 0.541 0.586 0.678 0.647 0.718 0.754 0.612 0.506 0.517 0.567 0.627 0.568 0.637 0.699 0.643 -9999 -9999 -9999 -9999 -9999 -9999 -9999 -9999 -9999 -9999 -9999 -9999 -9999 -9999 -9999 -9999 -9999 -9999 -9999 -9999 -9999 -9999 -9999
0.497 0.532 0.483 0.42 0.465 0.509 0.448 0.452 0.581 0.558 0.61 0.54 0.581 0.576 0.627 0.622 0.714 0.702 0.635 0.685 0.662 0.564 0.526 0.646 0.547 0.536 0.6 0.588 0.71 0.648 0.628 0.711 0.699 0.714 0.676 0.626 0.633 0.7 0.599 0.621 0.566 0.588 0.723 0.645 0.61 0.617 0.628 0.606 0.756 0.611 0.587 0.655 0.725 0.59 0.547 -9999 -9999 -9999 -9999 -9999 -9999 -9999 -9999 -9999 -9999 -9999 -9999 -9999 -9999 -9999 -9999 -9999 -9999 -9999 -9999 -9999 -9999
0.519 0.403 0.393 0.454 0.491 0.483 0.468 0.538 0.537 0.613 0.66 0.641 0.604 0.637 0.636 0.685 0.656 0.559 0.614 0.601 0.548 0.495 0.544 0.522 0.493 0.628 0.671 0.682 0.709 0.682 0.673 0.659 0.661 0.711 0.605 0.666 0.674 0.728 0.598 0.597 0.651 0.714 0.697 0.609 0.643 0.64 0.652 0.725 0.738 0.716 0.656 0.551 0.589 -0.3 -9999 -9999 -9999 -9999 -9999 -9999 -9999 -9999 -9999 -9999 -9999 -9999 -9999 -9999 -9999 -9999 -9999 -9999 -9999 -9999 -9999 -9999 -9999
0.562 0.43 0.441 0.417 0.428 0.445 0.525 0.598 0.661 0.517 0.706 0.786 0.685 0.608 0.69 0.548 0.609 0.632 0.547 0.504 0.487 0.587 0.551 0.522 0.571 0.597 0.729 0.689 0.633 0.743 0.723 0.655 0.598 0.685 0.614 0.722 0.727 0.657 0.641 0.599 0.643 0.653 0.637 0.799 0.718 0.771 0.749 0.746 0.628 0.59 0.608 0.604 0.598 -0.3 -9999 -9999 -9999 -9999 -9999 -9999 -9999 -9999 -9999 -9999 -9999 -9999 -9999 -9999 -9999 -9999 -9999 -9999 -9999 -9999 -9999 -9999 -9999
0.428 0.492 0.429 0.414 0.426 0.487 0.522 0.549 0.573 0.636 0.595 0.643 0.566 0.593 0.646 0.595 0.61 0.585 0.5 0.462 0.606 0.588 0.621 0.598 0.674 0.675 0.775 0.737 0.634 0.665 0.693 0.657 0.615 0.728 0.693 0.695 0.649 0.652 0.677 0.694 0.71 0.713 0.691 0.827 0.782 0.742 0.829 0.719 0.653 0.726 0.648 0.572 0.538 0.439 -9999 -9999 -9999 -0.3 -9999 -9999 -9999 -9999 -9999 -9999 -9999 -9999 -9999 -9999 -9999 -9999 -9999 -9999 -9999 -9999 -9999 -9999 -9999
0.446 0.443 0.499 0.523 0.565 0.655 0.578 0.464 0.468 0.431 0.414 0.417 0.441 0.413 0.458 0.433 0.458 0.457 0.51 0.519 0.525 0.519 0.471 0.727 0.698 0.727 0.694 0.804 0.743 0.769 0.727 0.68 0.727 0.654 0.691 0.692 0.586 0.612 0.72 0.688 0.698 0.723 0.711 0.75 0.808 0.695 0.651 0.729 0.718 0.667 0.524 0.638 0.537 0.548 -9999 -9999 -9999 -9999 -9999 -9999 -9999 -9999 -9999 -9999 -9999 -9999 -9999 -9999 -9999 -9999 -9999 -9999 -9999 -9999 -9999 -9999 -9999
0.496 0.507 0.486 0.577 0.518 0.547 0.521 0.495 0.425 0.442 0.408 0.459 0.559 0.531 0.49 0.449 0.452 0.523 0.57 0.58 0.606 0.523 0.611 0.734 0.773 0.797 0.817 0.802 0.741 0.739 0.715 0.749 0.712 0.747 0.712 0.618 0.622 0.643 0.67 0.675 0.595 0.696 0.709 0.6 0.682 0.651 0.662 0.839 0.651 0.515 -9999 0.591 0.077 -9999 0.147 -9999 -9999 -9999 -9999 -9999 -9999 -9999 -9999 -9999 -9999 -9999 -9999 -9999 -9999 -9999 -9999 -9999 -9999 -9999 -9999 -9999 -9999
0.475 0.551 0.514 0.474 0.522 0.606 0.54 0.509 0.452 0.47 0.501 0.576 0.642 0.596 0.707 0.593 0.555 0.676 0.642 0.728 0.75 0.716 0.694 0.672 0.695 0.794 0.834 0.787 0.74 0.735 0.741 0.719 0.721 0.682 0.652 0.725 0.707 0.818 0.73 0.731 0.645 0.65 0.65 0.635 0.702 0.642 0.633 0.668 0.129 -9999 -9999 0.5 -9999 -9999 -9999 -9999 -9999 -9999 -9999 -9999 -9999 -9999 -9999 -9999 -9999 -9999 -9999 -9999 -9999 -9999 -9999 -9999 -9999 -9999 -9999 -9999 -9999
0.559 0.551 0.469 0.501 0.662 0.674 0.565 0.592 0.627 0.634 0.565 0.673 0.721 0.646 0.654 0.633 0.589 0.636 0.655 0.783 0.844 0.807 0.787 0.64 0.658 0.837 0.812 0.815 0.719 0.725 0.667 0.655 0.694 0.613 0.656 0.789 0.803 0.82 0.624 0.688 0.71 0.561 0.586 0.528 0.626 0.567 0.667 0.63 -9999 -9999 0.561 -9999 -9999 -9999 -9999 -9999 -9999 -9999 -9999 -9999 -9999 -9999 -9999 -9999 -9999 -9999 -9999 -9999 -9999 -9999 -9999 -9999 -9999 -9999 -9999 -9999 -9999
0.604 0.462 0.505 0.491 0.516 0.578 0.605 0.615 0.639 0.719 0.692 0.68 0.71 0.698 0.707 0.827 0.616 0.71 0.865 0.845 0.866 0.835 0.783 0.595 0.641 0.737 0.786 0.78 0.647 0.586 0.658 0.678 0.708 0.658 0.715 0.727 0.731 0.714 0.695 0.748 0.679 0.64 0.687 0.603 0.429 0.518 0.626 0.471 -9999 -9999 -9999 -9999 -9999 -9999 -9999 -9999 -9999 -9999 -9999 -9999 -9999 -9999 -9999 -9999 -9999 -9999 -9999 -9999 -9999 -9999 -9999 -9999 -9999 -9999 -9999 -9999 -9999
0.468 0.528 0.46 0.424 0.436 0.467 0.619 0.657 0.746 0.723 0.712 0.749 0.738 0.723 0.727 0.857 0.851 0.777 0.756 0.675 0.679 0.694 0.626 0.608 0.618 0.676 0.688 0.716 0.707 0.73 0.767 0.697 0.643 0.67 0.671 0.754 0.753 0.711 0.65 0.637 0.707 0.736 0.661 0.566 0.621 0.547 0.431 -9999 -9999 -9999 -9999 -9999 -9999 -9999 -9999 -9999 -9999 -9999 -9999 -9999 -9999 -9999 -9999 -9999 -9999 -9999 -9999 -9999 -9999 -9999 -9999 -9999 -9999 -9999 -9999 -9999 -9999
0.49 0.53 0.503 0.485 0.386 0.456 0.644 0.7 0.69 0.697 0.738 0.766 0.753 0.742 0.84 0.875 0.877 0.784 0.664 0.694 0.712 0.729 0.689 0.676 0.774 0.743 0.683 0.697 0.772 0.776 0.787 0.707 0.717 0.724 0.75 0.727 0.8 0.739 0.649 0.609 0.664 0.624 0.668 0.45 0.447 0.428 -9999 -9999 -9999 -9999 -9999 -9999 -9999 -9999 -9999 -9999 -9999 -9999 -9999 -9999 -9999 -9999 -9999 -9999 -9999 -9999 -9999 -9999 -9999 -9999 -9999 -9999 -9999 -9999 -9999 -9999 -9999
0.637 0.586 0.587 0.591 0.489 0.626 0.663 0.696 0.689 0.676 0.75 0.734 0.676 0.853 0.832 0.837 0.86 0.741 0.623 0.703 0.741 0.758 0.58 0.708 0.721 0.687 0.651 0.694 0.809 0.72 0.782 0.696 0.711 0.725 0.741 0.744 0.678 0.721 0.626 0.663 0.673 0.631 0.601 0.596 0.579 -9999 -9999 -9999 -9999 -9999 -9999 -9999 -9999 -9999 -9999 -9999 -9999 -9999 -9999 -9999 -9999 -9999 -9999 -9999 -9999 -9999 -9999 -9999 -9999 -9999 -9999 -9999 -9999 -9999 -9999 -9999 -9999
0.697 0.655 0.64 0.676 0.446 0.577 0.737 0.751 0.669 0.709 0.702 0.666 0.606 0.83 0.801 0.813 0.698 0.669 0.709 0.728 0.669 0.712 0.689 0.745 0.717 0.653 0.738 0.605 0.606 0.702 0.712 0.699 0.722 0.708 0.737 0.73 0.662 0.675 0.699 0.724 0.654 0.57 0.583 0.529 0.659 -9999 -9999 -9999 -9999 -9999 -9999 -9999 -9999 -9999 -9999 -9999 -9999 -9999 -9999 -9999 -9999 -9999 -9999 -9999 -9999 -9999 -9999 -9999 -9999 -9999 -9999 -9999 -9999 -9999 -9999 -9999 -9999
0.632 0.668 0.701 0.707 0.476 0.615 0.73 0.688 0.726 0.701 0.662 0.61 0.579 0.838 0.694 0.756 0.711 0.684 0.651 0.671 0.682 0.744 0.736 0.695 0.752 0.696 0.637 0.714 0.677 0.794 0.723 0.697 0.737 0.688 0.824 0.683 0.658 0.666 0.736 0.763 0.689 0.67 0.586 0.434 -0.3 -9999 -9999 -9999 -9999 -9999 -9999 -9999 -9999 -9999 -9999 -9999 -9999 -9999 -9999 -9999 -9999 -9999 -9999 -9999 -9999 -9999 -9999 -9999 -9999 -9999 -9999 -9999 -9999 -9999 -9999 -9999 -9999
0.651 0.685 0.653 0.552 0.452 0.563 0.629 0.609 0.674 0.694 0.694 0.741 0.735 0.645 0.739 0.678 0.669 0.654 0.643 0.591 0.687 0.688 0.788 0.68 0.732 0.68 0.646 0.593 0.697 0.71 0.723 0.657 0.634 0.66 0.694 0.733 0.714 0.604 0.679 0.683 0.64 0.673 0.622 0.633 -0.3 -9999 -9999 -9999 -9999 -9999 -9999 -9999 -9999 -9999 -9999 -9999 -9999 -9999 -9999 -9999 -9999 -9999 -9999 -9999 -9999 -9999 -9999 -9999 -9999 -9999 -9999 -9999 -9999 -9999 -9999 -9999 -9999
0.653 0.716 0.717 0.444 0.518 0.644 0.628 0.578 0.625 0.681 0.678 0.707 0.692 0.648 0.673 0.722 0.689 0.731 0.684 0.581 0.745 0.72 0.738 0.691 0.749 0.66 0.671 0.696 0.713 0.707 0.677 0.727 0.701 0.63 0.694 0.638 0.655 0.659 0.713 0.706 0.6 -9999 0.638 -0.3 -9999 -9999 -9999 -9999 -9999 -9999 -9999 -9999 -9999 -9999 -9999 -9999 -9999 -9999 -9999 -9999 -9999 -9999 -9999 -9999 -9999 -9999 -9999 -9999 -9999 -9999 -9999 -9999 -9999 -9999 -9999 -9999 -9999
0.718 0.737 0.741 0.416 0.552 0.675 0.676 0.62 0.684 0.678 0.713 0.69 0.694 0.688 0.648 0.685 0.796 0.745 0.646 0.63 0.621 0.684 0.654 0.682 0.636 0.63 0.643 0.703 0.68 0.696 0.656 0.663 0.692 0.636 0.631 0.602 0.639 0.63 0.719 0.7 0.645 0.623 0.038 -0.3 -9999 -9999 -9999 -9999 -9999 -9999 -9999 -9999 -9999 -9999 -9999 -9999 -9999 -9999 -9999 -9999 -9999 -9999 -9999 -9999 -9999 -9999 -9999 -9999 -9999 -9999 -9999 -9999 -9999 -9999 -9999 -9999 -9999
0.681 0.671 0.706 0.487 0.58 0.659 0.677 0.661 0.747 0.742 0.741 0.641 0.725 0.726 0.64 0.651 0.741 0.707 0.703 0.617 0.64 0.635 0.623 0.592 0.578 0.637 0.645 0.672 0.662 0.714 0.736 0.572 0.683 0.67 0.569 0.66 0.723 0.685 0.725 0.718 0.707 0.211 -9999 -9999 -9999 -9999 -9999 -9999 -9999 -9999 -9999 -9999 -9999 -9999 -9999 -9999 -9999 -9999 -9999 -9999 -9999 -9999 -9999 -9999 -9999 -9999 -9999 -9999 -9999 -9999 -9999 -9999 -9999 -9999 -9999 -9999 -9999
0.708 0.702 0.636 0.616 0.536 0.662 0.688 0.713 0.766 0.728 0.69 0.673 0.722 0.706 0.67 0.679 0.726 0.673 0.693 0.655 0.664 0.602 0.64 0.658 0.675 0.693 0.82 0.712 0.725 0.719 0.715 0.697 0.72 0.615 0.592 0.61 0.706 0.682 0.843 0.735 0.696 -9999 -9999 -9999 -9999 -9999 -9999 -9999 -9999 -9999 -9999 -9999 -9999 -9999 -9999 -9999 -9999 -9999 -9999 -9999 -9999 -9999 -9999 -9999 -9999 -9999 -9999 -9999 -9999 -9999 -9999 -9999 -9999 -9999 -9999 -9999 -9999
