data/china_ndvi_max_2007.asc
ncols         710
nrows         510
xllcorner     70
yllcorner     10
cellsize      0.1
NODATA_value  -9999
[rows 140 to 174 of 510, columns 77 to 153 of 710]
-9999 -9999 -9999 -9999 -9999 -9999 -9999 -9999 -9999 -9999 -9999 -9999 -9999 -9999 -9999 -9999 -9999 -9999 -9999 -9999 -9999 -9999 -9999 -9999 -9999 -9999 -9999 -9999 -9999 -9999 -9999 -9999 -9999 -9999 -9999 -9999 -9999 -9999 -9999 -9999 -9999 -9999 -9999 -9999 -9999 -9999 -9999 -9999 -9999 -9999 -9999 -9999 -9999 0.258 0.265 0.253 0.274 0.289 0.3 0.308 0.299 0.301 0.298 0.3 0.348 0.34 0.342 0.38 0.356 0.309 0.312 0.307 0.292 0.223 0.184 0.19 0.148
-9999 -9999 -9999 -9999 -9999 -9999 -9999 -9999 -9999 -9999 -9999 -9999 -9999 -9999 -9999 -9999 -9999 -9999 -9999 -9999 -9999 -9999 -9999 -9999 -9999 -9999 -9999 -9999 -9999 -9999 -9999 -9999 -9999 -9999 -9999 -9999 -9999 -9999 -9999 -9999 -9999 -9999 -9999 -9999 -9999 -9999 -9999 -9999 -9999 -9999 -9999 -9999 0.245 0.243 0.262 0.275 0.268 0.258 0.235 0.263 0.222 0.238 0.28 0.301 0.288 0.271 0.335 0.391 0.418 0.355 0.287 0.272 0.261 0.149 0.116 0.112 0.144
-9999 -9999 -9999 -9999 -9999 -9999 -9999 -9999 -9999 -9999 -9999 -9999 -9999 -9999 -9999 -9999 -9999 -9999 -9999 -9999 -9999 -9999 -9999 -9999 -9999 -9999 -9999 -9999 -9999 -9999 -9999 -9999 -9999 -9999 -9999 -9999 -9999 -9999 -9999 -9999 -9999 -9999 -9999 -9999 -9999 -9999 -9999 -9999 -9999 -9999 -9999 -9999 0.284 0.316 0.321 0.281 0.239 0.252 0.223 0.246 0.223 0.221 0.218 0.332 0.256 0.272 0.298 0.348 0.344 0.316 0.28 0.269 0.231 0.208 0.187 0.179 0.211
-9999 -9999 -9999 -9999 -9999 -9999 -9999 -9999 -9999 -9999 -9999 -9999 -9999 -9999 -9999 -9999 -9999 -9999 -9999 -9999 -9999 -9999 -9999 -9999 -9999 -9999 -9999 -9999 -9999 -9999 -9999 -9999 -9999 -9999 -9999 -9999 -9999 -9999 -9999 -9999 -9999 -9999 -9999 -9999 -9999 -9999 -9999 -9999 -9999 -9999 -9999 0.229 0.204 0.237 0.233 0.283 0.282 0.263 0.208 0.231 0.231 0.247 0.275 0.235 0.247 0.344 0.362 0.362 0.336 0.266 0.22 0.188 0.183 0.159 0.173 0.175 0.187
-9999 -9999 -9999 -9999 -9999 -9999 -9999 -9999 -9999 -9999 -9999 -9999 -9999 -9999 -9999 -9999 -9999 -9999 -9999 -9999 -9999 -9999 -9999 -9999 -9999 -9999 -9999 -9999 -9999 -9999 -9999 -9999 -9999 -9999 -9999 -9999 -9999 -9999 -9999 -9999 -9999 -9999 -9999 -9999 -9999 -9999 -9999 -9999 -9999 -9999 -9999 0.233 0.213 0.193 0.16 0.181 0.196 0.218 0.28 0.257 0.276 0.281 0.257 0.281 0.341 0.346 0.318 0.295 0.282 0.232 0.182 0.135 0.117 0.12 0.134 0.122 0.111
-9999 -9999 -9999 -9999 -9999 -9999 -9999 -9999 -9999 -9999 -9999 -9999 -9999 -9999 -9999 -9999 -9999 -9999 -9999 -9999 -9999 -9999 -9999 -9999 -9999 -9999 -9999 -9999 -9999 -9999 -9999 -9999 -9999 -9999 -9999 -9999 -9999 -9999 -9999 -9999 -9999 -9999 -9999 -9999 -9999 -9999 -9999 -9999 -9999 -9999 0.182 0.17 0.296 0.19 0.208 0.221 0.224 0.215 0.204 0.203 0.247 0.264 0.268 0.345 0.276 0.271 0.315 0.251 0.149 0.114 0.11 0.099 0.089 0.091 0.083 0.076 0.078
-9999 -9999 -9999 -9999 -9999 -9999 -9999 -9999 -9999 -9999 -9999 -9999 -9999 -9999 -9999 -9999 -9999 -9999 -9999 -9999 -9999 -9999 -9999 -9999 -9999 -9999 -9999 -9999 -9999 -9999 -9999 -9999 -9999 -9999 -9999 -9999 -9999 -9999 -9999 -9999 -9999 -9999 -9999 -9999 -9999 -9999 -9999 -9999 -9999 -9999 0.198 0.162 0.192 0.199 0.217 0.221 0.192 0.166 0.243 0.244 0.144 0.18 0.19 0.303 0.253 0.18 0.13 0.135 0.082 0.111 0.134 0.078 0.079 0.076 0.075 0.058 0.076
-9999 -9999 -9999 -9999 -9999 -9999 -9999 -9999 -9999 -9999 -9999 -9999 -9999 -9999 -9999 -9999 -9999 -9999 -9999 -9999 -9999 -9999 -9999 -9999 -9999 -9999 -9999 -9999 -9999 -9999 -9999 -9999 -9999 -9999 -9999 -9999 -9999 -9999 -9999 -9999 -9999 -9999 -9999 -9999 -9999 -9999 -9999 -9999 -9999 0.248 0.264 0.175 0.142 0.177 0.16 0.164 0.164 0.208 0.168 0.192 0.154 0.156 0.154 0.203 0.166 0.138 0.113 0.099 0.125 0.164 0.17 0.165 0.115 0.1 0.118 0.223 0.174
-9999 -9999 -9999 -9999 -9999 -9999 -9999 -9999 -9999 -9999 -9999 -9999 -9999 -9999 -9999 -9999 -9999 -9999 -9999 -9999 -9999 -9999 -9999 -9999 -9999 -9999 -9999 -9999 -9999 -9999 -9999 -9999 -9999 -9999 -9999 -9999 -9999 -9999 -9999 -9999 -9999 -9999 -9999 -9999 -9999 -9999 -9999 -9999 0.237 0.254 0.27 0.238 0.192 0.2 0.177 0.159 0.145 0.127 0.252 0.234 0.239 0.155 0.156 0.19 0.241 0.195 0.149 0.139 0.104 0.078 0.068 0.094 0.146 0.053 0.082 0.219 0.213
-9999 -9999 -9999 -9999 -9999 -9999 -9999 -9999 -9999 -9999 -9999 -9999 -9999 -9999 -9999 -9999 -9999 -9999 -9999 -9999 -9999 -9999 -9999 -9999 -9999 -9999 -9999 -9999 -9999 -9999 -9999 -9999 -9999 -9999 -9999 -9999 -9999 -9999 -9999 -9999 -9999 -9999 -9999 -9999 -9999 -9999 -9999 -9999 0.266 0.313 0.33 0.376 0.356 0.279 0.299 0.255 0.277 0.296 0.159 0.161 0.178 0.23 0.214 0.296 0.282 0.217 0.192 0.159 0.093 0.081 0.083 0.08 0.078 0.066 0.067 0.081 0.065
-9999 -9999 -9999 -9999 -9999 -9999 -9999 -9999 -9999 -9999 -9999 -9999 -9999 -9999 -9999 -9999 -9999 -9999 -9999 -9999 -9999 -9999 -9999 -9999 -9999 -9999 -9999 -9999 -9999 -9999 -9999 -9999 -9999 -9999 -9999 -9999 -9999 -9999 -9999 -9999 -9999 -9999 -9999 -9999 -9999 -9999 -9999 0.201 0.449 0.453 0.453 0.462 0.457 0.355 0.336 0.319 0.134 0.14 0.153 0.189 0.342 0.34 0.299 0.229 0.218 0.177 0.151 0.118 0.106 0.103 0.091 0.087 0.081 0.099 0.097 0.099 0.102
-9999 -9999 -9999 -9999 -9999 -9999 -9999 -9999 -9999 -9999 -9999 -9999 -9999 -9999 -9999 -9999 -9999 -9999 -9999 -9999 -9999 -9999 -9999 -9999 -9999 -9999 -9999 -9999 -9999 -9999 -9999 -9999 -9999 -9999 -9999 -9999 -9999 -9999 -9999 -9999 -9999 -9999 -9999 -9999 -9999 -9999 -9999 0.195 0.41 0.442 0.42 0.371 0.378 0.377 0.323 0.253 0.191 0.191 0.22 0.313 0.324 0.288 0.259 0.199 0.168 0.156 0.142 0.124 0.114 0.109 0.1 0.086 0.093 0.114 0.108 0.078 0.091
-9999 -9999 -9999 -9999 -9999 -9999 -9999 -9999 -9999 -9999 -9999 -9999 -9999 -9999 -9999 -9999 -9999 -9999 -9999 -9999 -9999 -9999 -9999 -9999 -9999 -9999 -9999 -9999 -9999 -9999 -9999 -9999 -9999 -9999 -9999 -9999 -9999 -9999 -9999 -9999 -9999 -9999 -9999 -9999 -9999 -9999 -9999 0.153 0.36 0.351 0.287 0.276 0.262 0.253 0.244 0.251 0.28 0.305 0.266 0.299 0.28 0.229 0.207 0.197 0.172 0.162 0.154 0.136 0.123 0.125 0.109 0.098 0.103 0.081 0.11 0.084 0.122
-9999 -9999 -9999 -9999 -9999 -9999 -9999 -9999 -9999 -9999 -9999 -9999 -9999 -9999 -9999 -9999 -9999 -9999 -9999 -9999 -9999 -9999 -9999 -9999 -9999 -9999 -9999 -9999 -9999 -9999 -9999 -9999 -9999 -9999 -9999 -9999 -9999 -9999 -9999 -9999 -9999 -9999 -9999 -9999 -9999 -9999 0.101 0.116 0.169 0.172 0.172 0.197 0.229 0.29 0.282 0.306 0.319 0.3 0.271 0.26 0.248 0.226 0.209 0.191 0.202 0.176 0.154 0.176 0.154 0.143 0.136 0.087 0.143 0.104 0.158 0.057 0.069
-9999 -9999 -9999 -9999 -9999 -9999 -9999 -9999 -9999 -9999 -9999 -9999 -9999 -9999 -9999 -9999 -9999 -9999 -9999 -9999 -9999 -9999 -9999 -9999 -9999 -9999 -9999 -9999 -9999 -9999 -9999 -9999 -9999 -9999 -9999 -9999 -9999 -9999 -9999 -9999 -9999 -9999 -9999 -9999 -9999 -9999 -9999 0.111 0.144 0.176 0.204 0.229 0.243 0.294 0.3 0.296 0.29 0.276 0.286 0.269 0.28 0.252 0.227 0.207 0.2 0.208 0.196 0.165 0.13 0.127 0.103 0.08 0.105 0.121 0.064 0.067 0.071
-9999 -9999 -9999 -9999 -9999 -9999 -9999 -9999 -9999 -9999 -9999 -9999 -9999 -9999 -9999 -9999 -9999 -9999 -9999 -9999 -9999 -9999 -9999 -9999 -9999 -9999 -9999 -9999 -9999 -9999 -9999 -9999 -9999 -9999 -9999 -9999 -9999 -9999 -9999 -9999 -9999 -9999 -9999 -9999 -9999 -9999 -9999 -9999 0.088 0.092 0.106 0.189 0.271 0.278 0.259 0.276 0.255 0.253 0.302 0.343 0.307 0.234 0.216 0.165 0.174 0.138 0.139 0.136 0.117 0.111 0.092 0.077 0.133 0.091 0.09 0.174 0.081
-9999 -9999 -9999 -9999 -9999 -9999 -9999 -9999 -9999 -9999 -9999 -9999 -9999 -9999 -9999 -9999 -9999 -9999 -9999 -9999 -9999 -9999 -9999 -9999 -9999 -9999 -9999 -9999 -9999 -9999 -9999 -9999 -9999 -9999 -9999 -9999 -9999 -9999 -9999 0.089 0.259 0.332 0.441 -9999 -9999 -9999 -9999 -9999 -9999 0.093 0.108 0.144 0.145 0.253 0.329 0.291 0.26 0.246 0.245 0.247 0.221 0.185 0.201 0.156 0.129 0.109 0.119 0.113 0.092 0.094 0.088 0.068 0.082 0.097 0.116 0.148 0.088
-9999 -9999 -9999 -9999 -9999 -9999 -9999 -9999 -9999 -9999 -9999 -9999 -9999 -9999 -9999 -9999 -9999 -9999 -9999 -9999 -9999 -9999 -9999 -9999 -9999 -9999 -9999 -9999 -9999 -9999 -9999 -9999 -9999 -9999 0.148 0.261 0.342 0.367 0.36 0.382 0.398 0.427 0.462 0.446 0.418 0.376 0.326 0.245 0.098 0.098 0.09 0.072 0.101 0.123 0.138 0.242 0.211 0.227 0.168 0.156 0.147 0.115 0.112 0.11 0.105 0.114 0.104 0.089 0.093 0.1 0.089 0.079 0.078 0.196 0.164 0.163 0.112
-9999 -9999 -9999 -9999 -9999 -9999 -9999 -9999 -9999 -9999 -9999 -9999 -9999 -9999 -9999 -9999 -9999 -9999 -9999 -9999 -9999 -9999 -9999 -9999 -9999 -9999 -9999 -9999 -0.023 0.108 0.273 0.312 0.158 0.318 0.385 0.387 0.283 0.224 0.212 0.215 0.228 0.207 0.189 0.219 0.204 0.182 0.186 0.17 0.067 0.04 -0.067 0.051 0.08 0.086 0.093 0.109 0.178 0.135 0.09 0.103 0.096 0.093 0.106 0.123 0.12 0.145 0.17 0.201 0.174 0.147 0.109 0.092 0.117 0.242 0.262 0.243 0.193
-9999 -9999 -9999 -9999 -9999 -9999 -9999 -9999 -9999 -9999 -9999 -9999 -9999 -9999 -9999 -9999 -9999 -9999 -9999 -9999 -9999 -9999 -9999 -9999 0.035 0.032 0.027 0.135 0.251 0.268 0.302 0.22 0.202 0.212 0.208 0.241 0.226 0.261 0.253 0.287 0.229 0.146 0.166 0.192 0.2 0.174 0.169 0.172 0.096 -0.046 -0.081 -0.018 0.093 0.068 0.07 0.079 0.107 0.101 0.1 0.111 0.106 0.114 0.129 0.206 0.239 0.315 0.328 0.338 0.273 0.342 0.145 0.125 0.125 0.141 0.149 0.196 0.149
-9999 -9999 -9999 -9999 -9999 -9999 -9999 -9999 -9999 -9999 -9999 -9999 -9999 -9999 -9999 -9999 -9999 -9999 -9999 -9999 -9999 -9999 0.164 0.18 0.185 0.196 0.199 0.208 0.261 0.266 0.283 0.29 0.346 0.297 0.268 0.198 0.203 0.204 0.153 0.125 0.143 0.138 0.137 0.175 0.31 0.381 0.379 0.326 0.221 0.32 0.235 -0.3 -0.3 -0.3 -0.3 -0.046 0.137 0.102 0.097 0.119 0.175 0.15 0.11 0.091 0.125 0.13 0.13 0.166 0.282 0.298 0.32 0.259 0.127 0.176 0.167 0.163 0.243
-9999 -9999 -9999 -9999 -9999 -9999 -9999 -9999 -9999 -9999 -9999 -9999 -9999 -9999 -9999 -9999 -9999 -9999 -9999 -9999 -9999 -9999 -9999 0.043 -9999 0.13 0.135 0.078 0.127 0.183 0.24 0.255 0.269 0.289 0.248 0.238 0.28 0.214 0.258 0.231 0.216 0.152 0.13 0.095 0.138 0.274 0.348 0.368 0.352 0.306 0.224 0.191 0.13 -0.3 -0.131 0.011 0.128 0.085 0.079 0.084 0.101 0.135 0.101 0.103 0.098 0.101 0.101 0.135 0.293 0.242 0.301 0.284 0.112 0.196 0.253 0.225 0.226
-9999 -9999 -9999 -9999 -9999 -9999 -9999 -9999 -9999 -9999 -9999 -9999 -9999 -9999 -9999 -9999 -9999 -9999 -9999 -9999 -9999 -9999 -9999 -9999 -9999 -9999 -9999 0.169 0.098 0.07 0.056 0.081 0.178 0.33 0.306 0.277 0.352 0.323 0.248 0.214 0.187 0.17 0.158 0.099 0.156 0.216 0.246 0.321 0.261 0.219 0.211 0.366 0.349 0.066 0.054 0.066 0.113 0.096 0.06 0.063 0.062 0.084 0.115 0.184 0.227 0.128 0.119 0.118 0.311 0.313 0.243 0.269 0.227 0.204 0.243 0.296 0.305
-9999 -9999 -9999 -9999 -9999 -9999 -9999 -9999 -9999 -9999 -9999 -9999 -9999 -9999 -9999 -9999 -9999 -9999 -9999 -9999 -9999 -9999 -9999 -9999 -9999 -9999 -9999 0.24 0.029 0.08 0.134 0.378 0.374 -0.3 -0.3 -0.3 -0.3 0.173 0.158 0.15 0.119 0.11 0.107 0.098 0.252 0.252 0.337 0.339 0.289 0.299 0.272 0.401 0.364 0.068 0.056 0.073 0.092 0.128 0.188 0.151 0.132 0.132 0.163 0.141 0.161 0.211 0.106 0.128 0.165 0.206 0.272 0.264 0.254 0.133 0.127 0.183 0.336
-9999 -9999 -9999 -9999 -9999 -9999 -9999 -9999 -9999 -9999 -9999 -9999 -9999 -9999 -9999 -9999 -9999 -9999 -9999 -9999 -9999 -9999 -9999 -9999 -9999 -9999 -9999 0.388 0.122 0.17 0.339 0.427 0.454 0.377 -0.3 -0.3 0.167 0.195 0.202 0.249 0.224 0.2 0.208 0.204 0.139 0.142 0.268 0.258 0.316 0.339 0.241 0.269 0.239 0.117 0.124 0.089 0.073 0.088 0.207 0.337 0.192 0.206 0.272 0.135 0.156 0.284 0.17 0.158 0.177 0.247 0.259 0.322 0.226 0.153 0.109 0.124 0.275
-9999 -9999 -9999 -9999 -9999 -9999 -9999 -9999 -9999 -9999 -9999 -9999 -9999 -9999 -9999 -9999 -9999 -9999 -9999 -9999 -9999 -9999 -9999 -9999 -9999 -9999 -9999 0.265 0.315 0.361 0.354 0.35 0.395 0.401 0.438 0.379 0.464 0.424 0.446 0.451 0.413 0.368 0.295 0.134 0.097 0.095 0.103 0.103 0.088 0.083 0.075 0.094 0.136 0.153 0.212 0.334 0.337 0.292 0.26 0.2 0.104 0.084 0.077 0.159 0.324 0.325 0.25 0.257 0.202 0.168 0.123 0.109 0.128 0.221 0.18 0.132 0.296
-9999 -9999 -9999 -9999 -9999 -9999 -9999 -9999 -9999 -9999 -9999 -9999 -9999 -9999 -9999 -9999 -9999 -9999 -9999 -9999 -9999 -9999 -9999 -9999 -9999 -9999 -9999 0.293 0.251 0.185 0.244 0.329 0.329 0.419 0.425 0.44 0.45 0.461 0.424 0.425 0.406 0.406 0.329 0.287 0.261 0.227 0.207 0.21 0.135 0.113 0.107 0.127 0.137 0.255 0.348 0.278 0.178 0.222 0.305 0.281 0.233 0.123 0.128 0.121 0.164 0.177 0.147 0.159 0.202 0.126 0.164 0.127 0.167 0.139 0.14 0.121 0.15
-9999 -9999 -9999 -9999 -9999 -9999 -9999 -9999 -9999 -9999 -9999 -9999 -9999 -9999 -9999 -9999 -9999 -9999 -9999 -9999 -9999 -9999 -9999 -9999 -9999 -9999 -9999 -9999 0.336 0.341 0.327 0.284 0.259 0.273 0.288 0.351 0.394 0.415 0.375 0.389 0.419 0.401 0.384 0.42 0.422 0.391 0.248 0.182 0.25 0.271 0.218 0.189 0.192 0.307 0.234 0.328 0.131 0.05 0.273 0.283 0.246 0.259 0.326 0.312 0.327 0.314 0.244 0.151 0.146 0.152 0.148 0.155 0.164 0.188 0.163 0.154 0.119
-9999 -9999 -9999 -9999 -9999 -9999 -9999 -9999 -9999 -9999 -9999 -9999 -9999 -9999 -9999 -9999 -9999 -9999 -9999 -9999 -9999 -9999 -9999 -9999 -9999 -9999 -9999 -9999 0.341 0.295 0.339 0.341 0.187 0.197 0.234 0.241 0.239 0.248 0.316 0.431 0.455 0.432 0.429 0.42 0.427 0.38 0.353 0.313 0.297 0.374 0.31 0.29 0.298 0.336 0.336 0.323 0.164 0.099 0.131 0.152 0.197 0.277 0.166 0.181 0.256 0.351 0.28 0.319 0.378 0.379 0.247 0.269 0.22 0.219 0.155 0.188 0.167
-9999 -9999 -9999 -9999 -9999 -9999 -9999 -9999 -9999 -9999 -9999 -9999 -9999 -9999 -9999 -9999 -9999 -9999 -9999 -9999 -9999 -9999 -9999 -9999 -9999 -9999 -9999 -9999 0.272 0.24 0.282 0.32 0.285 0.166 0.176 0.167 0.203 0.242 0.24 0.256 0.326 0.378 0.365 0.314 0.427 0.415 0.424 0.429 0.387 0.38 0.344 0.304 0.243 0.343 0.239 0.095 0.126 0.113 0.042 0.08 0.111 0.126 0.077 0.062 0.101 0.213 0.307 0.244 0.287 0.331 0.287 0.368 0.377 0.238 0.215 0.229 0.17
-9999 -9999 -9999 -9999 -9999 -9999 -9999 -9999 -9999 -9999 -9999 -9999 -9999 -9999 -9999 -9999 -9999 -9999 -9999 -9999 -9999 -9999 -9999 -9999 -9999 -9999 -9999 -9999 -9999 0.201 0.222 0.312 0.335 0.382 0.393 0.409 0.331 0.275 0.372 0.376 0.374 0.344 0.164 0.211 0.244 0.259 0.252 0.235 0.301 0.278 0.297 0.386 0.464 0.483 0.484 0.503 0.5 0.483 0.197 0.268 0.128 0.072 0.122 0.064 0.074 0.269 0.25 0.201 0.24 0.229 0.259 0.199 0.295 0.125 0.226 0.187 0.285
-9999 -9999 -9999 -9999 -9999 -9999 -9999 -9999 -9999 -9999 -9999 -9999 -9999 -9999 -9999 -9999 -9999 -9999 -9999 -9999 -9999 -9999 -9999 -9999 -9999 -9999 -9999 -9999 -9999 0.218 0.251 0.32 0.309 0.29 0.278 0.296 0.323 0.359 0.338 0.361 0.376 0.358 0.354 0.328 0.289 0.248 0.27 0.269 0.325 0.3 0.326 0.318 0.357 0.41 0.44 0.465 0.48 0.49 0.447 0.363 0.351 0.339 0.388 0.272 0.137 0.138 0.084 0.107 0.05 0.068 0.17 0.154 0.169 0.225 0.179 0.223 0.298
-9999 -9999 -9999 -9999 -9999 -9999 -9999 -9999 -9999 -9999 -9999 -9999 -9999 -9999 -9999 -9999 -9999 -9999 -9999 -9999 -9999 -9999 -9999 -9999 -9999 -9999 -9999 -9999 -9999 -9999 0.153 0.143 0.128 0.144 0.188 0.204 0.208 0.188 0.255 0.31 0.368 0.391 0.368 0.189 0.159 0.165 0.203 0.269 0.34 0.344 0.356 0.35 0.422 0.478 0.471 0.468 0.48 0.492 0.5 0.496 0.489 0.504 0.477 0.417 0.417 0.385 0.257 0.229 0.124 0.015 0.144 -0.008 0.125 0.045 0.127 0.142 0.223
-9999 -9999 -9999 -9999 -9999 -9999 -9999 -9999 -9999 -9999 -9999 -9999 -9999 -9999 -9999 -9999 -9999 -9999 -9999 -9999 -9999 -9999 -9999 -9999 -9999 -9999 -9999 -9999 -9999 -9999 0.137 0.124 0.125 0.128 0.146 0.236 0.152 0.146 0.161 0.195 0.205 0.306 0.296 0.322 0.26 0.163 0.165 0.24 0.264 0.304 0.334 0.36 0.366 0.477 0.484 0.503 0.504 0.514 0.496 0.424 0.405 0.456 0.441 0.241 0.28 0.193 0.398 0.242 0.336 0.35 0.221 0.108 0.085 -0.022 -0.019 0.01 0.069
-9999 -9999 -9999 -9999 -9999 -9999 -9999 -9999 -9999 -9999 -9999 -9999 -9999 -9999 -9999 -9999 -9999 -9999 -9999 -9999 -9999 -9999 -9999 -9999 -9999 -9999 -9999 -9999 -9999 -9999 -9999 0.19 0.203 0.238 0.248 0.289 0.277 0.258 0.205 0.207 0.215 0.174 0.153 0.337 0.357 0.34 0.359 0.368 0.34 0.38 0.352 0.329 0.358 0.389 0.43 0.473 0.461 0.491 0.527 0.508 0.452 0.407 0.41 0.251 0.208 0.15 0.239 0.34 0.064 0.1 0.156 0.091 -0.017 0.01 -0.001 -0.004 0.015
