data/china_ndvi_max_1998.asc
ncols         710
nrows         510
xllcorner     70
yllcorner     10
cellsize      0.1
NODATA_value  -9999
[rows 170 to 203 of 510, columns 231 to 307 of 710]
0.147 0.207 0.252 0.247 0.145 0.172 0.173 0.069 0.046 0.046 0.05 0.061 0.043 0.058 0.059 0.052 0.075 0.053 0.052 0.055 0.076 0.07 0.08 0.07 0.085 -9999 -9999 -9999 -9999 -9999 -9999 -9999 -9999 -9999 -9999 -9999 -9999 -9999 -9999 -9999 -9999 -9999 -9999 -9999 -9999 -9999 -9999 -9999 -9999 -9999 -9999 -9999 -9999 -9999 -9999 -9999 -9999 -9999 -9999 -9999 -9999 -9999 -9999 -9999 -9999 -9999 -9999 -9999 -9999 -9999 -9999 -9999 -9999 -9999 -9999 -9999 -9999
0.134 0.128 0.147 0.215 0.177 0.174 0.146 0.113 0.074 0.054 0.08 0.054 0.034 0.043 0.029 0.04 0.041 0.044 0.088 0.133 0.075 0.065 0.077 0.083 0.091 0.063 -9999 -9999 -9999 -9999 -9999 -9999 -9999 -9999 -9999 -9999 -9999 -9999 -9999 -9999 -9999 -9999 -9999 -9999 -9999 -9999 -9999 -9999 -9999 -9999 -9999 -9999 -9999 -9999 -9999 -9999 -9999 -9999 -9999 -9999 -9999 -9999 -9999 -9999 -9999 -9999 -9999 -9999 -9999 -9999 -9999 -9999 -9999 -9999 -9999 -9999 -9999
0.213 0.173 0.136 0.111 0.187 0.197 0.154 0.14 0.117 0.076 0.061 0.097 0.05 0.049 0.039 0.043 0.045 0.056 0.047 0.065 0.087 0.08 0.059 0.051 0.067 0.07 -9999 -9999 -9999 -9999 -9999 -9999 -9999 -9999 -9999 -9999 -9999 -9999 -9999 -9999 -9999 -9999 -9999 -9999 -9999 -9999 -9999 -9999 -9999 -9999 -9999 -9999 -9999 -9999 -9999 -9999 -9999 -9999 -9999 -9999 -9999 -9999 -9999 -9999 -9999 -9999 -9999 -9999 -9999 -9999 -9999 -9999 -9999 -9999 -9999 -9999 -9999
0.306 0.244 0.234 0.143 0.096 0.174 0.213 0.168 0.12 0.153 0.107 0.075 0.056 0.053 0.068 0.059 0.049 0.054 0.056 0.041 0.056 0.06 0.092 0.073 0.078 0.094 0.077 -9999 -9999 -9999 -9999 -9999 -9999 -9999 -9999 -9999 -9999 -9999 -9999 -9999 -9999 -9999 -9999 -9999 -9999 -9999 -9999 -9999 -9999 -9999 -9999 -9999 -9999 -9999 -9999 -9999 -9999 -9999 -9999 -9999 -9999 -9999 -9999 -9999 -9999 -9999 -9999 -9999 -9999 -9999 -9999 -9999 -9999 -9999 -9999 -9999 -9999
0.21 0.221 0.196 0.166 0.108 0.129 0.169 0.179 0.13 0.168 0.186 0.149 0.163 0.131 0.083 0.054 0.043 0.053 0.064 0.06 0.055 0.054 0.052 0.077 0.074 0.099 0.093 0.087 -9999 -9999 -9999 -9999 -9999 -9999 -9999 -9999 -9999 -9999 -9999 -9999 -9999 -9999 -9999 -9999 -9999 -9999 -9999 -9999 -9999 -9999 -9999 -9999 -9999 -9999 -9999 -9999 -9999 -9999 -9999 -9999 -9999 -9999 -9999 -9999 -9999 -9999 -9999 -9999 -9999 -9999 -9999 -9999 -9999 -9999 -9999 -9999 -9999
0.219 0.224 0.217 0.054 0.333 0.296 0.241 0.246 0.304 0.149 0.085 0.072 0.092 0.138 0.112 0.102 0.105 0.087 0.077 0.088 0.079 0.081 0.076 0.081 0.1 0.081 0.074 0.086 -9999 -9999 -9999 -9999 -9999 -9999 -9999 -9999 -9999 -9999 -9999 -9999 -9999 -9999 -9999 -9999 -9999 -9999 -9999 -9999 -9999 -9999 -9999 -9999 -9999 -9999 -9999 -9999 -9999 -9999 -9999 -9999 -9999 -9999 -9999 -9999 -9999 -9999 -9999 -9999 -9999 -9999 -9999 -9999 -9999 -9999 -9999 -9999 -9999
0.143 0.166 0.218 0.265 0.228 0.258 0.302 0.304 0.329 0.21 0.179 0.127 0.124 0.142 0.129 0.105 0.106 0.107 0.088 0.1 0.083 0.082 0.078 0.064 0.06 0.057 0.086 0.086 -9999 -9999 -9999 -9999 -9999 -9999 -9999 -9999 -9999 -9999 -9999 -9999 -9999 -9999 -9999 -9999 -9999 -9999 -9999 -9999 -9999 -9999 -9999 -9999 -9999 -9999 -9999 -9999 -9999 -9999 -9999 -9999 -9999 -9999 -9999 -9999 -9999 -9999 -9999 -9999 -9999 -9999 -9999 -9999 -9999 -9999 -9999 -9999 -9999
0.069 0.074 0.061 0.111 0.146 0.138 0.17 0.179 0.187 0.206 0.269 0.246 0.168 0.179 0.116 0.147 0.144 0.09 0.088 0.068 0.091 0.088 0.099 0.06 0.066 0.066 0.066 0.054 0.064 -9999 -9999 -9999 -9999 -9999 -9999 -9999 -9999 -9999 -9999 -9999 -9999 -9999 -9999 -9999 -9999 -9999 -9999 -9999 -9999 -9999 -9999 -9999 -9999 -9999 -9999 -9999 -9999 -9999 -9999 -9999 -9999 -9999 -9999 -9999 -9999 -9999 -9999 -9999 -9999 -9999 -9999 -9999 -9999 -9999 -9999 -9999 -9999
0.053 0.046 0.03 0.057 0.058 0.056 0.087 0.119 0.161 0.194 0.244 0.163 0.024 0.132 0.198 0.166 0.151 0.124 0.122 0.072 0.09 0.068 0.057 0.078 0.087 0.064 0.054 0.054 0.063 0.056 -9999 -9999 -9999 -9999 -9999 -9999 -9999 -9999 -9999 -9999 -9999 -9999 -9999 -9999 -9999 -9999 -9999 -9999 -9999 -9999 -9999 -9999 -9999 -9999 -9999 -9999 -9999 -9999 -9999 -9999 -9999 -9999 -9999 -9999 -9999 -9999 -9999 -9999 -9999 -9999 -9999 -9999 -9999 -9999 -9999 -9999 -9999
0.044 0.037 0.038 0.038 0.055 0.057 0.074 0.1 0.108 0.166 0.216 0.223 0.114 0.037 0.157 0.22 0.213 0.179 0.157 0.101 0.071 0.078 0.097 0.101 0.094 0.061 0.065 0.071 0.072 0.061 0.069 0.066 -9999 -9999 -9999 -9999 -9999 -9999 -9999 -9999 -9999 -9999 -9999 -9999 -9999 -9999 -9999 -9999 -9999 -9999 -9999 -9999 -9999 -9999 -9999 -9999 -9999 -9999 -9999 -9999 -9999 -9999 -9999 -9999 -9999 -9999 -9999 -9999 -9999 -9999 -9999 -9999 -9999 -9999 -9999 -9999 -9999
0.11 0.104 0.148 0.21 0.179 0.065 0.05 0.038 0.084 0.106 0.109 0.121 0.141 0.123 0.184 0.188 0.199 0.198 0.172 0.103 0.099 0.103 0.095 0.092 0.086 0.082 0.075 0.064 0.074 0.08 0.076 0.074 0.06 -9999 -9999 -9999 -9999 -9999 -9999 -9999 -9999 -9999 -9999 -9999 -9999 -9999 -9999 -9999 -9999 -9999 -9999 -9999 -9999 -9999 -9999 -9999 -9999 -9999 -9999 -9999 -9999 -9999 -9999 -9999 -9999 -9999 -9999 -9999 -9999 -9999 -9999 -9999 -9999 -9999 -9999 -9999 -9999
0.074 0.072 0.105 0.166 0.264 0.206 0.165 0.115 0.045 0.053 0.065 0.055 0.073 0.088 0.111 0.099 0.099 0.097 0.085 0.086 0.081 0.079 0.08 0.079 0.075 0.073 0.081 0.087 0.084 0.065 0.066 0.065 0.058 -9999 -9999 -9999 -9999 -9999 -9999 -9999 -9999 -9999 -9999 -9999 -9999 -9999 -9999 -9999 -9999 -9999 -9999 -9999 -9999 -9999 -9999 -9999 -9999 -9999 -9999 -9999 -9999 -9999 -9999 -9999 -9999 -9999 -9999 -9999 -9999 -9999 -9999 -9999 -9999 -9999 -9999 -9999 -9999
0.082 0.065 0.064 0.071 0.112 0.127 0.102 0.099 0.164 0.061 0.042 0.054 0.051 0.062 0.102 0.073 0.064 0.068 0.06 0.07 0.069 0.065 0.062 0.06 0.074 0.074 0.075 0.086 0.064 0.065 0.065 0.067 0.068 0.072 0.063 0.06 0.056 0.059 0.059 0.061 0.067 0.072 0.076 0.081 0.076 0.076 0.073 0.068 -9999 -9999 -9999 -9999 -9999 -9999 -9999 -9999 -9999 -9999 -9999 -9999 -9999 -9999 -9999 -9999 -9999 -9999 -9999 -9999 -9999 -9999 -9999 -9999 -9999 -9999 -9999 -9999 -9999
0.079 0.076 0.066 0.054 0.063 0.067 0.067 0.069 0.098 0.178 0.054 0.055 0.061 0.075 0.062 0.078 0.072 0.07 0.061 0.067 0.063 0.059 0.069 0.074 0.064 0.066 0.073 0.066 0.064 0.065 0.069 0.071 0.072 0.067 0.059 0.06 0.06 0.058 0.049 0.064 0.07 0.071 0.077 0.076 0.067 0.066 0.072 0.075 0.068 0.068 0.059 0.07 0.061 0.051 0.063 0.065 0.058 0.055 0.064 0.068 -9999 -9999 -9999 -9999 -9999 -9999 -9999 0.064 0.061 0.071 0.066 0.056 0.052 0.063 0.055 0.055 0.053
0.05 0.058 0.057 0.092 0.073 0.081 0.075 0.084 0.089 0.139 0.134 0.095 0.057 0.074 0.04 0.044 0.049 0.059 0.062 0.063 0.06 0.061 0.068 0.064 0.064 0.062 0.063 0.065 0.066 0.076 0.079 0.081 0.081 0.068 0.059 0.065 0.065 0.067 0.06 0.054 0.065 0.066 0.065 0.055 0.052 0.056 0.052 0.051 0.053 0.055 0.059 0.064 0.063 0.056 0.065 0.065 0.055 0.053 0.053 0.044 0.037 0.04 0.046 0.047 0.052 0.068 0.073 0.065 0.051 0.067 0.057 0.051 0.057 0.067 0.055 0.055 0.059
0.063 0.065 0.078 0.082 0.088 0.088 0.075 0.083 0.086 0.073 0.069 0.074 0.07 0.071 0.076 0.07 0.061 0.052 0.062 0.044 0.051 0.059 0.075 0.072 0.074 0.075 0.073 0.075 0.082 0.075 0.081 0.078 0.074 0.075 0.066 0.07 0.071 0.072 0.065 0.067 0.071 0.064 0.07 0.068 0.069 0.087 0.089 0.088 0.075 0.069 0.069 0.064 0.068 0.063 0.063 0.067 0.06 0.061 0.057 0.057 0.051 0.061 0.064 0.057 0.053 0.051 0.047 0.052 0.053 0.061 0.052 0.055 0.058 0.051 0.057 0.05 0.049
0.064 0.066 0.074 0.083 0.088 0.076 0.077 0.069 0.064 0.074 0.066 0.061 0.068 0.077 0.048 0.039 0.032 0.038 0.048 0.055 0.054 0.062 0.073 0.07 0.071 0.074 0.072 0.076 0.073 0.082 0.084 0.085 0.084 0.082 0.084 0.081 0.08 0.086 0.079 0.076 0.074 0.067 0.062 0.065 0.068 0.082 0.081 0.072 0.068 0.076 0.084 0.078 0.076 0.076 0.072 0.066 0.063 0.061 0.06 0.06 0.059 0.059 0.059 0.057 0.053 0.049 0.041 0.037 0.043 0.05 0.052 0.06 0.056 0.047 0.042 0.037 0.042
0.06 0.063 0.061 0.052 0.053 0.055 0.047 0.055 0.061 0.061 0.065 0.063 0.066 0.06 0.058 0.057 0.058 0.057 0.065 0.064 0.059 0.071 0.07 0.076 0.074 0.076 0.074 0.07 0.072 0.077 0.078 0.082 0.09 0.084 0.089 0.084 0.08 0.083 0.082 0.082 0.086 0.081 0.075 0.073 0.082 0.072 0.07 0.066 0.069 0.079 0.078 0.084 0.079 0.078 0.079 0.08 0.069 0.065 0.067 0.059 0.052 0.057 0.046 0.056 0.067 0.056 0.048 0.047 0.045 0.049 0.048 0.055 0.05 0.047 0.043 0.044 0.045
0.052 0.051 0.043 0.06 0.063 0.045 0.071 0.051 0.037 0.036 0.043 0.042 0.056 0.063 0.058 0.058 0.041 0.049 0.051 0.066 0.071 0.068 0.064 0.069 0.069 0.064 0.073 0.076 0.08 0.083 0.077 0.093 0.1 0.089 0.087 0.082 0.082 0.081 0.073 0.071 0.07 0.077 0.079 0.074 0.076 0.073 0.075 0.074 0.067 0.068 0.074 0.076 0.083 0.071 0.076 0.08 0.083 0.071 0.063 0.066 0.067 0.07 0.063 0.053 0.051 0.069 0.055 0.049 0.05 0.054 0.054 0.052 0.049 0.048 0.044 0.047 0.054
0.064 0.051 0.053 0.062 0.065 0.066 0.068 0.074 0.072 0.045 0.044 0.048 0.047 0.051 0.061 0.055 0.053 0.061 0.08 0.075 0.066 0.064 0.063 0.065 0.078 0.096 0.1 0.08 0.077 0.079 0.086 0.087 0.092 0.074 0.08 0.08 0.075 0.071 0.068 0.073 0.069 0.078 0.089 0.085 0.074 0.076 0.072 0.066 0.066 0.07 0.071 0.072 0.069 0.071 0.079 0.081 0.079 0.071 0.07 0.065 0.064 0.072 0.054 0.056 0.047 0.043 0.041 0.056 0.068 0.051 0.052 0.054 0.051 0.051 0.048 0.056 0.065
0.063 0.073 0.069 0.06 0.067 0.073 0.066 0.063 0.056 0.054 0.051 0.053 0.053 0.055 0.056 0.056 0.065 0.064 0.067 0.07 0.069 0.06 0.074 0.09 0.082 0.082 0.086 0.094 0.097 0.075 0.078 0.079 0.073 0.063 0.072 0.067 0.073 0.075 0.075 0.076 0.079 0.075 0.081 0.083 0.08 0.083 0.088 0.071 0.07 0.076 0.073 0.074 0.076 0.073 0.073 0.071 0.068 0.069 0.067 0.065 0.067 0.065 0.064 0.062 0.046 0.045 0.06 0.056 0.065 0.054 0.06 0.064 0.064 0.061 0.064 0.111 0.064
0.057 0.059 0.058 0.061 0.058 0.066 0.059 0.057 0.059 0.056 0.052 0.057 0.06 0.063 0.063 0.065 0.062 0.075 0.068 0.059 0.059 0.06 0.074 0.07 0.074 0.075 0.081 0.075 0.08 0.065 0.067 0.056 0.058 0.057 0.061 0.07 0.07 0.07 0.07 0.072 0.07 0.072 0.08 0.083 0.088 0.088 0.087 0.073 0.069 0.073 0.073 0.075 0.071 0.073 0.075 0.075 0.077 0.072 0.074 0.064 0.065 0.062 0.067 0.066 0.064 0.068 0.064 0.059 0.054 0.055 0.056 0.059 0.063 0.062 0.087 0.079 0.063
0.049 0.06 0.06 0.062 0.048 0.057 0.058 0.059 0.063 0.053 0.054 0.056 0.068 0.066 0.066 0.062 0.066 0.068 0.062 0.064 0.069 0.069 0.073 0.067 0.075 0.081 0.08 0.066 0.068 0.059 0.064 0.063 0.064 0.065 0.067 0.073 0.072 0.072 0.072 0.069 0.072 0.074 0.079 0.079 0.074 0.07 0.073 0.068 0.07 0.066 0.069 0.072 0.073 0.071 0.069 0.075 0.072 0.07 0.076 0.069 0.067 0.067 0.072 0.071 0.068 0.069 0.071 0.061 0.059 0.058 0.062 0.061 0.06 0.059 0.086 0.068 0.066
0.049 0.06 0.06 0.067 0.056 0.059 0.059 0.066 0.063 0.052 0.055 0.059 0.06 0.062 0.063 0.059 0.056 0.056 0.058 0.062 0.067 0.058 0.058 0.076 0.064 0.056 0.055 0.066 0.055 0.069 0.063 0.061 0.061 0.07 0.062 0.068 0.068 0.067 0.069 0.076 0.073 0.072 0.081 0.079 0.071 0.062 0.068 0.069 0.08 0.068 0.082 0.068 0.074 0.071 0.064 0.075 0.076 0.067 0.073 0.071 0.073 0.066 0.062 0.066 0.061 0.06 0.065 0.065 0.063 0.063 0.061 0.062 0.066 0.063 0.093 0.069 0.063
0.046 0.053 0.058 0.059 0.06 0.064 0.063 0.06 0.063 0.06 0.063 0.059 0.049 0.05 0.055 0.05 0.05 0.054 0.06 0.091 0.064 0.057 0.075 0.062 0.06 0.069 0.052 0.055 0.069 0.069 0.077 0.078 0.073 0.084 0.073 0.069 0.073 0.074 0.075 0.075 0.083 0.081 0.077 0.083 0.072 0.07 0.071 0.069 0.068 0.074 0.071 0.067 0.067 0.059 0.064 0.066 0.073 0.07 0.071 0.074 0.067 0.064 0.059 0.058 0.06 0.059 0.06 0.064 0.067 0.061 0.06 0.062 0.064 0.064 0.082 0.064 0.067
0.05 0.057 0.065 0.064 0.068 0.067 0.064 0.058 0.061 0.059 0.06 0.066 0.06 0.057 0.063 0.059 0.064 0.061 0.064 0.066 0.074 0.063 0.053 0.06 0.06 0.066 0.072 0.079 0.092 0.08 0.075 0.069 0.087 0.088 0.077 0.079 0.076 0.072 0.066 0.072 0.071 0.08 0.093 0.062 0.074 0.078 0.069 0.061 0.081 0.078 0.081 0.063 0.057 0.062 0.067 0.078 0.073 0.079 0.086 0.073 0.072 0.067 0.068 0.066 0.057 0.058 0.06 0.06 0.063 0.068 0.071 0.071 0.063 0.056 0.066 0.069 0.055
0.055 0.057 0.063 0.061 0.067 0.067 0.067 0.067 0.062 0.065 0.065 0.061 0.057 0.051 0.062 0.062 0.051 0.051 0.06 0.065 0.06 0.067 0.071 0.067 0.07 0.07 0.069 0.065 0.071 0.065 0.072 0.077 0.099 0.112 0.074 0.073 0.068 0.072 0.064 0.075 0.076 0.077 0.075 0.074 0.084 0.082 0.078 0.076 0.069 0.067 0.074 0.067 0.062 0.058 0.066 0.076 0.075 0.072 0.079 0.082 0.075 0.074 0.065 0.059 0.046 0.041 0.053 0.058 0.06 0.065 0.065 0.067 0.064 0.054 0.079 0.059 0.054
0.051 0.05 0.055 0.057 0.061 0.065 0.063 0.065 0.059 0.059 0.054 0.051 0.051 0.046 0.055 0.058 0.066 0.061 0.066 0.073 0.072 0.072 0.073 0.065 0.075 0.078 0.07 0.062 0.059 0.063 0.056 0.072 0.079 0.081 0.077 0.08 0.093 0.081 0.073 0.066 0.071 0.081 0.077 0.078 0.075 0.075 0.078 0.077 0.073 0.076 0.076 0.075 0.064 0.059 0.064 0.068 0.075 0.071 0.07 0.073 0.075 0.073 0.074 0.077 0.073 0.071 0.083 0.064 0.066 0.064 0.065 0.062 0.061 0.108 0.076 0.057 0.057
0.052 0.048 0.054 0.054 0.06 0.064 0.062 0.064 0.062 0.061 0.063 0.061 0.054 0.057 0.056 0.054 0.06 0.06 0.054 0.061 0.062 0.066 0.062 0.056 0.063 0.057 0.066 0.071 0.058 0.056 0.054 0.06 0.063 0.075 0.092 0.092 0.091 0.08 0.069 0.083 0.085 0.079 0.072 0.077 0.083 0.072 0.077 0.07 0.075 0.073 0.067 0.071 0.075 0.073 0.057 0.067 0.065 0.06 0.064 0.07 0.077 0.077 0.068 0.065 0.063 0.072 0.074 0.068 0.077 0.085 0.077 0.074 0.072 0.141 0.062 0.06 0.06
0.052 0.05 0.054 0.052 0.057 0.058 0.054 0.052 0.049 0.063 0.059 0.053 0.048 0.056 0.053 0.057 0.052 0.053 0.053 0.055 0.057 0.059 0.061 0.061 0.06 0.062 0.058 0.062 0.058 0.055 0.057 0.061 0.085 0.098 0.111 0.087 0.072 0.062 0.069 0.079 0.071 0.068 0.073 0.07 0.072 0.067 0.065 0.067 0.067 0.068 0.07 0.064 0.064 0.073 0.069 0.077 0.07 0.073 0.072 0.067 0.069 0.069 0.072 0.073 0.066 0.07 0.074 0.073 0.076 0.085 0.089 0.076 0.1 0.084 0.064 0.064 0.062
0.05 0.049 0.041 0.033 0.039 0.036 0.034 0.042 0.046 0.04 0.045 0.045 0.049 0.063 0.07 0.062 0.062 0.066 0.06 0.048 0.042 0.043 0.048 0.041 0.056 0.051 0.05 0.052 0.054 0.052 0.052 0.054 0.054 0.051 0.073 0.075 0.058 0.062 0.069 0.068 0.066 0.064 0.059 0.056 0.068 0.072 0.075 0.066 0.071 0.065 0.061 0.063 0.085 0.081 0.087 0.082 0.079 0.071 0.065 0.064 0.064 0.06 0.054 0.047 0.058 0.062 0.065 0.056 0.055 0.05 0.049 0.051 0.061 0.061 0.069 0.07 0.065
0.042 0.041 0.04 0.041 0.035 0.044 0.04 0.053 0.071 0.04 0.043 0.045 0.051 0.054 0.066 0.056 0.057 0.043 0.042 0.048 0.048 0.048 0.049 0.054 0.053 0.049 0.048 0.05 0.053 0.051 0.051 0.049 0.052 0.06 0.06 0.052 0.056 0.055 0.056 0.064 0.065 0.064 0.063 0.065 0.066 0.064 0.062 0.067 0.064 0.08 0.079 0.072 0.064 0.07 0.086 0.081 0.076 0.063 0.058 0.066 0.069 0.067 0.072 0.063 0.059 0.061 0.068 0.062 0.055 0.051 0.049 0.051 0.055 0.061 0.061 0.065 0.065
0.037 0.038 0.038 0.038 0.039 0.045 0.046 0.046 0.043 0.037 0.036 0.039 0.05 0.051 0.053 0.048 0.042 0.032 0.04 0.04 0.043 0.052 0.051 0.052 0.043 0.045 0.045 0.05 0.051 0.051 0.051 0.05 0.052 0.059 0.057 0.054 0.06 0.06 0.06 0.056 0.057 0.059 0.06 0.055 0.06 0.06 0.057 0.059 0.06 0.069 0.065 0.071 0.086 0.081 0.068 0.064 0.078 0.073 0.065 0.068 0.068 0.064 0.063 0.06 0.061 0.063 0.067 0.061 0.063 0.052 0.052 0.052 0.053 0.054 0.058 0.057 0.059
0.039 0.04 0.041 0.045 0.041 0.046 0.047 0.045 0.039 0.038 0.029 0.032 0.048 0.045 0.046 0.033 0.027 0.027 0.027 0.043 0.042 0.05 0.048 0.05 0.04 0.04 0.04 0.047 0.049 0.049 0.048 0.047 0.05 0.052 0.049 0.043 0.044 0.06 0.059 0.061 0.06 0.055 0.055 0.055 0.056 0.058 0.056 0.05 0.052 0.06 0.065 0.078 0.098 0.081 0.065 0.066 0.064 0.065 0.066 0.065 0.06 0.065 0.05 0.063 0.054 0.056 0.059 0.062 0.065 0.051 0.053 0.053 0.053 0.051 0.055 0.052 0.055
