data/china_ndvi_max_2007.asc
ncols         710
nrows         510
xllcorner     70
yllcorner     10
cellsize      0.1
NODATA_value  -9999
[rows 245 to 279 of 510, columns 154 to 230 of 710]
0.072 0.068 0.06 0.052 0.05 0.046 0.043 0.04 0.04 0.046 0.048 0.041 0.048 0.041 0.042 0.035 0.038 0.004 -0.033 -0.035 -0.043 -0.024 0.016 0.054 0.059 0.057 0.061 0.06 0.059 0.065 0.061 0.059 0.039 0.042 0.079 0.07 0.067 0.084 0.095 -0.026 -0.112 0.1 0.099 0.084 0.045 0.032 0.102 0.055 0.09 0.171 0.141 0.068 0.086 0.064 0.064 0.047 0.064 0.104 0.093 0.07 0.074 0.153 0.146 0.142 0.154 0.13 0.146 0.15 0.101 0.087 0.084 0.1 0.12 0.117 0.103 0.103 0.099
0.069 0.064 0.055 0.049 0.047 0.046 0.041 0.033 0.039 0.034 0.042 0.04 0.046 0.042 0.04 0.027 0.037 0.028 0.006 -0.003 0.011 0.037 0.039 0.058 0.058 0.06 0.068 0.071 0.05 0.045 0.063 0.073 0.063 0.057 0.077 0.091 0.046 0.06 0.065 0.082 0.082 -0.003 0.058 0.088 0.076 0.068 0.054 0.057 0.043 0.05 0.079 0.111 0.102 0.065 0.063 0.057 0.039 0.045 0.062 0.083 0.099 0.096 0.103 0.086 0.11 0.13 0.148 0.174 0.133 0.105 0.107 0.119 0.123 0.109 0.137 0.147 0.099
0.048 0.042 0.043 0.035 0.042 0.049 0.051 0.045 0.043 0.049 0.058 0.046 0.054 0.057 0.053 0.055 0.054 0.049 0.047 0.049 0.048 0.062 0.056 0.055 0.058 0.068 0.078 0.035 0.053 0.057 0.054 0.073 0.072 0.075 0.093 0.11 0.081 0.076 0.067 0.044 0.057 0.058 0.061 0.075 0.079 0.067 0.049 0.035 0.041 0.052 0.055 0.058 0.063 0.054 0.057 0.058 0.064 0.043 0.048 0.049 0.072 0.06 0.054 0.095 0.093 0.081 0.049 0.074 0.143 0.118 0.094 0.098 0.085 0.083 0.078 0.099 0.095
0.048 0.052 0.047 0.053 0.057 0.056 0.057 0.059 0.056 0.061 0.061 0.054 0.064 0.062 0.065 0.063 0.074 0.063 0.046 0.034 0.042 0.054 0.049 0.067 0.073 0.083 0.09 0.086 0.089 0.085 0.073 0.069 0.069 0.072 0.072 0.091 0.108 0.101 0.088 0.092 0.08 0.073 0.098 0.09 0.101 0.108 0.012 -0.041 0.045 0.094 0.089 0.05 0.049 0.071 0.034 -0.01 -0.005 0.032 0.041 0.049 0.095 0.067 0.083 0.117 0.098 0.101 0.113 0.102 0.102 0.092 0.112 0.151 0.139 0.106 0.078 0.079 0.067
0.053 0.055 0.055 0.061 0.066 0.06 0.057 0.055 0.064 0.062 0.058 0.071 0.085 0.085 0.081 0.076 0.074 0.067 0.066 0.057 0.057 0.064 0.062 0.067 0.064 0.069 0.055 0.063 0.067 0.066 0.063 0.052 0.063 0.066 0.103 0.021 0.071 0.06 0.063 0.06 0.048 0.08 0.092 0.078 0.056 0.042 0.052 0.056 0.074 0.102 0.074 0.052 0.042 0.039 0.021 -0.06 -0.026 0.033 0.052 0.053 0.07 0.075 0.08 0.105 0.102 0.1 0.122 0.135 0.12 0.115 0.131 0.143 0.13 0.125 0.07 0.08 0.065
0.067 0.077 0.057 0.063 0.091 0.09 0.085 0.073 0.078 0.082 0.072 0.097 0.135 0.105 0.093 0.087 0.067 0.072 0.079 0.076 0.066 0.074 0.069 0.095 0.088 0.082 0.086 0.106 0.107 0.101 0.083 0.101 0.106 0.14 0.15 0.136 0.108 0.105 0.098 0.094 0.075 0.08 0.064 0.056 0.052 0.052 0.096 0.086 0.052 0.03 0.023 0.065 0.015 0.015 -0.03 0.054 0.063 0.078 0.106 0.109 0.023 0.034 0.073 0.068 0.08 0.116 0.16 0.135 0.129 0.096 0.081 0.076 0.091 0.052 0.03 0.023 0.025
0.055 0.045 0.03 0.021 0.054 0.056 0.088 0.112 0.085 0.098 0.093 0.088 0.086 0.09 0.094 0.085 0.089 0.084 0.079 0.076 0.068 0.059 0.064 0.073 0.075 0.08 0.08 0.076 0.079 0.078 0.071 0.097 0.095 0.099 0.071 0.096 0.089 0.093 0.104 0.074 0.075 0.087 0.084 0.08 0.082 0.076 0.033 0.064 0.052 0.074 0.058 0.049 0.019 -0.003 0.024 0.093 0.072 0.078 0.087 0.094 0.089 0.102 0.098 0.095 0.094 0.086 0.064 0.073 0.135 0.138 0.111 0.098 0.109 0.129 0.065 0.046 0.038
0.048 0.024 -0.017 0.03 0.068 0.063 0.075 0.079 0.089 0.082 0.066 0.074 0.082 0.077 0.076 0.08 0.067 0.077 0.07 0.045 0.072 0.08 0.081 0.075 0.067 0.074 0.083 0.086 0.083 0.096 0.102 0.092 0.091 0.097 0.088 0.092 0.093 0.087 0.098 0.126 0.126 0.069 0.062 0.061 0.058 0.094 0.098 0.116 0.117 0.118 0.101 0.086 0.093 0.085 0.073 0.07 0.095 0.111 0.094 0.086 0.038 0.138 0.16 0.116 0.094 0.083 0.115 0.117 0.148 0.144 0.113 0.107 0.096 0.11 0.116 -0.3 0.048
0.038 0.033 0.033 0.063 0.078 0.082 0.079 0.077 0.09 0.062 0.068 0.093 0.093 0.079 0.074 0.079 0.079 0.089 0.087 0.089 0.093 0.085 0.09 0.086 0.089 0.098 0.11 0.116 0.112 0.121 0.116 0.116 0.113 0.105 0.113 0.115 0.12 0.123 0.115 0.105 0.112 0.077 0.075 0.006 -0.007 0.108 0.108 0.114 0.104 0.082 0.073 0.1 0.098 -0.003 0.076 0.074 0.008 0.075 0.06 0.113 0.112 0.101 0.169 0.11 0.111 0.081 0.151 0.161 0.15 0.123 0.113 0.12 0.13 0.122 0.1 0.083 0.084
0.064 0.058 0.046 0.053 0.065 0.067 0.071 0.073 0.079 0.082 0.083 0.091 0.094 0.097 0.086 0.072 0.084 0.086 0.085 0.083 0.087 0.099 0.101 0.099 0.105 0.108 0.105 0.111 0.111 0.083 0.093 0.09 0.095 0.103 0.107 0.09 0.099 0.099 0.109 0.093 0.055 0.011 -0.008 0.04 0.065 0.127 0.118 0.107 0.085 0.106 0.112 0.131 0.104 0.115 0.116 0.105 0.138 0.152 -0.3 -0.3 0.119 0.074 0.12 0.164 0.137 -0.3 0.12 0.136 0.149 0.114 0.111 0.125 0.128 0.138 0.139 0.144 0.119
0.078 0.074 0.062 0.06 0.062 0.071 0.079 0.083 0.086 0.081 0.078 0.084 0.082 0.086 0.092 0.088 0.11 0.097 0.093 0.072 0.076 0.111 0.106 0.11 0.095 0.117 0.118 0.125 0.127 0.105 0.087 0.125 0.124 0.105 0.079 0.087 0.066 0.051 -0.033 -0.041 0.053 0.081 0.091 0.076 0.063 0.056 0.082 0.085 0.095 0.097 0.115 0.126 0.137 0.142 0.11 0.084 0.101 0.087 0.087 0.099 0.112 0.128 0.127 0.148 0.16 0.15 0.134 0.13 0.13 0.143 0.175 0.141 0.156 0.146 0.146 0.146 0.138
0.077 0.077 0.071 0.083 0.081 0.079 0.08 0.082 0.082 0.053 0.083 0.099 0.097 0.097 0.108 0.097 0.104 0.104 0.086 -0.104 0.083 0.091 0.098 0.101 0.098 0.1 0.102 0.102 0.109 0.099 0.098 0.098 0.109 0.15 0.11 0.077 0.083 0.1 0.091 -0.3 0.068 0.084 0.079 0.068 0.059 0.062 0.069 0.061 0.055 0.051 0.028 0.085 0.086 0.076 0.078 0.076 0.106 0.115 0.13 0.114 0.119 0.136 0.135 0.141 0.1 -0.016 0.11 0.134 0.145 0.164 0.169 0.187 0.165 0.146 0.156 0.142 0.14
0.077 0.095 0.103 0.109 0.109 0.112 0.087 0.091 0.092 0.095 0.114 0.094 0.105 0.098 0.085 0.093 0.088 0.095 0.085 0.094 0.099 0.086 0.073 0.085 0.1 0.102 0.114 0.124 0.129 0.124 0.098 0.072 0.079 0.134 0.129 0.142 0.139 0.144 0.131 0.089 0.094 0.088 0.125 0.14 0.141 0.126 0.07 0.037 0.038 -0.3 -0.3 0.06 0.077 0.102 0.11 0.106 0.129 0.112 0.071 0.081 0.094 0.107 0.116 0.127 0.136 0.135 0.078 -0.3 -0.3 0.117 0.13 0.158 0.175 0.167 0.186 0.173 0.175
0.085 0.077 0.1 0.09 0.093 0.097 0.092 0.087 0.1 0.081 0.087 0.079 0.077 -0.101 -0.164 0.039 0.085 0.102 0.097 0.099 0.118 0.111 0.108 0.111 0.123 0.127 0.125 0.136 0.138 0.128 0.128 0.134 0.13 0.102 0.104 0.109 0.171 0.14 0.147 0.122 0.112 0.136 0.14 0.132 0.104 0.115 0.172 0.164 0.14 0.131 0.125 0.127 0.129 0.125 0.119 0.101 0.142 0.164 0.134 0.163 0.141 0.138 0.159 0.166 0.131 0.159 0.137 0.133 0.138 0.113 0.108 0.146 0.146 0.126 0.124 0.143 0.23
0.109 0.089 0.087 0.08 0.096 0.098 0.101 0.089 0.088 0.089 0.078 0.084 0.069 0.049 0.074 0.045 0.048 0.071 0.087 0.107 0.114 0.114 0.091 0.078 0.114 0.125 -0.002 0.113 0.112 0.112 0.096 0.099 0.097 0.091 0.109 0.111 0.186 0.174 0.161 0.153 0.108 0.139 0.164 0.158 0.136 0.135 0.134 0.142 0.137 0.102 0.112 0.094 0.047 0.089 0.113 0.103 0.099 0.1 0.105 0.141 0.168 0.121 0.119 0.12 0.108 0.136 0.163 0.191 0.179 0.174 0.188 0.148 0.169 0.172 0.171 0.157 0.113
0.128 0.118 0.123 0.123 0.116 0.115 0.099 0.1 0.095 0.088 0.092 0.11 0.061 0.118 0.102 0.106 0.118 0.111 0.11 0.103 0.096 0.124 0.138 0.124 0.109 0.101 0.108 0.094 0.103 0.09 0.103 0.104 0.112 0.117 0.129 0.122 0.113 0.114 0.118 0.117 0.122 0.064 0.016 0.093 0.126 0.12 0.162 0.173 0.163 -0.042 -0.3 -0.127 0.065 0.14 0.143 0.145 0.101 0.089 0.094 0.091 0.119 0.113 0.14 0.126 0.126 0.128 0.106 0.106 0.13 0.138 0.159 0.215 0.226 0.215 0.158 0.128 0.117
0.102 0.114 0.112 0.117 0.135 0.137 0.125 0.111 0.099 0.11 0.11 0.092 0.071 0.095 0.116 0.108 0.113 0.114 0.113 0.119 0.115 0.114 0.107 0.114 0.106 0.099 0.092 0.097 0.102 0.118 0.117 0.124 0.12 0.124 0.125 0.126 0.121 0.113 0.116 0.086 0.075 0.09 0.085 0.105 0.124 0.139 0.131 0.109 0.093 0.054 -0.3 0.14 0.129 0.091 0.124 0.113 0.117 0.112 0.086 0.109 0.122 0.094 0.097 0.101 0.126 0.143 0.124 0.121 0.046 0.124 0.153 0.231 0.233 0.198 0.201 0.228 0.236
0.089 0.101 0.108 0.105 0.118 0.112 0.105 0.102 0.099 0.102 0.078 0.095 0.103 0.1 0.092 0.098 0.097 0.099 0.089 0.092 0.101 0.091 0.079 0.086 0.084 0.099 0.094 0.086 0.089 0.095 0.1 0.111 0.109 0.101 0.118 0.136 0.113 0.111 0.123 0.113 0.103 0.119 0.129 0.111 0.146 0.166 0.126 0.13 0.146 0.143 0.129 0.068 -0.042 0.053 0.123 0.133 0.137 0.117 0.115 0.153 0.181 0.124 0.122 0.122 0.123 0.129 0.136 0.153 0.147 0.135 0.165 0.192 0.233 0.224 0.218 0.203 0.217
0.085 0.095 0.079 0.08 0.097 0.106 0.095 0.108 0.107 0.112 0.116 0.099 0.085 0.097 0.098 0.096 0.11 0.107 0.091 0.095 0.093 0.084 0.029 0.077 0.092 0.09 0.106 0.11 0.113 0.093 0.098 0.102 0.096 0.05 0.041 -0.3 0.138 0.122 0.079 0.116 0.117 0.131 0.099 0.085 0.034 0.139 0.15 0.131 0.142 0.19 0.206 0.124 0.124 0.129 0.127 0.127 0.131 0.13 0.125 0.158 0.181 0.181 0.15 0.13 0.121 0.153 0.124 0.09 0.122 0.122 0.127 0.136 0.151 0.185 0.208 0.176 0.199
0.062 0.085 0.043 0.084 0.087 0.049 0.072 0.06 0.064 0.071 0.073 0.106 0.115 0.113 0.106 0.093 0.064 0.08 0.05 0.101 0.101 0.087 0.093 0.074 0.094 0.102 0.109 0.121 0.111 0.114 0.112 0.08 0.079 0.102 0.112 0.102 -0.3 -0.072 0.03 0.11 0.104 0.093 0.088 0.092 0.041 0.102 0.176 0.135 0.173 0.237 0.252 0.189 0.171 0.154 0.142 0.122 0.135 0.126 0.13 0.147 0.14 0.192 0.198 0.17 0.154 0.174 0.168 0.137 0.161 0.172 0.167 0.142 0.16 0.16 0.181 0.196 0.204
0.094 0.093 0.053 0.09 0.006 -0.042 0.087 0.091 0.09 0.082 0.093 0.078 0.082 0.103 0.079 0.074 0.119 0.123 0.111 0.106 0.115 0.037 0.114 0.1 0.084 0.086 0.089 0.133 0.122 0.111 0.105 0.107 0.105 0.118 0.124 0.113 0.095 0.105 0.093 0.121 0.137 0.17 0.128 0.099 0.081 0.063 0.114 0.132 0.149 0.117 0.134 0.132 0.138 0.161 0.156 0.126 0.125 0.17 0.197 0.221 0.241 0.109 -0.07 0.151 0.165 0.135 0.163 0.122 0.159 0.167 0.203 0.18 0.171 0.127 0.147 0.154 0.123
0.095 0.091 0.096 0.088 0.08 0.014 0.079 0.089 0.094 0.095 0.092 0.103 0.114 0.126 0.126 0.125 0.119 0.121 0.124 0.117 0.109 0.094 0.114 0.051 0.106 0.119 0.115 0.121 0.114 0.113 0.123 0.118 0.121 0.119 0.136 0.13 0.1 0.12 0.136 0.146 0.152 0.131 0.134 0.092 0.102 0.097 0.093 0.118 0.122 0.084 0.086 0.105 0.149 0.165 0.163 0.132 0.145 0.181 0.191 0.164 0.156 0.1 0.016 0.15 0.169 0.152 0.154 0.133 0.157 0.184 0.187 0.156 0.131 0.123 0.182 0.191 0.182
0.107 0.092 0.101 0.095 0.095 0.093 0.099 0.098 0.089 0.087 0.092 0.079 0.034 0.097 0.116 0.106 0.117 0.118 0.116 0.122 0.117 0.104 0.117 0.115 0.088 0.103 0.122 0.107 0.094 0.106 0.112 0.12 0.108 0.104 0.118 0.126 0.136 0.144 0.132 0.12 0.155 0.102 0.11 0.117 0.103 0.104 0.1 0.125 0.08 0.067 0.069 0.086 0.133 0.168 0.19 0.133 0.163 0.158 0.212 0.199 0.219 0.227 0.213 0.153 0.15 0.156 0.18 0.123 0.156 0.182 0.173 0.132 0.114 0.116 0.131 0.135 0.13
0.127 0.104 0.099 0.104 0.107 0.103 0.093 0.092 0.095 0.107 0.093 0.078 0.034 0.073 0.12 0.127 0.108 0.115 0.109 0.115 0.105 0.106 0.101 0.111 0.106 0.092 0.115 0.12 0.117 0.109 0.111 0.115 0.121 0.124 0.128 0.175 0.141 0.147 0.147 0.133 0.117 0.114 0.121 0.128 0.144 0.146 0.122 0.131 0.122 0.089 0.07 0.092 0.159 0.169 0.175 0.155 0.168 0.196 0.205 0.172 0.187 0.216 0.268 0.228 0.205 0.184 0.144 0.174 0.214 0.222 0.219 0.179 0.146 0.138 0.132 0.174 0.146
0.115 0.114 0.055 0.109 0.113 0.102 0.087 0.1 0.101 0.116 0.111 0.083 0.09 0.106 0.108 0.112 0.083 0.093 0.101 0.115 0.114 0.114 0.117 0.111 0.104 0.108 0.102 0.105 0.119 0.122 0.12 0.132 0.133 0.143 0.131 0.127 0.067 0.066 0.123 0.099 0.1 0.116 0.116 0.127 0.143 0.143 0.122 0.126 0.088 0.087 0.065 0.087 0.079 0.075 0.125 0.157 0.129 0.155 0.186 0.188 0.219 0.177 0.189 0.206 0.2 0.234 0.168 0.172 0.192 0.203 0.195 0.192 0.159 0.133 0.124 0.115 0.12
0.117 0.132 0.124 0.12 0.12 0.123 0.123 0.119 0.114 0.118 0.124 0.119 0.105 0.098 0.088 0.073 -0.3 0.08 0.102 0.128 0.119 0.116 0.115 0.121 0.122 0.119 0.106 0.119 0.128 -0.038 0.089 0.123 -0.103 0.087 0.068 0.067 0.043 -0.039 -0.05 0.089 0.112 0.143 0.149 0.129 0.127 0.138 0.119 0.122 0.156 0.136 0.166 0.157 0.12 0.095 0.105 0.143 0.137 0.15 -0.3 0.12 0.156 0.193 0.213 0.191 0.18 0.177 0.127 0.127 0.155 0.151 0.131 0.17 0.177 0.197 0.154 0.17 0.227
0.109 0.112 0.114 0.115 0.116 0.117 0.12 0.114 0.115 0.125 0.123 0.113 0.115 0.122 0.113 0.101 0.109 0.112 0.117 0.125 0.117 0.115 0.127 0.12 0.098 0.094 0.083 0.107 0.114 0.1 0.112 0.082 0.111 0.105 0.091 0.092 0.026 -0.014 0.038 0.087 0.084 0.13 0.145 0.152 0.145 0.149 0.121 0.143 0.16 0.209 0.144 0.148 0.161 0.131 0.109 0.141 0.116 0.134 0.127 0.145 0.141 0.184 0.166 0.167 0.163 0.152 0.176 0.187 0.172 0.147 0.155 0.19 0.202 0.179 0.152 0.179 0.223
0.126 0.109 0.093 0.097 0.033 0.068 0.101 0.105 0.107 0.114 0.116 0.121 0.128 0.113 0.092 0.071 0.141 0.131 0.13 0.131 0.129 0.13 0.133 0.134 0.113 0.092 0.089 0.105 0.119 0.119 0.125 0.112 0.119 0.125 0.123 0.128 0.061 0.075 0.099 0.1 0.106 0.129 0.126 0.112 0.099 0.133 0.064 0.149 0.162 0.194 0.15 0.143 0.123 0.093 0.137 0.047 0.125 0.167 0.146 0.162 0.169 0.164 0.162 0.178 0.175 0.216 0.221 0.179 0.17 0.178 0.224 0.19 0.198 0.203 0.202 0.203 0.219
0.129 0.118 0.117 0.095 -0.011 0.067 0.117 0.123 0.109 0.113 0.116 0.14 0.136 0.126 0.124 0.095 0.135 0.135 0.126 0.12 0.119 0.121 0.105 0.097 0.116 0.126 0.111 0.108 0.106 0.094 0.093 0.125 0.113 0.098 0.111 0.112 0.109 0.097 0.103 0.128 0.159 0.101 0.095 -0.091 0.067 0.116 0.166 0.162 0.128 0.159 0.122 0.129 0.111 0.096 0.09 0.105 0.165 0.189 0.078 0.192 0.207 0.174 0.168 0.151 0.187 0.201 0.22 0.263 0.241 0.228 0.232 0.198 0.193 0.192 0.207 0.191 0.234
0.134 0.141 0.148 0.127 0.108 0.094 0.113 0.106 0.104 0.102 0.098 0.179 0.16 0.136 0.139 0.122 0.127 0.144 0.13 0.123 0.118 0.102 0.111 0.13 0.152 0.147 0.097 0.116 0.113 0.116 0.112 0.094 0.105 0.094 0.13 0.122 0.133 0.122 0.104 0.138 0.159 0.091 0.111 0.121 0.153 0.16 0.138 0.151 0.157 0.15 -0.3 0.12 0.105 0.08 0.103 0.02 0.036 0.021 -0.021 0.189 0.186 0.203 0.181 0.202 0.206 0.225 0.202 0.23 0.219 0.226 0.254 0.181 0.176 0.186 0.188 0.194 0.239
0.106 0.131 0.114 0.106 0.114 0.132 0.12 0.116 0.136 0.144 0.124 0.13 0.119 0.119 0.098 0.077 0.108 0.123 0.118 0.126 0.126 0.11 0.128 0.128 0.128 0.14 0.144 0.116 0.127 0.135 0.134 0.148 0.128 0.136 0.128 0.13 0.124 0.109 0.13 0.14 0.151 0.147 0.144 0.142 0.134 -0.3 0.101 -0.3 0.122 -0.3 0.144 0.087 0.096 0.119 0.068 -0.024 -0.033 -0.042 0.06 0.119 0.072 0.002 0.079 0.129 0.181 0.16 0.148 0.159 0.166 0.221 0.25 0.207 0.238 0.233 0.219 0.222 0.211
0.124 0.096 0.11 0.113 0.131 0.141 0.144 0.161 0.151 0.169 0.174 0.118 0.119 0.124 0.111 0.093 0.12 0.128 0.103 0.127 0.125 0.13 0.124 0.108 0.104 0.116 0.126 0.106 0.122 0.133 0.105 0.137 0.153 0.086 0.131 0.125 0.119 0.114 0.104 0.11 0.119 0.125 0.12 0.118 0.128 -0.008 0.141 0.135 0.142 0.122 0.126 0.089 0.077 0.074 0.077 0.082 0.057 -0.019 -0.039 0.077 0.072 0.086 0.11 0.119 0.149 0.145 0.223 0.248 0.231 0.216 0.214 0.201 0.221 0.212 0.231 0.227 0.244
0.116 0.117 0.128 0.124 0.147 0.142 0.159 0.187 0.159 0.14 0.128 0.167 0.146 0.101 0.127 0.103 0.11 0.125 0.121 0.13 0.126 0.122 0.125 0.117 0.112 0.117 0.044 -0.007 0.09 0.121 0.064 0.125 0.132 0.115 0.142 0.144 0.09 0.076 0.111 0.134 0.123 0.097 0.096 0.077 0.112 0.104 0.111 0.107 0.112 0.105 0.129 0.128 0.106 0.104 0.092 0.094 0.046 0.018 -0.012 0.123 0.138 0.137 0.13 0.131 0.109 0.149 0.117 0.179 0.238 0.257 0.16 0.203 0.218 0.207 0.191 0.216 0.246
0.096 0.103 0.101 0.112 0.122 0.104 0.171 0.15 0.147 0.144 0.146 0.134 0.127 0.124 0.094 0.075 0.122 0.12 0.127 0.12 0.125 0.104 0.109 0.112 0.094 0.112 0.057 0.088 0.117 0.123 0.137 0.126 0.085 0.102 0.109 0.111 0.121 0.101 0.104 0.11 0.122 0.122 0.127 0.093 0.126 0.093 0.11 0.102 0.111 0.123 0.123 0.156 0.152 0.138 0.125 0.115 0.093 0.105 0.049 0.049 0.145 0.13 0.129 0.116 0.129 0.175 -0.026 0.038 0.124 0.242 0.21 0.226 0.197 0.228 0.221 0.206 0.248
0.05 0.094 0.117 0.127 0.127 0.118 0.127 0.115 0.078 0.119 0.124 0.133 0.099 0.075 0.043 0.097 0.124 0.137 0.136 0.13 0.124 0.123 0.12 0.108 0.077 0.107 0.114 0.129 0.149 0.157 0.152 0.105 0.122 0.103 0.117 0.138 0.096 0.095 0.126 0.132 0.15 0.154 0.136 0.123 -0.3 0.089 0.111 0.129 0.121 0.132 0.143 0.143 0.144 0.147 0.122 0.114 0.113 0.119 0.12 0.133 0.148 0.133 0.142 0.146 0.163 0.175 0.138 0.185 0.204 0.298 0.228 0.216 0.217 0.233 0.228 0.236 0.238
