data/china_ndvi_max_1983.asc
ncols         710
nrows         510
xllcorner     70
yllcorner     10
cellsize      0.1
NODATA_value  -9999
[rows 238 to 271 of 510, columns 231 to 307 of 710]
0.161 0.154 0.131 0.137 0.088 0.079 0.07 0.068 0.067 0.065 0.066 0.063 0.059 0.052 0.059 0.063 0.058 0.06 0.054 0.053 0.054 0.055 0.063 0.062 0.05 0.051 0.047 0.059 0.058 0.069 0.067 0.08 0.077 0.067 0.062 0.055 0.059 0.062 0.035 0.046 0.064 0.059 0.054 0.06 0.05 0.083 0.089 0.087 0.085 0.109 0.098 0.116 0.159 0.11 0.192 0.187 0.183 0.25 0.271 0.308 0.368 0.36 0.337 0.337 0.292 0.333 0.276 -0.3 -0.3 -0.3 -9999 -0.3 -0.3 0.279 0.249 0.251 0.391
0.188 0.19 0.109 0.111 0.085 0.069 0.061 0.053 0.057 0.063 0.062 0.055 -0.163 0.013 0.044 0.038 0.054 0.054 0.046 -0.108 -0.021 -0.066 0.056 0.063 0.055 0.056 0.054 0.054 0.053 0.057 0.06 0.069 0.067 0.063 0.069 0.061 0.057 0.06 0.057 0.055 0.051 0.053 0.062 0.064 0.076 0.084 0.09 0.083 0.073 0.094 0.094 0.097 0.105 0.104 0.172 0.17 0.186 0.211 0.197 0.216 0.207 0.354 0.326 0.346 0.316 0.268 0.313 0.326 -0.3 -9999 -0.3 -0.3 -0.3 -0.3 0.143 0.224 0.334
0.057 0.116 0.046 0.049 0.13 0.075 0.079 0.059 0.06 0.057 0.06 0.056 0.059 0.059 0.058 0.054 0.052 0.056 0.055 0.046 -0.101 -0.058 -0.014 0.037 0.055 0.058 0.056 0.05 -0.081 0.059 0.067 0.063 0.064 0.06 0.047 0.057 0.062 0.052 0.046 0.054 0.055 0.054 0.067 0.076 0.087 0.09 0.082 0.093 0.132 0.148 0.128 0.1 0.092 0.067 0.089 0.118 0.194 0.17 0.131 0.139 0.155 0.225 0.199 0.339 0.391 0.409 -0.3 -0.3 -9999 -0.3 -9999 -9999 -9999 -0.3 -0.3 0.078 0.161
0.05 0.055 0.051 0.045 0.05 0.057 0.107 0.072 0.059 0.058 0.057 0.051 0.052 0.055 0.061 0.046 0.068 0.053 0.063 0.047 0.06 -0.086 -0.218 -0.008 0.062 0.063 0.055 -0.041 0.021 0.064 0.074 0.064 0.053 0.062 0.059 0.05 0.049 0.048 0.046 0.049 0.05 0.057 0.059 0.066 0.08 0.092 0.087 0.082 0.089 0.095 0.107 0.09 0.076 0.067 0.092 0.086 0.114 0.142 0.102 0.105 0.11 0.149 0.197 0.199 0.376 0.364 0.39 0.348 -0.3 -0.3 -0.3 -0.3 -0.3 -9999 -0.3 -0.3 -0.3
0.058 0.057 0.054 0.049 0.051 0.042 0.057 0.083 0.076 0.075 0.06 0.056 0.052 0.052 0.061 0.055 0.088 0.096 0.111 0.075 0.053 0.058 -0.082 -0.046 -0.086 -0.02 -0.016 -0.127 -0.027 0.068 0.064 0.069 0.068 0.065 0.057 0.059 0.057 0.053 0.047 0.045 0.046 0.054 0.054 0.055 0.081 0.071 0.077 0.077 0.088 0.097 0.096 0.114 0.156 0.177 0.155 0.136 0.146 0.126 0.1 -0.008 -0.064 0.041 0.118 0.102 0.242 0.284 0.443 0.384 0.447 -0.3 -0.3 -0.3 -0.3 -0.3 -0.3 -0.3 -0.3
0.056 0.055 0.051 0.05 0.056 0.05 0.052 0.043 0.054 0.114 0.086 0.073 0.064 0.06 0.074 0.075 0.092 0.108 0.089 0.078 0.068 0.057 0.059 0.062 0.068 0.068 0.062 0.06 0.06 0.058 0.06 0.066 0.068 0.069 0.064 0.055 0.05 0.043 0.044 0.043 0.056 0.071 0.066 0.062 0.071 0.083 0.073 0.073 0.077 0.107 0.123 0.106 0.106 0.109 0.108 0.093 0.089 0.11 0.148 0.08 0.092 0.093 0.088 0.089 0.152 0.184 0.263 0.359 0.449 0.408 0.324 0.312 0.334 0.315 -0.3 -0.3 0.15
0.06 0.061 0.056 0.054 0.051 0.049 0.047 0.043 0.042 0.066 0.071 0.076 0.092 0.09 0.086 0.109 0.129 0.151 0.128 0.097 0.085 0.083 0.079 0.079 0.062 0.062 0.074 0.072 0.067 0.055 0.053 0.114 0.077 0.085 0.068 0.063 0.059 0.061 0.064 0.056 0.063 0.083 0.113 0.119 0.072 0.106 0.103 0.074 0.083 0.1 0.138 0.106 0.08 0.134 0.072 0.082 0.095 0.094 0.189 0.142 0.112 0.1 0.093 0.114 0.094 0.106 0.167 0.219 0.325 0.378 0.41 0.393 0.379 0.383 0.345 0.39 0.257
0.082 0.079 0.077 0.08 0.062 0.057 0.058 0.057 0.054 0.057 0.057 0.055 0.051 0.05 0.048 0.063 0.044 0.034 0.04 0.044 0.042 0.041 0.037 0.039 0.045 0.04 0.041 0.036 0.035 0.049 0.059 0.065 0.034 0.029 0.044 0.079 0.12 0.091 0.089 0.123 0.119 0.112 0.134 0.158 0.129 0.099 0.071 0.077 0.081 0.145 0.094 0.151 0.21 0.18 0.118 0.132 0.098 0.091 0.09 0.206 0.247 0.173 0.125 0.132 0.119 0.129 0.112 0.099 0.113 0.124 0.158 0.185 0.233 0.208 0.255 0.236 0.265
0.088 0.082 0.1 0.105 0.072 0.074 0.073 0.068 0.063 0.065 0.057 0.057 0.067 0.063 0.053 0.048 0.043 0.039 0.039 0.053 0.051 0.051 0.049 0.053 0.069 0.046 0.047 0.046 0.045 0.048 0.043 0.044 0.044 0.037 0.037 0.04 0.04 0.08 0.065 0.121 0.132 0.147 0.115 0.139 0.199 0.104 0.08 0.078 0.087 0.095 0.125 0.129 0.238 0.236 0.124 0.123 0.139 0.147 0.123 0.134 0.182 0.222 0.206 0.172 0.17 0.147 0.153 0.13 0.101 0.096 0.088 0.104 0.132 0.15 0.164 0.196 0.175
0.071 0.071 0.062 0.078 0.08 0.093 0.094 0.088 0.085 0.084 0.073 0.081 0.097 0.109 0.062 0.058 0.053 0.046 0.07 0.063 0.07 0.07 0.057 0.071 0.073 0.057 0.059 0.065 0.064 0.078 0.063 0.065 0.065 0.053 0.062 0.055 0.053 0.051 0.047 0.038 0.036 0.053 0.156 0.153 0.163 0.072 0.068 0.083 0.097 0.171 0.115 0.117 0.159 0.231 0.157 0.133 0.139 0.115 0.119 0.16 0.173 0.187 0.225 0.267 0.299 0.295 0.201 0.176 0.166 0.124 0.108 0.092 0.103 0.112 0.1 0.137 0.181
0.06 0.052 0.065 0.069 0.069 0.071 0.041 0.067 0.076 0.091 0.083 0.109 0.101 0.1 0.073 0.066 0.065 0.058 0.071 0.069 0.071 0.066 0.064 0.073 0.064 0.065 0.068 0.07 0.072 0.072 0.068 0.08 0.079 0.078 0.09 0.088 0.092 0.073 0.069 0.058 0.053 0.048 0.041 0.029 0.062 0.068 0.064 0.087 0.101 0.171 0.131 0.137 0.156 0.147 0.196 0.203 0.146 0.095 0.123 0.168 0.146 0.127 0.162 0.133 0.275 0.348 0.325 0.313 0.211 0.13 0.106 0.093 0.118 0.092 0.148 0.15 0.145
0.069 0.051 0.065 0.084 0.083 0.082 0.072 0.07 0.061 0.07 0.078 0.084 0.081 0.077 0.084 0.087 0.088 0.063 0.066 0.07 0.07 0.07 0.07 0.074 0.068 0.075 0.077 0.078 0.076 0.091 0.116 0.096 0.093 0.097 0.083 0.092 0.105 0.097 0.094 0.094 0.074 0.076 0.058 0.071 0.072 0.081 0.08 0.174 0.135 0.162 0.201 0.21 0.178 0.094 0.167 0.122 0.14 0.121 0.123 0.13 0.152 0.154 0.16 0.179 0.248 0.286 0.354 0.336 0.285 0.19 0.174 0.16 0.159 0.146 0.176 0.184 0.044
0.029 0.07 0.08 0.12 0.121 0.124 0.135 0.122 0.112 0.089 0.084 0.075 0.077 0.065 0.087 0.088 0.071 0.07 0.059 0.062 0.046 0.074 0.076 0.075 0.069 0.067 0.1 0.108 0.097 0.086 0.089 0.089 0.102 0.1 0.088 0.09 0.103 0.118 0.101 0.144 0.142 0.171 0.172 0.139 0.167 0.241 0.201 0.168 0.141 0.153 0.118 0.109 0.158 0.135 0.106 0.118 0.142 0.155 0.173 0.118 0.16 0.159 0.149 0.242 0.274 0.333 0.329 0.354 0.4 0.342 0.303 0.245 0.18 0.129 0.077 0.145 0.259
0.051 0.041 0.033 0.041 0.069 0.038 0.009 0.118 0.145 0.17 0.167 0.147 0.141 0.126 0.142 0.125 0.089 0.079 0.077 0.078 0.082 0.091 0.075 0.072 0.076 0.073 0.084 0.073 0.074 0.093 0.128 0.124 0.125 0.121 0.132 0.123 0.125 0.107 0.112 0.119 0.121 0.132 0.147 0.182 0.202 0.161 0.174 0.184 0.193 0.173 0.113 0.12 0.098 0.107 0.17 0.146 0.188 0.117 0.13 0.126 0.173 0.167 0.139 0.195 0.239 0.326 0.312 0.336 0.297 0.38 0.407 0.3 0.207 0.121 0.245 0.293 0.304
0.06 0.059 0.057 0.044 0.026 0.046 0.037 0.046 0.083 0.119 0.116 0.081 0.067 0.098 0.095 0.091 0.092 0.1 0.112 0.115 0.108 0.103 0.121 0.072 0.139 0.14 0.134 0.112 0.097 0.105 0.09 0.078 0.099 0.151 0.183 0.168 0.154 0.137 0.125 0.126 0.127 0.108 0.094 0.111 0.108 0.095 0.082 0.103 0.121 0.109 0.092 0.132 0.146 0.125 0.175 0.196 0.199 0.175 0.155 0.184 0.19 0.141 0.112 0.137 0.287 0.295 0.361 0.347 0.355 0.266 0.339 0.245 0.216 0.284 0.252 0.196 0.122
0.083 0.082 0.084 0.074 0.054 0.044 0.046 0.066 0.071 0.084 0.064 0.06 -0.006 -0.014 -0.009 0.012 0.002 0.018 0.036 0.118 0.124 0.117 0.114 0.144 0.176 0.153 0.137 0.134 0.142 0.129 0.158 0.117 0.101 0.095 0.093 0.078 0.092 0.152 0.128 0.125 0.128 0.126 0.124 0.095 0.137 0.114 0.122 0.096 0.131 0.116 0.148 0.153 0.187 0.206 0.17 0.221 0.224 0.21 0.159 0.205 0.205 0.189 0.119 0.133 0.292 0.237 0.319 0.35 0.313 0.25 0.294 0.242 0.365 0.406 0.282 0.301 0.265
0.1 0.06 0.1 0.055 0.064 0.071 0.074 0.076 0.073 0.093 0.1 0.093 0.086 0.083 0.068 0.072 0.049 0.049 0.062 0.113 0.115 0.103 0.104 0.116 0.125 0.13 0.116 0.132 0.139 0.123 0.137 0.122 0.12 0.119 0.12 0.101 0.108 0.15 0.163 0.169 0.122 0.142 0.128 0.124 0.109 0.143 0.144 0.135 0.118 0.146 0.17 0.177 0.199 0.209 0.193 0.238 0.189 0.161 0.152 0.145 0.159 0.147 0.132 0.172 0.287 0.309 0.319 0.399 0.322 0.213 0.168 0.24 0.382 0.415 0.407 0.412 0.379
0.157 0.147 0.13 0.129 0.12 0.116 0.112 0.123 0.129 0.067 0.067 0.078 0.094 0.144 0.122 0.088 0.116 0.105 0.149 0.123 0.107 0.102 0.126 0.133 0.194 0.129 0.123 0.147 0.151 0.136 0.143 0.148 0.154 0.146 0.157 0.149 0.21 0.182 0.117 0.129 0.157 0.179 0.161 0.146 0.122 0.094 0.089 0.108 0.196 0.19 0.208 0.182 0.166 0.15 0.147 0.148 0.121 0.153 0.166 0.162 0.139 0.163 0.194 0.273 0.278 0.275 0.348 0.335 0.382 0.291 0.249 0.21 0.232 0.318 0.379 0.402 0.321
0.134 0.12 0.118 0.107 0.084 0.088 0.083 0.087 0.1 0.119 0.157 0.118 0.115 0.137 0.135 0.141 0.139 0.163 0.102 0.119 0.124 0.116 0.124 0.144 0.153 0.16 0.155 0.136 0.12 0.137 0.132 0.142 0.137 0.139 0.131 0.155 0.186 0.161 0.13 0.122 0.141 0.136 0.187 0.17 0.137 0.132 0.126 0.112 0.131 0.134 0.155 0.198 0.197 0.199 -0.3 0.174 0.157 0.194 0.183 0.182 0.189 0.15 0.213 0.278 0.323 0.307 0.339 0.327 0.293 0.304 0.299 0.252 0.243 0.232 0.307 0.331 0.291
0.174 0.166 0.171 0.154 0.163 0.164 0.162 0.16 0.142 0.115 0.101 0.097 0.123 0.121 0.108 0.124 0.132 0.12 0.116 0.154 0.113 0.123 0.116 0.096 0.178 0.189 0.213 0.226 0.198 0.15 0.14 0.147 0.146 0.139 0.146 0.217 0.153 0.163 0.211 0.136 0.141 0.131 0.135 0.15 0.144 0.137 0.151 0.157 0.155 0.144 0.139 0.179 0.224 0.262 0.254 0.266 0.256 0.197 0.171 0.252 0.226 0.251 0.262 0.288 0.326 0.321 0.308 0.362 0.395 0.39 0.375 0.36 0.358 0.382 0.378 0.388 0.386
0.236 0.255 0.267 0.242 0.254 0.247 0.253 0.25 0.232 0.164 0.163 0.145 0.111 0.1 0.114 0.185 0.166 0.142 0.122 0.167 0.264 0.191 0.206 0.185 0.206 0.203 0.181 0.253 0.254 0.17 0.153 0.195 0.175 0.159 0.143 0.124 0.127 0.131 0.14 0.19 0.16 0.146 0.15 0.159 0.158 0.161 0.177 0.154 0.146 0.158 0.155 0.152 0.218 0.227 0.218 0.301 0.317 0.3 0.295 0.257 0.253 0.293 0.293 0.335 0.384 0.397 0.41 0.404 0.405 0.409 0.398 0.392 0.315 0.367 0.44 0.41 0.411
0.125 0.133 0.171 0.185 0.205 0.231 0.222 0.238 0.258 0.267 0.232 0.237 0.191 0.154 0.121 0.143 0.137 0.138 0.127 0.148 0.22 0.24 0.22 0.211 0.175 0.183 0.18 0.2 0.182 0.232 0.206 0.203 0.223 0.225 0.175 0.151 0.134 0.121 0.131 0.18 0.171 0.178 0.159 0.156 0.182 0.186 -0.3 0.19 0.157 0.152 0.162 0.174 0.175 0.213 0.175 0.186 0.209 0.238 0.257 0.212 0.203 0.3 0.278 0.278 0.341 0.368 0.393 0.406 0.402 0.446 0.434 0.357 0.345 0.434 0.427 0.449 0.439
0.111 0.123 0.13 0.106 0.113 0.104 0.09 0.093 0.131 0.227 0.189 0.174 0.144 0.134 0.208 0.199 0.231 0.295 0.277 0.174 0.136 0.163 0.143 0.194 0.185 0.201 0.225 0.155 0.18 0.231 0.243 0.249 0.196 0.166 0.202 0.195 0.189 0.17 0.191 0.264 0.249 0.066 -0.037 0.183 0.179 -0.3 -0.3 -0.3 0.215 0.185 0.186 0.156 0.182 0.226 0.19 0.188 0.218 0.199 0.109 0.174 0.116 0.202 0.283 0.196 0.265 0.264 0.172 0.295 0.395 0.383 0.381 0.407 0.366 0.416 0.409 0.415 0.388
0.221 0.171 0.134 0.125 0.125 0.097 0.094 0.083 0.083 0.193 0.24 0.262 0.25 0.214 0.141 0.188 0.249 0.265 0.283 0.251 0.221 0.185 0.133 0.12 0.257 0.23 0.199 0.178 0.165 0.202 0.246 0.244 0.22 0.229 0.247 0.228 0.231 0.237 0.232 0.234 0.24 0.234 0.215 0.162 0.206 0.167 0.153 0.2 0.202 0.173 0.201 0.203 0.18 0.19 0.212 0.208 0.194 0.194 0.192 0.226 0.2 0.221 0.228 0.287 0.177 0.311 0.341 0.362 0.402 0.407 0.42 0.398 0.44 0.406 0.415 0.472 0.414
0.253 0.272 0.201 0.199 0.168 0.141 0.118 0.09 0.087 0.084 0.1 0.133 0.204 0.221 0.208 0.203 0.202 0.195 0.197 0.253 0.235 0.193 0.23 0.212 0.257 0.248 0.248 0.236 0.205 0.178 0.229 0.256 0.21 0.167 0.26 0.273 0.251 0.259 0.22 0.237 0.232 0.216 0.207 0.202 0.24 0.233 0.218 0.229 0.218 0.226 0.218 0.19 0.167 0.158 0.213 0.21 0.205 0.208 0.181 0.191 0.232 0.208 0.191 0.198 0.092 0.225 0.333 0.37 0.399 0.384 0.376 0.401 0.379 0.42 0.436 0.359 0.388
0.211 0.242 0.284 0.309 0.191 0.219 0.21 0.158 0.126 0.123 0.109 0.161 0.175 0.217 0.289 0.262 0.291 0.313 0.304 0.256 0.275 0.234 0.261 0.286 0.309 0.257 0.232 0.238 0.223 0.184 0.199 0.223 0.235 0.269 0.227 0.245 0.308 0.318 0.262 0.235 0.207 0.188 0.225 0.222 0.226 0.238 0.23 0.242 0.241 0.198 0.176 0.228 0.22 0.157 0.193 0.215 0.206 0.2 0.243 0.209 0.227 0.206 0.166 0.167 0.191 0.323 0.289 0.396 0.425 0.392 0.39 0.418 0.439 0.322 0.441 0.489 0.477
0.188 0.225 0.265 0.278 0.302 0.283 0.263 0.232 0.225 0.157 0.172 0.199 0.22 0.265 0.242 0.261 0.238 0.257 0.31 0.249 0.212 0.262 0.267 0.255 0.265 0.263 0.246 0.269 0.252 0.189 0.171 0.184 0.203 0.206 0.249 0.244 0.251 0.269 0.293 0.244 0.209 0.214 0.252 0.236 0.273 0.274 0.289 0.287 0.294 0.246 0.24 0.222 0.188 0.199 0.207 0.244 0.217 0.269 0.206 0.227 0.271 0.243 0.21 0.177 0.257 0.286 0.29 0.334 0.393 0.416 0.413 0.418 0.387 0.411 0.451 0.444 0.457
0.118 0.113 0.12 0.116 0.184 0.253 0.259 0.272 0.254 0.209 0.2 0.225 0.234 0.271 0.325 0.317 0.204 0.231 0.266 0.263 0.284 0.309 0.269 0.333 0.279 0.275 0.249 0.25 0.269 0.242 0.277 0.231 0.224 0.247 0.299 0.289 0.286 0.295 0.285 0.309 0.264 0.236 0.23 0.254 0.337 0.338 0.321 0.271 0.197 0.191 0.247 0.211 0.233 0.241 0.247 0.163 0.108 0.125 0.144 0.245 0.177 0.241 0.232 0.246 0.252 0.199 0.224 0.208 0.22 0.352 0.341 0.362 0.396 0.397 0.378 0.318 0.394
0.228 0.209 0.172 0.18 0.169 0.15 0.203 0.207 0.204 0.268 0.216 0.225 0.274 0.288 0.312 0.303 0.303 0.269 0.321 0.239 0.2 0.226 0.255 0.309 0.249 0.3 0.262 0.274 0.286 0.257 0.325 0.329 0.282 0.287 0.286 0.276 0.242 0.229 0.26 0.247 0.237 0.22 0.275 0.325 0.265 0.218 0.283 0.309 0.285 0.207 0.229 0.246 0.215 0.243 0.292 0.279 0.231 0.223 0.23 0.213 0.206 0.267 0.283 0.278 0.252 0.173 0.18 0.255 0.283 0.323 0.321 0.377 0.401 0.385 0.4 0.387 0.351
0.15 0.173 0.165 0.158 0.143 0.144 0.123 0.15 0.186 0.259 0.267 0.25 0.275 0.251 0.293 0.296 0.311 0.302 0.308 0.295 0.237 0.181 0.21 0.292 0.291 0.248 0.257 0.298 0.28 0.224 0.231 0.26 0.276 0.316 0.304 0.281 0.252 0.242 0.246 0.264 0.288 0.28 0.286 0.309 0.236 0.207 0.261 0.28 0.286 0.227 0.217 0.235 0.246 0.242 0.282 0.285 0.275 0.313 0.273 0.265 0.284 0.317 0.303 0.284 0.325 0.299 0.268 0.258 0.334 0.355 0.376 0.367 0.367 0.401 0.433 0.432 0.394
0.18 0.193 0.197 0.198 0.232 0.257 0.229 0.258 0.269 0.246 0.295 0.262 0.269 0.305 0.239 0.308 0.36 0.281 0.296 0.315 0.306 0.258 0.167 0.177 0.303 0.368 0.287 0.29 0.301 0.298 0.314 0.285 0.26 0.186 0.359 0.312 0.309 0.298 0.288 0.296 0.3 0.287 0.299 0.295 0.247 0.275 0.241 0.259 0.287 0.266 0.298 0.269 0.292 0.26 0.29 0.287 0.287 0.292 0.284 0.245 0.267 0.317 0.322 0.34 0.329 0.325 0.322 0.316 0.351 0.35 0.386 0.376 0.406 0.426 0.406 0.429 0.414
0.14 0.142 0.139 0.152 0.18 0.18 0.205 0.24 0.295 0.22 0.217 0.25 0.217 0.197 0.265 0.267 0.266 0.305 0.308 0.301 0.326 0.32 0.266 0.154 0.266 0.33 0.353 0.283 0.328 0.227 0.234 0.301 0.328 0.301 0.314 0.32 0.283 0.302 0.286 0.255 0.295 0.316 0.338 0.315 0.276 0.271 0.242 0.268 0.295 0.297 0.298 0.285 0.296 0.285 0.27 0.232 0.255 0.294 0.263 0.282 0.266 0.311 0.336 0.363 0.344 0.341 0.345 0.356 0.384 0.356 0.351 0.356 0.368 0.375 0.387 0.432 0.435
0.228 0.224 0.238 0.281 0.287 0.311 0.272 0.298 0.317 0.19 0.221 0.183 0.13 0.165 0.182 0.263 0.212 0.18 0.18 0.184 0.225 0.277 0.281 0.305 0.366 0.271 0.278 0.293 0.341 0.294 0.313 0.23 0.285 0.269 0.322 0.29 0.319 0.361 0.368 0.374 0.333 0.335 0.369 0.293 0.215 0.233 0.228 0.265 0.276 0.347 0.365 0.33 0.31 0.248 0.307 0.325 0.269 0.3 0.337 0.31 0.35 0.356 0.386 0.368 0.399 0.416 0.389 0.41 0.408 0.427 0.435 0.432 0.35 0.332 0.432 0.436 0.41
0.218 0.255 0.257 0.254 0.271 0.252 0.195 0.218 0.284 0.331 0.336 0.29 0.293 0.265 0.17 0.222 0.177 0.198 0.15 0.232 0.267 0.263 0.284 0.305 0.372 0.385 0.363 0.347 0.321 0.309 0.3 0.29 0.251 0.288 0.258 0.267 0.373 0.368 0.341 0.349 0.373 0.364 0.305 0.256 0.268 0.251 0.198 0.257 0.288 0.286 0.275 0.291 0.289 0.293 0.346 0.323 0.267 0.289 0.297 0.3 0.329 0.357 0.403 0.386 0.398 0.42 0.39 0.414 0.421 0.404 0.422 0.421 0.431 0.408 0.402 0.43 0.42
