data/china_ndvi_max_1989.asc
ncols         710
nrows         510
xllcorner     70
yllcorner     10
cellsize      0.1
NODATA_value  -9999
[rows 204 to 237 of 510, columns 385 to 461 of 710]
0.081 0.125 0.165 0.199 0.213 0.166 0.189 0.203 0.194 0.202 0.194 0.192 0.217 0.233 0.209 0.199 0.202 0.2 0.282 0.281 0.309 0.284 0.321 0.286 0.246 0.296 0.281 0.301 0.31 0.303 0.273 0.258 0.235 0.24 0.256 0.226 0.246 0.341 0.362 0.301 0.294 -0.3 0.237 0.259 0.264 0.256 0.259 0.238 0.244 0.266 0.244 0.293 0.289 0.383 0.278 0.299 0.276 0.261 0.266 0.251 0.257 0.229 0.264 0.286 0.23 0.255 0.241 0.232 0.211 0.252 0.48 0.412 0.472 0.55 0.529 0.434 0.381
0.121 0.136 0.122 0.118 0.107 0.097 0.094 0.092 0.095 0.128 0.18 0.174 0.165 0.196 0.181 0.256 0.269 0.239 0.3 0.329 0.258 0.256 0.274 0.286 0.304 0.248 0.24 0.207 0.235 0.186 0.218 0.256 0.22 0.227 0.212 0.378 0.319 0.271 0.278 0.259 0.268 0.28 0.247 0.253 0.248 0.225 0.217 0.236 0.254 0.259 0.216 0.227 0.26 0.331 0.304 0.342 0.239 0.284 0.339 0.35 0.351 0.259 0.252 0.28 0.278 0.255 0.317 0.36 0.396 0.353 0.265 0.234 0.3 0.262 0.303 0.479 0.519
0.107 0.102 0.101 0.132 0.138 0.123 0.124 0.133 0.141 0.136 0.105 0.136 0.129 0.122 0.123 0.195 0.212 0.186 0.224 0.229 0.215 0.215 0.26 0.224 0.218 0.236 0.232 0.236 0.241 0.267 0.252 0.214 0.207 0.226 0.219 0.322 0.272 0.25 0.263 0.255 0.283 0.274 0.279 0.323 0.253 0.216 0.217 0.223 0.242 0.201 0.291 0.271 0.248 0.275 0.255 0.268 0.263 0.207 0.269 0.254 0.285 0.25 0.235 0.248 0.285 0.32 0.268 0.318 0.29 0.28 0.302 0.221 0.252 0.263 0.356 0.53 0.56
0.119 0.133 0.134 0.137 0.128 0.136 0.148 0.149 0.142 0.156 0.152 0.144 0.134 0.116 0.118 0.163 0.153 0.184 0.181 0.152 0.17 0.187 0.186 0.176 0.178 0.163 0.141 0.185 0.211 0.238 0.203 0.199 0.233 0.244 0.246 0.216 0.24 0.246 0.242 0.287 0.269 0.303 0.314 0.256 0.229 0.225 0.222 0.243 0.216 0.176 0.267 0.247 0.266 0.224 0.202 0.202 0.18 0.212 0.28 0.309 0.222 0.22 0.204 0.237 0.264 0.404 0.399 0.278 0.268 0.265 0.235 0.336 0.392 0.442 0.485 0.421 0.324
0.126 0.134 0.144 0.149 0.124 0.133 0.129 0.124 0.127 0.125 0.147 0.168 0.163 0.142 0.147 0.172 0.177 0.186 0.2 0.195 0.16 0.152 0.12 0.147 0.147 0.174 0.145 0.13 0.17 0.193 0.201 0.213 0.229 0.222 0.215 0.232 0.27 0.307 0.249 0.287 0.284 0.329 0.249 0.23 0.244 0.198 0.191 0.234 0.167 0.21 0.232 0.218 0.24 0.225 0.206 0.237 0.231 0.191 0.189 0.221 0.189 0.209 0.212 0.225 0.222 0.273 0.286 0.331 0.274 0.323 0.422 0.458 0.42 0.487 0.465 0.464 0.379
0.127 0.121 0.125 0.123 0.127 0.139 0.135 0.129 0.136 0.135 0.145 0.147 0.144 0.146 0.154 0.169 0.147 0.181 0.2 0.179 0.189 0.173 0.172 0.187 0.174 0.179 0.181 0.19 0.177 0.165 0.208 0.218 0.216 0.232 0.227 0.25 0.275 0.266 0.257 0.271 0.252 0.245 0.225 0.288 0.269 0.229 0.203 0.218 0.197 0.234 0.231 0.208 0.226 0.21 0.205 0.246 0.245 0.2 0.189 0.215 0.211 0.208 0.208 0.228 0.225 0.268 0.362 0.448 0.444 0.471 0.543 0.563 0.491 0.422 0.431 0.491 0.41
0.173 0.171 0.17 0.162 0.163 0.15 0.168 0.173 0.176 0.194 0.197 0.197 0.197 0.193 0.187 0.174 0.173 0.173 0.189 0.179 0.178 0.171 0.169 0.178 0.174 0.218 0.205 0.208 0.208 0.206 0.212 0.215 0.235 0.237 0.276 0.261 0.247 0.225 0.226 0.238 0.241 0.248 0.274 0.239 0.308 0.264 0.265 0.232 0.204 0.221 0.23 0.227 0.282 0.413 0.419 0.296 0.264 0.265 0.257 0.229 0.272 0.351 0.293 0.247 0.332 0.516 0.548 0.591 0.414 0.48 0.511 0.583 0.495 0.532 0.507 0.485 0.375
0.169 0.179 0.185 0.166 0.175 0.15 0.164 0.159 0.192 0.181 0.196 0.202 0.204 0.185 0.187 0.193 0.209 0.193 0.189 0.18 0.174 0.188 0.185 0.192 0.189 0.216 0.218 0.212 0.198 0.187 0.232 0.228 0.226 0.232 0.265 0.26 0.263 0.253 0.221 0.224 0.238 0.253 0.246 0.251 0.26 0.246 0.214 0.228 0.228 0.252 0.25 0.264 0.256 0.271 0.311 0.258 0.295 0.279 0.277 0.313 0.271 0.246 0.325 0.412 0.457 0.508 0.572 0.493 0.451 0.49 0.52 0.542 0.542 0.493 0.489 0.388 0.329
0.162 0.184 0.173 0.165 0.159 0.197 0.185 0.176 0.209 0.219 0.209 0.2 0.192 0.197 0.225 0.192 0.213 0.188 0.183 0.169 0.195 0.189 0.186 0.191 0.186 0.186 0.201 0.206 0.215 0.187 0.217 0.226 0.237 0.243 0.271 0.268 0.265 0.253 0.239 0.239 0.224 0.234 0.239 0.226 0.244 0.282 0.237 0.253 0.23 0.22 0.262 0.275 0.264 0.34 0.32 0.362 0.294 0.326 0.325 0.322 0.386 0.438 0.469 0.433 0.443 0.514 0.472 0.447 0.458 0.445 0.506 0.511 0.496 0.548 0.514 0.31 0.332
0.165 0.176 0.204 0.207 0.194 0.18 0.189 0.196 0.223 0.203 0.222 0.196 0.191 0.208 0.193 0.199 0.226 0.211 0.193 0.177 0.193 0.237 0.212 0.18 0.186 0.187 0.203 0.217 0.23 0.212 0.213 0.22 0.239 0.277 0.299 0.29 0.256 0.261 0.248 0.225 0.236 0.279 0.278 0.221 0.24 0.236 0.264 0.266 0.255 0.234 0.316 0.274 0.287 0.293 0.325 0.311 0.327 0.372 0.333 0.282 0.414 0.458 0.471 0.441 0.467 0.532 0.518 0.451 0.435 0.517 0.48 0.484 0.431 0.438 0.373 0.401 0.406
0.165 0.172 0.177 0.191 0.201 0.201 0.216 0.218 0.207 0.208 0.232 0.208 0.217 0.228 0.203 0.158 0.183 0.213 0.209 0.199 0.2 0.212 0.206 0.206 0.186 0.193 0.204 0.207 0.209 0.217 0.23 0.233 0.234 0.231 0.289 0.247 0.228 0.263 0.235 0.233 0.244 0.287 0.262 0.218 0.238 0.257 0.23 0.243 0.291 0.282 0.321 0.366 0.383 0.321 0.323 0.365 0.342 0.36 0.322 0.261 0.478 0.494 0.507 0.422 0.346 0.505 0.512 0.475 0.443 0.468 0.483 0.408 0.415 0.354 0.365 0.407 0.399
0.146 0.157 0.163 0.157 0.17 0.206 0.183 0.22 0.181 0.186 0.215 0.207 0.231 0.251 0.246 0.218 0.184 0.199 0.235 0.225 0.204 0.2 0.21 0.208 0.197 0.19 0.198 0.237 0.227 0.217 0.233 0.255 0.255 0.271 0.283 0.305 0.315 0.366 0.305 0.291 0.269 0.231 0.215 0.234 0.236 0.273 0.277 0.263 0.309 0.34 0.306 0.246 0.221 0.26 0.327 0.283 0.286 0.373 0.385 0.422 0.387 0.356 0.295 0.423 0.388 0.465 0.476 0.476 0.452 0.414 0.381 0.46 0.439 0.449 0.462 0.44 0.397
0.157 0.147 0.137 0.149 0.168 0.148 0.168 0.204 0.162 0.202 0.206 0.236 0.221 0.237 0.242 0.227 0.219 0.191 0.216 0.218 0.214 0.216 0.213 0.21 0.21 0.195 0.18 0.214 0.242 0.222 0.233 0.228 0.253 0.255 0.259 0.305 0.295 0.33 0.283 0.251 0.288 0.282 0.247 0.243 0.236 0.379 0.341 0.329 0.328 0.323 0.244 0.218 0.221 0.263 0.253 0.384 0.352 0.426 0.433 0.419 0.438 0.422 0.348 0.407 0.444 0.425 0.432 0.407 0.39 0.368 0.461 0.487 0.458 0.428 0.392 0.424 0.416
0.135 0.118 0.128 0.132 0.138 0.149 0.157 0.161 0.192 0.199 0.214 0.211 0.219 0.231 0.233 0.211 0.228 0.221 0.192 0.209 0.209 0.221 0.226 0.205 0.209 0.213 0.206 0.191 0.222 0.24 0.262 0.241 0.235 0.256 0.255 0.295 0.273 0.351 0.281 0.245 0.293 0.235 0.225 0.231 0.348 0.312 0.285 0.297 0.276 0.233 0.3 0.287 0.315 0.346 0.32 0.37 0.384 0.337 0.357 0.372 0.403 0.429 0.48 0.408 0.427 0.388 0.451 0.495 0.38 0.365 0.467 0.439 0.441 0.424 0.442 0.365 0.39
0.119 0.117 0.118 0.123 0.164 0.156 0.146 0.15 0.188 0.147 0.207 0.193 0.219 0.223 0.224 0.223 0.188 0.204 0.218 0.188 0.194 0.214 0.215 0.215 0.208 0.213 0.219 0.195 0.23 0.228 0.248 0.248 0.257 0.255 0.263 0.262 0.272 0.271 0.253 0.231 0.248 0.367 0.412 0.417 0.284 0.33 0.289 0.303 0.286 0.358 0.459 0.381 0.445 0.452 0.398 0.425 0.358 0.358 0.414 0.382 0.325 0.405 0.388 0.378 0.441 0.486 0.451 0.444 0.358 0.317 0.497 0.485 0.435 0.449 0.391 0.396 0.382
0.139 0.13 0.13 0.131 0.129 0.147 0.152 0.155 0.156 0.163 0.18 0.193 0.197 0.214 0.184 0.213 0.195 0.19 0.2 0.201 0.212 0.225 0.221 0.21 0.203 0.186 0.18 0.206 0.249 0.251 0.238 0.255 0.266 0.255 0.256 0.263 0.273 0.301 0.244 0.282 0.369 0.407 0.422 0.287 0.284 0.365 0.409 0.406 0.357 0.416 0.455 0.474 0.494 0.484 0.515 0.432 0.399 0.402 0.38 0.427 0.459 0.393 0.341 0.391 0.417 0.403 0.398 0.39 0.349 0.348 0.49 0.447 0.431 0.458 0.423 0.382 0.382
0.128 0.143 0.144 0.135 0.117 0.134 0.148 0.164 0.149 0.171 0.192 0.17 0.147 0.147 0.145 0.166 0.187 0.19 0.211 0.194 0.224 0.252 0.239 0.23 0.215 0.193 0.189 0.215 0.248 0.302 0.331 0.298 0.264 0.255 0.365 0.521 0.497 0.335 0.368 0.307 0.472 0.377 0.331 0.317 0.254 0.403 0.38 0.424 0.436 0.384 0.487 0.508 0.455 0.494 0.488 0.434 0.404 0.38 0.324 0.307 0.282 0.292 0.325 0.323 0.392 0.375 0.397 0.422 0.413 0.434 0.316 0.456 0.457 0.431 0.438 0.401 0.357
0.149 0.12 0.15 0.163 0.163 0.168 0.192 0.172 0.136 0.132 0.182 0.189 0.173 0.17 0.158 0.145 0.166 0.177 0.179 0.202 0.206 0.239 0.249 0.228 0.209 0.194 0.182 0.267 0.286 0.342 0.327 0.26 0.259 0.31 0.446 0.463 0.339 0.331 0.327 0.358 0.434 0.364 0.391 0.326 0.325 0.319 0.364 0.344 0.41 0.342 0.502 0.472 0.458 0.479 0.542 0.444 0.431 0.355 0.342 0.302 0.342 0.316 0.293 0.317 0.324 0.456 0.451 0.466 0.468 0.45 0.356 0.441 0.431 0.373 0.388 0.388 0.387
0.157 0.158 0.148 0.153 0.158 0.161 0.179 0.186 0.179 0.184 0.176 0.156 0.149 0.184 0.186 0.149 0.176 0.17 0.192 0.198 0.193 0.209 0.21 0.222 0.206 0.195 0.187 0.237 0.301 0.318 0.285 0.275 0.34 0.432 0.476 0.369 0.337 0.335 0.349 0.387 0.393 0.326 0.312 0.315 0.274 0.276 0.269 0.306 0.292 0.377 0.425 0.465 0.51 0.532 0.549 0.425 0.424 0.381 0.352 0.306 0.344 0.339 0.32 0.36 0.456 0.517 0.507 0.502 0.494 0.435 0.385 0.415 0.402 0.362 0.373 0.361 0.297
0.147 0.144 0.162 0.176 0.194 0.138 0.147 0.183 0.197 0.18 0.145 0.138 0.153 0.165 0.151 0.205 0.139 0.163 0.19 0.177 0.188 0.194 0.193 0.21 0.19 0.187 0.163 0.249 0.345 0.328 0.355 0.417 0.329 0.451 0.465 0.298 0.288 0.353 0.372 0.384 0.382 0.384 0.339 0.29 0.283 0.314 0.257 0.29 0.35 0.342 0.455 0.487 0.505 0.505 0.529 0.469 0.422 0.387 0.336 0.302 0.331 0.35 0.399 0.383 0.339 0.524 0.496 0.514 0.488 0.396 0.418 0.399 0.382 0.357 0.347 0.376 0.362
0.137 0.135 0.151 0.188 0.163 0.183 0.164 0.147 0.185 0.187 0.164 0.145 0.172 0.186 0.177 0.166 0.149 0.16 0.193 0.187 0.208 0.194 0.205 0.203 0.192 0.193 0.184 0.266 0.388 0.353 0.403 0.39 0.358 0.389 0.408 0.279 0.268 0.34 0.345 0.407 0.335 0.35 0.296 0.325 0.315 0.274 0.275 0.356 0.342 0.389 0.487 0.482 0.445 0.433 0.474 0.437 0.415 0.375 0.342 0.346 0.416 0.393 0.374 0.494 0.471 0.451 0.458 0.47 0.498 0.447 0.406 0.404 0.362 0.396 0.389 0.386 0.381
0.168 0.171 0.18 0.166 0.183 0.163 0.193 0.177 0.155 0.166 0.162 0.156 0.216 0.22 0.167 0.192 0.201 0.194 0.191 0.188 0.201 0.203 0.186 0.194 0.212 0.206 0.211 0.23 0.321 0.413 0.363 0.294 0.284 0.267 0.235 0.252 0.368 0.352 0.34 0.383 0.288 0.273 0.294 0.354 0.299 0.443 0.51 0.427 0.447 0.346 0.479 0.408 0.386 0.376 0.365 0.356 0.381 0.369 0.382 0.438 0.499 0.51 0.483 0.424 0.443 0.414 0.48 0.497 0.454 0.496 0.433 0.42 0.433 0.444 0.475 0.408 0.379
0.17 0.165 0.169 0.149 0.185 0.138 0.148 0.178 0.178 0.144 0.197 0.163 0.181 0.206 0.182 0.199 0.193 0.193 0.197 0.19 0.188 0.174 0.187 0.193 0.199 0.214 0.18 0.217 0.418 0.463 0.325 0.273 0.267 0.246 0.235 0.269 0.284 0.362 0.412 0.442 0.322 0.266 0.22 0.343 0.371 0.443 0.418 0.441 0.41 0.337 0.42 0.394 0.429 0.423 0.399 0.389 0.394 0.428 0.393 0.395 0.447 0.497 0.491 0.529 0.474 0.528 0.531 0.535 0.52 0.471 0.439 0.448 0.427 0.414 0.412 0.363 0.389
0.171 0.164 0.176 0.193 0.188 0.156 0.146 0.179 0.16 0.197 0.166 0.156 0.151 0.192 0.206 0.21 0.209 0.206 0.203 0.182 0.155 0.172 0.18 0.19 0.255 0.215 0.202 0.286 0.429 0.586 0.315 0.255 0.269 0.242 0.234 0.341 0.308 0.395 0.419 0.479 0.398 0.312 0.292 0.365 0.432 0.363 0.364 0.456 0.451 0.467 0.468 0.445 0.489 0.459 0.461 0.421 0.427 0.389 0.395 0.522 0.501 0.507 0.515 0.548 0.524 0.488 0.487 0.469 0.453 0.437 0.437 0.45 0.424 0.414 0.379 0.372 0.363
0.196 0.187 0.178 0.228 0.204 0.168 0.148 0.177 0.195 0.174 0.146 0.139 0.155 0.201 0.217 0.213 0.198 0.19 0.18 0.179 0.164 0.177 0.181 0.215 0.524 0.211 0.248 0.429 0.481 0.541 0.441 0.342 0.31 0.306 0.229 0.449 0.468 0.431 0.428 0.499 0.372 0.309 0.225 0.347 0.499 0.347 0.332 0.439 0.452 0.367 0.374 0.374 0.429 0.483 0.442 0.407 0.409 0.439 0.361 0.558 0.306 0.426 0.476 0.542 0.544 0.446 0.452 0.447 0.445 0.44 0.44 0.437 0.42 0.408 0.385 0.385 0.385
0.191 0.206 0.179 0.176 0.184 0.175 0.181 0.164 0.196 0.187 0.194 0.175 0.183 0.219 0.236 0.209 0.202 0.214 0.2 0.191 0.174 0.176 0.197 0.231 0.284 0.251 0.277 0.394 0.549 0.414 0.451 0.316 0.4 0.248 0.207 0.395 0.331 0.375 0.454 0.474 0.269 0.273 0.258 0.281 0.343 0.371 0.421 0.396 0.458 0.365 0.334 0.345 0.351 0.43 0.44 0.401 0.367 0.348 0.366 0.408 0.264 0.411 0.444 0.421 0.461 0.425 0.453 0.461 0.458 0.44 0.398 0.421 0.437 0.458 0.427 0.4 0.382
0.168 0.161 0.201 0.189 0.2 0.174 0.19 0.198 0.193 0.191 0.182 0.185 0.177 0.173 0.179 0.233 0.217 0.221 0.219 0.204 0.193 0.166 0.18 0.202 0.23 0.242 0.249 0.299 0.4 0.603 0.564 0.491 0.492 0.406 0.39 0.342 0.273 0.282 0.372 0.419 0.148 0.225 0.34 0.443 0.369 0.318 0.312 0.285 0.305 0.326 0.296 0.276 0.321 0.397 0.396 0.435 0.437 0.436 0.411 0.382 0.509 0.486 0.497 0.549 0.537 0.464 0.467 0.473 0.424 0.481 0.459 0.452 0.424 0.447 0.425 0.389 0.386
0.16 0.19 0.197 0.197 0.191 0.191 0.196 0.2 0.18 0.188 0.191 0.197 0.192 0.196 0.207 0.216 0.236 0.217 0.218 0.231 0.2 0.172 0.158 0.194 0.213 0.216 0.225 0.264 0.436 0.601 0.548 0.613 0.569 0.571 0.508 0.414 0.359 0.321 0.486 0.48 0.24 0.242 0.296 0.289 0.301 0.306 0.299 0.311 0.294 0.374 0.364 0.293 0.317 0.349 0.347 0.41 0.429 0.457 0.39 0.375 0.508 0.526 0.54 0.537 0.536 0.453 0.467 0.443 0.455 0.479 0.466 0.449 0.429 0.4 0.379 0.464 0.385
0.148 0.151 0.179 0.182 0.156 0.161 0.195 0.195 0.187 0.185 0.195 0.205 0.205 0.213 0.208 0.209 0.203 0.221 0.208 0.217 0.21 0.199 0.176 0.198 0.214 0.229 0.234 0.261 0.388 0.455 0.614 0.563 0.547 0.522 0.594 0.434 0.399 0.418 0.357 0.394 0.334 0.328 0.283 0.259 0.251 0.304 0.302 0.292 0.296 0.35 0.423 0.366 0.324 0.375 0.371 0.416 0.537 0.477 0.402 0.379 0.51 0.547 0.547 0.54 0.525 0.489 0.483 0.463 0.432 0.444 0.44 0.408 0.329 0.393 0.361 0.394 0.393
0.231 0.184 0.167 0.209 0.238 0.183 0.162 0.178 0.188 0.183 0.189 0.2 0.213 0.22 0.213 0.21 0.206 0.215 0.21 0.231 0.229 0.211 0.22 0.202 0.209 0.264 0.259 0.267 0.312 0.478 0.592 0.58 0.61 0.51 0.621 0.422 0.357 0.288 0.327 0.265 0.342 0.357 0.348 0.308 0.291 0.308 0.328 0.325 0.32 0.315 0.46 0.392 0.301 0.389 0.353 0.452 0.573 0.444 0.416 0.412 0.507 0.506 0.528 0.509 0.52 0.471 0.484 0.444 0.435 0.435 0.347 0.291 0.414 0.396 0.397 0.407 0.407
0.211 0.228 0.197 0.189 0.181 0.183 0.185 0.188 0.189 0.195 0.192 0.216 0.21 0.211 0.211 0.202 0.208 0.211 0.217 0.221 0.217 0.222 0.22 0.206 0.216 0.302 0.216 0.229 0.31 0.427 0.505 0.566 0.612 0.62 0.588 0.35 0.334 0.32 0.328 0.339 0.345 0.354 0.366 0.326 0.295 0.335 0.403 0.332 0.355 0.376 0.46 0.389 0.372 0.421 0.396 0.544 0.559 0.474 0.39 0.401 0.468 0.515 0.534 0.543 0.55 0.467 0.456 0.445 0.428 0.384 0.36 0.412 0.415 0.413 0.412 0.437 0.421
0.19 0.215 0.189 0.192 0.208 0.216 0.233 0.217 0.217 0.229 0.229 0.236 0.244 0.206 0.206 0.198 0.214 0.228 0.222 0.256 0.239 0.187 0.22 0.242 0.245 0.211 0.217 0.198 0.542 0.612 0.531 0.556 0.446 0.353 0.295 0.397 0.377 0.457 0.323 0.348 0.344 0.333 0.301 0.312 0.403 0.504 0.369 0.436 0.526 0.564 0.442 0.355 0.394 0.456 0.434 0.552 0.573 0.484 0.426 0.352 0.418 0.411 0.377 0.489 0.469 0.429 0.396 0.356 0.384 0.365 0.406 0.393 0.422 0.414 0.405 0.443 0.428
0.197 0.195 0.182 0.189 0.225 0.223 0.223 0.221 0.218 0.222 0.223 0.224 0.244 0.224 0.207 0.217 0.233 0.246 0.226 0.228 0.212 0.208 0.208 0.242 0.244 0.253 0.323 0.443 0.457 0.509 0.451 0.359 0.287 0.318 0.353 0.375 0.381 0.348 0.357 0.359 0.305 0.373 0.388 0.395 0.432 0.421 0.428 0.414 0.492 0.561 0.405 0.429 0.542 0.495 0.431 0.484 0.471 0.489 0.375 0.37 0.47 0.489 0.483 0.503 0.439 0.39 0.399 0.372 0.373 0.392 0.382 0.419 0.41 0.366 0.402 0.389 0.399
0.218 0.216 0.224 0.23 0.224 0.241 0.247 0.237 0.253 0.231 0.238 0.228 0.236 0.248 0.247 0.241 0.237 0.234 0.227 0.217 0.201 0.21 0.229 0.234 0.249 0.292 0.567 0.557 0.552 0.522 0.326 0.292 0.281 0.333 0.344 0.345 0.329 0.282 0.321 0.268 0.345 0.448 0.482 0.439 0.387 0.369 0.45 0.367 0.412 0.415 0.548 0.591 0.458 0.477 0.508 0.459 0.436 0.399 0.399 0.381 0.467 0.503 0.509 0.512 0.433 0.345 0.376 0.403 0.376 0.376 0.394 0.383 0.348 0.39 0.425 0.386 0.379
