data/china_ndvi_max_1983.asc
ncols         710
nrows         510
xllcorner     70
yllcorner     10
cellsize      0.1
NODATA_value  -9999
[rows 306 to 339 of 510, columns 308 to 384 of 710]
0.641 0.579 0.606 0.626 0.399 0.407 0.452 0.476 0.493 0.332 0.444 0.569 0.599 0.695 0.696 0.697 0.59 0.553 0.601 0.671 0.708 0.742 0.752 0.736 0.678 0.622 0.582 0.575 0.588 0.603 0.532 0.5 0.555 0.616 0.596 0.552 0.593 0.568 0.52 0.545 0.556 0.566 0.566 0.542 0.552 0.535 0.555 0.513 0.505 0.494 0.486 0.464 0.519 0.551 0.578 0.571 0.564 0.501 0.497 0.508 0.618 0.575 0.538 0.507 0.538 0.574 0.524 0.59 0.535 0.542 0.554 0.571 0.459 0.454 0.588 0.627 0.697
0.689 0.658 0.607 0.633 0.633 0.623 0.564 0.44 0.458 0.463 0.354 0.561 0.428 0.563 0.621 0.594 0.287 0.645 0.649 0.72 0.712 0.717 0.735 0.743 0.646 0.599 0.651 0.616 0.598 0.548 0.554 0.507 0.583 0.601 0.597 0.587 0.615 0.558 0.517 0.547 0.562 0.559 0.559 0.546 0.531 0.53 0.534 0.506 0.501 0.487 0.461 0.469 0.522 0.559 0.545 0.573 0.555 0.498 0.504 0.555 0.602 0.565 0.502 0.544 0.605 0.522 0.512 0.561 0.573 0.568 0.559 0.594 0.521 0.579 0.658 0.678 0.724
0.717 0.679 0.618 0.666 0.608 0.558 0.482 0.444 0.419 0.458 0.305 0.503 0.55 0.658 0.663 0.426 0.692 0.72 0.72 0.728 0.678 0.669 0.721 0.667 0.664 0.633 0.665 0.614 0.552 0.549 0.561 0.515 0.571 0.568 0.578 0.591 0.579 0.529 0.404 0.505 0.535 0.544 0.539 0.553 0.547 0.53 0.523 0.529 0.492 0.502 0.491 0.469 0.537 0.558 0.554 0.541 0.539 0.522 0.543 0.636 0.518 0.57 0.553 0.617 0.559 0.532 0.545 0.604 0.573 0.585 0.605 0.525 0.583 0.617 0.642 0.706 0.724
0.559 0.534 0.663 0.651 0.631 0.562 0.406 0.409 0.424 0.458 0.377 0.399 0.567 0.658 0.674 0.553 0.658 0.752 0.754 0.715 0.676 0.657 0.658 0.645 0.652 0.677 0.665 0.556 0.545 0.546 0.51 0.532 0.543 0.565 0.556 0.553 0.552 0.566 0.557 0.544 0.556 0.55 0.537 0.562 0.548 0.535 0.553 0.541 0.523 0.516 0.502 0.517 0.542 0.567 0.536 0.52 0.539 0.558 0.632 0.603 0.525 0.575 0.601 0.557 0.511 0.525 0.573 0.602 0.578 0.6 0.593 0.49 0.648 0.585 0.6 0.716 0.714
0.569 0.686 0.631 0.646 0.516 0.452 0.45 0.511 0.506 0.522 0.294 0.252 0.457 0.675 0.649 0.642 0.705 0.723 0.747 0.716 0.677 0.716 0.671 0.697 0.608 0.579 0.606 0.592 0.605 0.582 0.571 0.593 0.597 0.583 0.594 0.584 0.599 0.555 0.584 0.565 0.561 0.578 0.551 0.54 0.573 0.593 0.596 0.567 0.557 0.561 0.518 0.515 0.515 0.532 0.533 0.6 0.561 0.577 0.601 0.588 0.567 0.539 0.549 0.545 0.571 0.61 0.656 0.511 0.569 0.473 0.558 0.672 0.593 0.636 0.688 0.696 0.668
0.4 0.606 0.692 0.632 0.614 0.434 0.46 0.521 0.503 0.474 0.308 0.239 0.57 0.578 0.655 0.655 0.614 0.74 0.706 0.693 0.645 0.642 0.669 0.641 0.618 0.645 0.657 0.612 0.566 0.593 0.574 0.604 0.565 0.584 0.592 0.578 0.562 0.561 0.568 0.574 0.57 0.553 0.572 0.555 0.58 0.587 0.594 0.574 0.564 0.551 0.542 0.495 0.528 0.525 0.583 0.536 0.601 0.558 0.576 0.572 0.588 0.559 0.499 0.544 0.589 0.596 0.617 0.547 0.573 0.592 0.607 0.603 0.6 0.684 0.68 0.671 0.64
0.437 0.32 0.586 0.652 0.506 0.408 0.557 0.517 0.54 0.408 0.38 0.058 0.675 0.675 0.659 0.722 0.643 0.71 0.658 0.662 0.669 0.67 0.69 0.69 0.649 0.671 0.678 0.565 0.562 0.627 0.616 0.631 0.581 0.584 0.594 0.552 0.604 0.592 0.61 0.565 0.556 0.569 0.566 0.548 0.532 0.552 0.541 0.539 0.541 0.509 0.511 0.542 0.584 0.558 0.573 0.561 0.555 0.514 0.505 0.57 0.578 0.597 0.608 0.549 0.531 0.565 0.473 0.558 0.603 0.651 0.635 0.682 0.66 0.704 0.701 0.662 0.654
0.489 0.578 0.65 0.693 0.29 0.388 0.634 0.598 0.438 0.436 0.377 -0.051 0.603 0.72 0.716 0.69 0.67 0.535 0.575 0.702 0.742 0.719 0.661 0.728 0.63 0.677 0.689 0.563 0.595 0.56 0.594 0.646 0.594 0.605 0.614 0.6 0.664 0.582 0.592 0.542 0.539 0.565 0.527 0.531 0.501 0.528 0.51 0.496 0.492 0.465 0.492 0.515 0.57 0.615 0.529 0.575 0.527 0.456 0.448 0.552 0.521 0.464 0.606 0.615 0.572 0.583 0.557 0.559 0.655 0.651 0.619 0.642 0.694 0.657 0.638 0.63 0.652
0.461 0.429 0.537 0.665 0.532 0.543 0.672 0.49 0.303 0.434 0.502 0.145 0.547 0.7 0.727 0.698 0.749 0.592 0.591 0.647 0.684 0.679 0.708 0.71 0.684 0.679 0.678 0.586 0.597 0.526 0.539 0.61 0.624 0.632 0.582 0.63 0.67 0.6 0.547 0.546 0.578 0.576 0.508 0.547 0.546 0.558 0.538 0.521 0.517 0.507 0.517 0.575 0.604 0.576 0.546 0.57 0.519 0.32 0.544 0.503 0.543 0.524 0.594 0.619 0.609 0.619 0.626 0.633 0.671 0.649 0.687 0.673 0.635 0.633 0.621 0.637 0.613
0.588 0.677 0.568 0.614 0.594 0.52 0.458 0.439 0.369 0.25 0.29 0.591 0.692 0.706 0.678 0.736 0.753 0.706 0.513 0.573 0.669 0.658 0.638 0.705 0.677 0.576 0.659 0.611 0.643 0.631 0.535 0.592 0.545 0.582 0.586 0.535 0.556 0.585 0.591 0.568 0.513 0.589 0.541 0.541 0.521 0.504 0.508 0.519 0.524 0.538 0.603 0.547 0.539 0.552 0.57 0.544 0.552 0.502 0.542 0.562 0.558 0.577 0.595 0.598 0.603 0.6 0.619 0.592 0.587 0.589 0.636 0.619 0.594 0.605 0.61 0.627 0.578
0.615 0.56 0.641 0.614 0.336 0.348 0.301 0.428 0.325 0.218 0.421 0.256 0.529 0.577 0.707 0.691 0.761 0.638 0.552 0.573 0.673 0.656 0.668 0.602 0.662 0.585 0.592 0.644 0.618 0.628 0.623 0.506 0.593 0.584 0.547 0.564 0.55 0.517 0.562 0.564 0.563 0.556 0.557 0.553 0.55 0.515 0.541 0.541 0.535 0.573 0.567 0.526 0.566 0.525 0.539 0.488 0.471 0.603 0.587 0.567 0.61 0.574 0.581 0.605 0.59 0.612 0.634 0.638 0.678 0.625 0.609 0.613 0.617 0.617 0.604 0.626 0.63
0.609 0.56 0.613 0.574 0.346 0.293 0.358 0.537 0.364 0.25 0.409 0.462 0.641 0.69 0.685 0.66 0.679 0.731 0.661 0.631 0.645 0.682 0.65 0.657 0.601 0.649 0.696 0.682 0.618 0.661 0.647 0.596 0.626 0.635 0.597 0.582 0.569 0.545 0.59 0.546 0.547 0.532 0.532 0.565 0.557 0.541 0.533 0.535 0.526 0.495 0.532 0.531 0.55 0.499 0.481 0.552 0.551 0.602 0.607 0.615 0.625 0.621 0.57 0.574 0.622 0.652 0.708 0.72 0.697 0.668 0.656 0.629 0.644 0.614 0.606 0.607 0.613
0.589 0.696 0.703 0.664 0.613 0.353 0.625 0.572 0.348 0.394 0.42 0.305 0.619 0.66 0.661 0.665 0.672 0.676 0.625 0.652 0.675 0.676 0.726 0.696 0.679 0.728 0.747 0.702 0.667 0.637 0.645 0.624 0.574 0.636 0.603 0.617 0.576 0.544 0.512 0.526 0.536 0.541 0.524 0.56 0.562 0.549 0.545 0.559 0.528 0.539 0.541 0.529 0.527 0.436 0.532 0.573 0.577 0.589 0.622 0.63 0.628 0.654 0.559 0.579 0.642 0.61 0.731 0.693 0.637 0.68 0.617 0.631 0.588 0.586 0.64 0.628 0.662
0.604 0.685 0.607 0.677 0.684 0.565 0.568 0.628 0.48 0.272 0.484 0.375 0.68 0.45 0.449 0.708 0.743 0.634 0.641 0.622 0.628 0.782 0.745 0.698 0.727 0.753 0.766 0.707 0.706 0.663 0.71 0.66 0.625 0.591 0.579 0.614 0.616 0.576 0.565 0.529 0.567 0.565 0.554 0.534 0.555 0.529 0.544 0.555 0.543 0.536 0.549 0.518 0.504 0.501 0.562 0.569 0.59 0.578 0.584 0.591 0.609 0.629 0.619 0.698 0.713 0.62 0.612 0.631 0.62 0.651 0.634 0.639 0.596 0.599 0.612 0.623 0.615
0.66 0.712 0.693 0.732 0.677 0.511 0.695 0.646 0.74 0.584 0.571 0.473 0.496 0.633 0.664 0.683 0.703 0.636 0.614 0.602 0.642 0.751 0.704 0.757 0.739 0.744 0.647 0.653 0.712 0.733 0.694 0.684 0.66 0.677 0.669 0.527 0.552 0.566 0.556 0.571 0.551 0.527 0.529 0.529 0.525 0.499 0.468 0.483 0.447 0.45 0.499 0.488 0.579 0.589 0.617 0.624 0.597 0.684 0.606 0.585 0.58 0.604 0.71 0.584 0.704 0.614 0.582 0.626 0.602 0.621 0.595 0.612 0.627 0.6 0.615 0.618 0.615
0.594 0.695 0.65 0.724 0.648 0.693 0.543 0.39 0.663 0.707 0.615 0.601 0.622 0.647 0.677 0.681 0.735 0.637 0.665 0.701 0.704 0.649 0.754 0.699 0.725 0.713 0.716 0.639 0.663 0.71 0.639 0.695 0.672 0.735 0.734 0.603 0.553 0.49 0.462 0.502 0.515 0.509 0.449 0.517 0.496 0.499 0.45 0.542 0.52 0.527 0.53 0.514 0.592 0.629 0.602 0.619 0.587 0.625 0.616 0.571 0.578 0.583 0.622 0.57 0.613 0.628 0.585 0.628 0.634 0.598 0.629 0.608 0.665 0.586 0.617 0.64 0.589
0.595 0.681 0.576 0.667 0.678 0.576 0.497 0.619 0.651 0.706 0.623 0.638 0.595 0.693 0.684 0.705 0.493 0.566 0.574 0.665 0.688 0.664 0.763 0.762 0.72 0.705 0.737 0.652 0.685 0.671 0.644 0.588 0.736 0.678 0.644 0.643 0.607 0.511 0.574 0.586 0.596 0.58 0.547 0.538 0.561 0.58 0.591 0.569 0.588 0.539 0.596 0.604 0.631 0.648 0.661 0.686 0.701 0.611 0.624 0.605 0.621 0.608 0.59 0.611 0.593 0.584 0.573 0.622 0.603 0.597 0.562 0.594 0.576 0.643 0.626 0.579 0.588
0.528 0.718 0.524 0.689 0.667 0.601 0.507 0.494 0.64 0.655 0.679 0.662 0.664 0.705 0.68 0.668 0.534 0.644 0.532 0.671 0.589 0.65 0.658 0.569 0.595 0.628 0.717 0.728 0.706 0.675 0.665 0.601 0.626 0.572 0.605 0.594 0.576 0.596 0.577 0.639 0.58 0.595 0.612 0.576 0.643 0.627 0.62 0.627 0.65 0.569 0.687 0.686 0.609 0.693 0.7 0.707 0.73 0.666 0.648 0.582 0.592 0.623 0.695 0.674 0.635 0.639 0.598 0.599 0.598 0.637 0.59 0.614 0.62 0.596 0.541 0.538 0.597
0.544 0.639 0.579 0.692 0.673 0.687 0.35 0.605 0.468 0.671 0.674 0.713 0.678 0.609 0.647 0.63 0.614 0.635 0.582 0.594 0.533 0.654 0.608 0.515 0.593 0.682 0.705 0.718 0.694 0.685 0.655 0.712 0.714 0.73 0.723 0.617 0.593 0.595 0.604 0.576 0.594 0.614 0.59 0.619 0.608 0.614 0.595 0.6 0.618 0.582 0.643 0.635 0.628 0.607 0.711 0.81 0.804 0.661 0.633 0.609 0.608 0.61 0.674 0.618 0.585 0.603 0.63 0.617 0.625 0.612 0.583 0.62 0.641 0.584 0.563 0.522 0.566
0.654 0.691 0.539 0.594 0.7 0.592 0.718 0.628 0.641 0.572 0.613 0.675 0.705 0.76 0.651 0.626 0.658 0.615 0.58 0.57 0.573 0.549 0.516 0.474 0.549 0.681 0.749 0.744 0.732 0.705 0.652 0.62 0.777 0.733 0.701 0.621 0.647 0.595 0.603 0.614 0.606 0.592 0.586 0.567 0.56 0.556 0.535 0.594 0.581 0.603 0.667 0.678 0.722 0.675 0.706 0.66 0.635 0.659 0.653 0.659 0.62 0.587 0.636 0.584 0.631 0.686 0.608 0.64 0.644 0.651 0.639 0.637 0.593 0.574 0.567 0.537 0.574
0.67 0.626 0.583 0.574 0.647 0.643 0.534 0.652 0.613 0.621 0.643 0.703 0.716 0.656 0.591 0.649 0.609 0.618 0.558 0.569 0.543 0.538 0.538 0.502 0.589 0.651 0.71 0.692 0.566 0.603 0.624 0.595 0.728 0.674 0.625 0.62 0.623 0.579 0.587 0.61 0.608 0.646 0.636 0.594 0.568 0.591 0.541 0.609 0.638 0.703 0.692 0.68 0.627 0.607 0.605 0.657 0.663 0.657 0.625 0.678 0.681 0.637 0.596 0.605 0.664 0.603 0.601 0.611 0.625 0.647 0.634 0.617 0.577 0.559 0.569 0.552 0.592
0.625 0.603 0.665 0.628 0.587 0.598 0.621 0.645 0.617 0.634 0.66 0.675 0.634 0.548 0.508 0.64 0.616 0.568 0.547 0.55 0.53 0.543 0.5 0.537 0.512 0.605 0.737 0.574 0.605 0.544 0.623 0.665 0.689 0.617 0.602 0.645 0.644 0.589 0.646 0.595 0.606 0.683 0.64 0.623 0.579 0.543 0.56 0.633 0.68 0.671 0.733 0.723 0.583 0.553 0.574 0.593 0.573 0.59 0.619 0.645 0.62 0.666 0.629 0.682 0.665 0.638 0.605 0.633 0.684 0.643 0.624 0.626 0.591 0.574 0.608 0.553 0.608
0.628 0.589 0.696 0.659 0.622 0.624 0.657 0.568 0.658 0.667 0.659 0.697 0.703 0.564 0.535 0.6 0.622 0.511 0.548 0.541 0.554 0.567 0.521 0.47 0.538 0.661 0.69 0.607 0.649 0.727 0.666 0.697 0.692 0.634 0.611 0.638 0.656 0.557 0.583 0.594 0.59 0.646 0.634 0.547 0.582 0.595 0.553 0.57 0.566 0.646 0.737 0.75 0.58 0.607 0.549 0.548 0.567 0.613 0.616 0.645 0.581 0.622 0.666 0.687 0.615 0.626 0.629 0.619 0.633 0.641 0.626 0.626 0.6 0.626 0.609 0.559 0.591
0.656 0.66 0.591 0.627 0.66 0.648 0.682 0.523 0.65 0.626 0.674 0.65 0.616 0.537 0.512 0.643 0.625 0.53 0.554 0.53 0.545 0.541 0.493 0.543 0.579 0.575 0.591 0.571 0.58 0.636 0.666 0.621 0.672 0.656 0.621 0.634 0.675 0.573 0.567 0.567 0.589 0.59 0.609 0.618 0.605 0.616 0.564 0.589 0.643 0.619 0.593 0.581 0.565 0.566 0.581 0.542 0.558 0.561 0.607 0.625 0.647 0.663 0.623 0.677 0.636 0.622 0.652 0.651 0.656 0.62 0.628 0.586 0.613 0.61 0.588 0.589 0.579
0.616 0.601 0.642 0.536 0.624 0.543 0.579 0.592 0.635 0.645 0.686 0.686 0.645 0.562 0.506 0.491 0.647 0.615 0.59 0.58 0.528 0.519 0.508 0.572 0.62 0.583 0.587 0.593 0.64 0.699 0.646 0.617 0.674 0.727 0.656 0.629 0.614 0.557 0.596 0.642 0.629 0.599 0.642 0.632 0.636 0.597 0.602 0.593 0.58 0.603 0.614 0.596 0.609 0.588 0.629 0.619 0.574 0.61 0.595 0.613 0.621 0.671 0.646 0.675 0.623 0.623 0.681 0.63 0.622 0.623 0.6 0.589 0.566 0.542 0.592 0.544 0.622
0.606 0.652 0.678 0.651 0.561 0.543 0.589 0.621 0.694 0.685 0.669 0.667 0.643 0.522 0.537 0.58 0.643 0.596 0.56 0.589 0.538 0.484 0.477 0.494 0.614 0.609 0.588 0.55 0.64 0.645 0.673 0.596 0.611 0.692 0.611 0.687 0.665 0.582 0.588 0.585 0.589 0.582 0.584 0.648 0.605 0.594 0.606 0.589 0.591 0.608 0.633 0.617 0.587 0.608 0.651 0.616 0.576 0.619 0.639 0.628 0.657 0.626 0.628 0.619 0.625 0.624 0.635 0.608 0.616 0.634 0.627 0.627 0.561 0.596 0.571 0.602 0.628
0.527 0.541 0.569 0.605 0.668 0.578 0.582 0.465 0.636 0.659 0.659 0.683 0.562 0.592 0.509 0.632 0.591 0.604 0.513 0.532 0.539 0.482 0.587 0.619 0.621 0.543 0.518 0.511 0.573 0.613 0.55 0.611 0.622 0.632 0.661 0.673 0.659 0.62 0.604 0.578 0.599 0.629 0.61 0.588 0.584 0.568 0.554 0.589 0.602 0.584 0.545 0.579 0.57 0.576 0.567 0.57 0.596 0.613 0.637 0.608 0.615 0.564 0.584 0.595 0.604 0.67 0.614 0.614 0.638 0.652 0.642 0.614 0.583 0.595 0.58 0.619 0.634
0.674 0.587 0.596 0.636 0.614 0.391 0.52 0.44 0.546 0.649 0.618 0.617 0.598 0.604 0.56 0.731 0.627 0.664 0.552 0.519 0.598 0.551 0.612 0.615 0.581 0.544 0.521 0.518 0.509 0.545 0.576 0.662 0.593 0.675 0.624 0.584 0.606 0.667 0.6 0.637 0.609 0.585 0.595 0.553 0.54 0.546 0.595 0.597 0.564 0.579 0.557 0.584 0.577 0.59 0.583 0.598 0.615 0.59 0.574 0.59 0.587 0.545 0.559 0.57 0.619 0.644 0.629 0.63 0.598 0.636 0.646 0.664 0.605 0.591 0.575 0.604 0.634
0.602 0.611 0.594 0.547 0.56 0.521 0.4 0.428 0.501 0.611 0.654 0.693 0.629 0.693 0.578 0.709 0.698 0.634 0.511 0.557 0.574 0.517 0.623 0.608 0.59 0.548 0.476 0.618 0.526 0.464 0.577 0.689 0.59 0.606 0.58 0.586 0.616 0.608 0.605 0.633 0.64 0.642 0.577 0.593 0.575 0.575 0.57 0.583 0.622 0.602 0.573 0.629 0.636 0.639 0.618 0.572 0.593 0.574 0.576 0.54 0.547 0.582 0.595 0.591 0.637 0.661 0.685 0.642 0.65 0.648 0.65 0.667 0.644 0.609 0.589 0.628 0.682
0.541 0.573 0.675 0.562 0.579 0.54 0.527 0.577 0.585 0.623 0.708 0.673 0.717 0.676 0.536 0.666 0.767 0.593 0.583 0.635 0.644 0.581 0.519 0.547 0.587 0.513 0.512 0.491 0.474 0.486 0.43 0.547 0.566 0.545 0.575 0.554 0.596 0.626 0.65 0.628 0.597 0.531 0.596 0.566 0.614 0.592 0.6 0.581 0.589 0.566 0.538 0.66 0.65 0.627 0.598 0.557 0.58 0.555 0.574 0.577 0.595 0.636 0.628 0.655 0.655 0.611 0.591 0.646 0.609 0.625 0.648 0.685 0.695 0.729 0.698 0.674 0.681
0.516 0.563 0.606 0.647 0.546 0.514 0.637 0.645 0.706 0.707 0.695 0.641 0.723 0.719 0.649 0.686 0.716 0.622 0.573 0.726 0.682 0.523 0.579 0.607 0.601 0.545 0.483 0.492 0.474 0.447 0.346 0.428 0.574 0.577 0.564 0.576 0.574 0.635 0.568 0.605 0.564 0.579 0.62 0.591 0.567 0.527 0.566 0.532 0.551 0.577 0.593 0.66 0.669 0.618 0.611 0.616 0.611 0.604 0.553 0.561 0.588 0.616 0.611 0.597 0.63 0.626 0.648 0.63 0.645 0.64 0.628 0.663 0.692 0.735 0.683 0.659 0.663
0.559 0.504 0.583 0.541 0.593 0.542 0.673 0.711 0.754 0.752 0.691 0.56 0.706 0.634 0.668 0.672 0.735 0.671 0.552 0.643 0.65 0.581 0.552 0.547 0.611 0.54 0.482 0.44 0.37 0.398 0.436 0.47 0.513 0.543 0.573 0.585 0.604 0.571 0.584 0.588 0.562 0.574 0.572 0.581 0.558 0.566 0.506 0.521 0.608 0.604 0.643 0.646 0.609 0.515 0.618 0.587 0.58 0.58 0.585 0.591 0.607 0.606 0.601 0.57 0.608 0.608 0.615 0.576 0.633 0.65 0.7 0.599 0.703 0.721 0.672 0.678 0.682
0.545 0.472 0.561 0.564 0.574 0.665 0.666 0.734 0.739 0.722 0.7 0.611 0.695 0.628 0.636 0.646 0.702 0.652 0.604 0.587 0.656 0.6 0.5 0.473 0.551 0.55 0.474 0.427 0.456 0.419 0.422 0.49 0.475 0.582 0.546 0.576 0.555 0.619 0.627 0.601 0.619 0.619 0.596 0.589 0.605 0.598 0.622 0.56 0.635 0.583 0.548 0.559 0.564 0.546 0.559 0.575 0.575 0.576 0.682 0.591 0.655 0.592 0.605 0.587 0.649 0.652 0.648 0.598 0.633 0.665 0.627 0.616 0.698 0.646 0.661 0.686 0.654
0.543 0.476 0.6 0.574 0.627 0.656 0.668 0.656 0.691 0.727 0.707 0.699 0.657 0.56 0.571 0.676 0.658 0.689 0.72 0.599 0.56 0.518 0.564 0.441 0.531 0.529 0.469 0.493 0.47 0.444 0.407 0.386 0.522 0.554 0.54 0.514 0.53 0.622 0.622 0.638 0.677 0.68 0.557 0.515 0.554 0.639 0.622 0.554 0.555 0.49 0.508 0.49 0.491 0.519 0.563 0.571 0.568 0.603 0.609 0.585 0.621 0.654 0.619 0.614 0.648 0.623 0.624 0.611 0.693 0.665 0.615 0.65 0.659 0.553 0.604 0.637 0.614
