data/china_ndvi_max_2006.asc
ncols         710
nrows         510
xllcorner     70
yllcorner     10
cellsize      0.1
NODATA_value  -9999
[rows 140 to 174 of 510, columns 539 to 615 of 710]
0.318 0.35 0.348 0.351 0.304 0.23 0.334 0.338 0.365 0.344 0.343 0.314 0.321 0.348 0.354 0.347 0.326 0.381 0.406 0.425 0.387 0.411 0.407 0.398 0.374 0.425 0.42 0.428 0.424 0.419 0.423 0.408 0.403 0.38 0.393 0.394 0.34 0.366 0.391 0.388 0.4 0.443 0.438 0.424 0.5 0.593 0.585 0.603 0.602 0.588 0.613 0.618 0.607 0.626 0.588 0.588 0.566 0.56 0.594 0.502 0.407 0.378 0.367 0.382 0.362 0.358 0.35 0.383 0.388 0.385 0.39 0.416 0.433 0.4 0.404 0.396 0.398
0.325 0.286 0.204 0.251 0.276 0.273 0.324 0.342 0.354 0.357 0.37 0.292 0.133 0.262 0.362 0.355 0.359 0.421 0.396 0.366 0.412 0.407 0.406 0.392 0.399 0.411 0.42 0.425 0.424 0.417 0.416 0.393 0.397 0.402 0.399 0.405 0.377 0.36 0.398 0.46 0.44 0.512 0.489 0.456 0.493 0.538 0.601 0.608 0.603 0.58 0.602 0.592 0.597 0.591 0.591 0.606 0.516 0.499 0.558 0.456 0.394 0.331 0.365 0.361 0.298 0.284 0.354 0.371 0.387 0.402 0.394 0.422 0.418 0.374 0.387 0.389 0.397
0.365 0.2 0.221 0.219 0.264 0.088 0.351 0.358 0.336 0.311 0.297 0.276 0.301 0.306 0.345 0.365 0.408 0.391 0.368 0.415 0.414 0.389 0.384 0.417 0.414 0.417 0.423 0.423 0.406 0.406 0.403 0.393 0.41 0.405 0.414 0.41 0.404 0.426 0.463 0.463 0.507 0.527 0.571 0.583 0.545 0.58 0.602 0.59 0.597 0.587 0.588 0.588 0.578 0.556 0.593 0.608 0.604 0.401 0.467 0.366 0.357 0.403 0.418 0.42 0.424 0.397 0.378 0.381 0.454 0.483 0.527 0.463 0.357 0.395 0.394 0.439 0.421
0.347 0.276 0.256 0.233 0.368 0.376 0.358 0.331 0.325 0.277 0.233 0.241 0.229 0.225 0.273 0.379 0.377 0.336 0.37 0.401 0.399 0.38 0.394 0.424 0.414 0.422 0.405 0.396 0.405 0.414 0.42 0.371 0.42 0.415 0.43 0.443 0.39 0.397 0.509 0.545 0.557 0.548 0.563 0.582 0.602 0.613 0.571 0.565 0.583 0.592 0.602 0.576 0.511 0.547 0.57 0.605 0.586 0.516 0.395 0.368 0.336 0.474 0.45 0.483 0.428 0.451 0.476 0.455 0.548 0.559 0.586 0.522 0.377 0.382 0.491 0.508 0.479
0.39 0.239 0.274 0.244 0.363 0.391 0.349 0.358 0.354 0.313 0.262 0.234 0.201 0.294 0.284 0.285 0.332 0.295 0.397 0.387 0.385 0.375 0.392 0.414 0.41 0.4 0.406 0.424 0.424 0.419 0.415 0.411 0.427 0.437 0.434 0.429 0.518 0.544 0.543 0.551 0.569 0.573 0.588 0.59 0.597 0.606 0.593 0.599 0.599 0.598 0.613 0.605 0.612 0.595 0.575 0.597 0.501 0.403 0.4 0.376 0.377 0.479 0.474 0.48 0.51 0.528 0.538 0.504 0.532 0.558 0.576 0.56 0.458 0.502 0.422 0.442 0.527
0.327 0.363 0.343 0.294 0.302 0.327 0.344 0.354 0.32 0.273 0.272 0.277 0.289 0.299 0.298 0.376 0.224 0.365 0.376 0.365 0.372 0.394 0.401 0.383 0.425 0.401 0.427 0.422 0.403 0.42 0.422 0.413 0.411 0.432 0.435 0.478 0.357 0.458 0.429 0.377 0.358 0.57 0.597 0.598 0.617 0.62 0.542 0.613 0.583 0.581 0.573 0.607 0.613 0.571 0.513 0.432 0.418 0.478 0.406 0.428 0.401 0.419 0.444 0.451 0.423 0.42 0.414 0.396 0.445 0.51 0.527 0.566 0.597 0.601 0.626 0.617 0.507
0.325 0.329 0.275 0.316 0.273 0.293 0.355 0.366 0.343 0.273 0.249 0.295 0.302 0.3 0.376 0.407 0.275 0.375 0.362 0.371 0.374 0.408 0.393 0.394 0.398 0.403 0.413 0.314 0.403 0.424 0.424 0.41 0.415 0.427 0.417 0.462 0.422 0.407 0.416 0.399 0.388 0.577 0.582 0.571 0.596 0.595 0.524 0.56 0.595 0.593 0.601 0.588 0.576 0.548 0.5 0.429 0.354 0.442 0.407 0.423 0.407 0.4 0.418 0.391 0.425 0.417 0.392 0.363 0.359 0.41 0.452 0.547 0.577 0.594 0.595 0.536 0.497
0.425 0.348 0.331 0.3 0.343 0.293 0.322 0.315 0.336 0.323 0.289 0.289 0.319 0.341 0.349 0.379 0.383 0.32 0.346 0.35 0.376 0.406 0.42 0.416 0.394 0.393 0.403 0.404 0.425 0.414 0.427 0.414 0.415 0.416 0.405 0.399 0.51 0.563 0.545 0.416 0.445 0.497 0.525 0.573 0.578 0.602 0.536 0.495 0.521 0.577 0.597 0.565 0.574 0.514 0.432 0.311 0.45 0.397 0.42 0.408 0.448 0.423 0.425 0.405 0.422 0.444 0.381 0.373 0.393 0.417 0.47 0.558 0.588 0.568 0.513 0.516 0.472
0.432 0.359 0.401 0.257 0.278 0.308 0.265 0.232 0.321 0.319 0.287 0.347 0.302 0.31 0.264 0.3 0.401 0.354 0.354 0.343 0.367 0.394 0.412 0.404 0.398 0.399 0.406 0.424 0.425 0.422 0.429 0.43 0.41 0.419 0.409 0.423 0.482 0.612 0.567 0.531 0.429 0.487 0.609 0.589 0.559 0.529 0.581 0.611 0.493 0.484 0.602 0.593 0.526 0.463 0.413 0.428 0.395 0.425 0.436 0.416 0.439 0.407 0.398 0.382 0.384 0.412 0.412 0.462 0.424 0.403 0.406 0.545 0.57 0.523 0.523 0.488 0.456
0.406 0.329 0.342 0.323 0.237 0.219 0.258 0.209 0.304 0.351 0.316 0.291 0.296 0.32 0.404 0.424 0.417 0.406 0.387 0.347 0.317 0.353 0.409 0.407 0.405 0.407 0.4 0.404 0.409 0.415 0.401 0.392 0.407 0.41 0.399 0.393 0.383 0.379 0.415 0.425 0.405 0.429 0.487 0.516 0.477 0.437 0.482 0.481 0.416 0.401 0.484 0.423 0.482 0.403 0.436 0.548 0.421 0.535 0.497 0.478 0.438 0.411 0.404 0.441 0.439 0.42 0.403 0.423 0.395 0.441 0.562 0.549 0.56 0.545 0.472 0.459 0.433
0.393 0.363 0.383 0.342 0.312 0.29 0.247 0.244 0.258 0.221 0.252 0.33 0.371 0.324 0.347 0.405 0.412 0.425 0.406 0.354 0.381 0.411 0.42 0.4 0.398 0.409 0.351 0.368 0.361 0.382 0.407 0.421 0.42 0.416 0.435 0.428 0.417 0.402 0.4 0.396 0.385 0.425 0.429 0.455 0.577 0.547 0.506 0.406 0.391 0.354 0.424 0.496 0.603 0.582 0.567 0.551 0.601 0.601 0.468 0.466 0.562 0.416 0.438 0.572 0.506 0.409 0.461 0.439 0.425 0.407 0.39 0.41 0.409 0.435 0.452 0.494 0.549
0.383 0.354 0.38 0.353 0.244 0.313 0.303 0.299 0.262 0.228 0.315 0.308 0.332 0.369 0.383 0.391 0.427 0.429 0.4 0.421 0.428 0.374 0.376 0.383 0.397 0.409 0.33 0.243 0.225 0.317 0.398 0.414 0.408 0.416 0.441 0.409 0.403 0.422 0.41 0.411 0.415 0.426 0.494 0.532 0.574 0.553 0.457 0.394 0.386 0.393 0.404 0.59 0.581 0.582 0.605 0.574 0.594 0.588 0.47 0.497 0.505 0.394 0.535 0.549 0.584 0.575 0.403 0.466 0.418 0.382 0.343 0.317 0.378 0.42 0.422 0.487 0.456
-0.3 0.328 0.351 0.383 0.374 0.331 0.303 0.309 0.281 0.296 0.33 0.327 0.321 0.399 0.379 0.387 0.395 0.387 0.422 0.424 0.419 0.378 0.362 0.369 0.371 0.367 0.287 0.231 0.25 0.351 0.389 0.419 0.416 0.463 0.471 0.477 0.445 0.51 0.467 0.493 0.448 0.487 0.575 0.599 0.549 0.532 0.413 0.37 0.402 0.453 0.572 0.597 0.621 0.608 0.613 0.606 0.604 0.574 0.506 0.531 0.557 0.424 0.464 0.553 0.598 0.598 0.517 0.506 0.487 0.472 0.504 0.498 0.468 0.484 0.471 0.521 0.45
0.356 0.373 0.347 0.333 0.326 0.366 0.267 0.249 0.297 0.337 0.356 0.347 0.354 0.321 0.305 0.285 0.424 0.427 0.417 0.363 0.39 0.373 0.403 0.408 0.413 0.394 0.397 0.311 0.353 0.395 0.417 0.411 0.502 0.543 0.584 0.581 0.441 0.575 0.538 0.501 0.537 0.563 0.575 0.573 0.533 0.522 0.398 0.414 0.425 0.461 0.583 0.612 0.572 0.585 0.583 0.621 0.62 0.513 0.57 0.551 0.587 0.464 0.463 0.548 0.593 0.603 0.519 0.474 0.553 0.57 0.571 0.515 0.581 0.543 0.549 0.554 0.507
0.294 0.269 0.36 0.336 0.296 0.36 0.312 0.287 0.307 0.364 0.353 0.344 0.384 0.374 0.371 0.378 0.383 0.371 0.368 0.374 0.349 0.38 0.417 0.428 0.439 0.427 0.416 0.402 0.401 0.425 0.431 0.39 0.441 0.511 0.573 0.581 0.564 0.601 0.596 0.585 0.575 0.515 0.548 0.534 0.454 0.438 0.413 0.457 0.487 0.411 0.511 0.588 0.573 0.579 0.598 0.613 0.622 0.611 0.582 0.503 0.572 0.558 0.542 0.561 0.583 0.592 0.447 0.434 0.502 0.549 0.559 0.562 0.536 0.513 0.546 0.521 0.544
0.242 0.264 0.246 0.23 0.318 0.394 0.379 0.373 0.36 0.41 0.41 0.36 0.372 0.405 0.371 0.389 0.368 0.377 0.392 0.407 0.404 0.438 0.442 0.445 0.342 0.417 0.449 0.447 0.419 0.423 0.425 0.446 0.554 0.535 0.58 0.519 0.578 0.583 0.589 0.546 0.55 0.396 0.396 0.406 0.405 0.425 0.566 0.605 0.503 0.38 0.546 0.589 0.565 0.599 0.595 0.598 0.579 0.598 0.554 0.5 0.558 0.604 0.578 0.528 0.392 0.397 0.563 0.553 0.44 0.406 0.497 0.47 0.456 0.421 0.45 0.402 0.413
0.227 0.25 0.225 0.129 0.261 0.222 0.364 0.409 0.376 0.397 0.411 0.418 0.383 0.366 0.345 0.348 0.391 0.387 0.388 0.397 0.414 0.428 0.441 0.448 0.421 0.445 0.424 0.437 0.428 0.423 0.424 0.401 0.451 0.518 0.52 0.46 0.526 0.572 0.57 0.49 0.461 0.39 0.423 0.403 0.405 0.551 0.609 0.6 0.54 0.469 0.593 0.555 0.595 0.599 0.601 0.614 0.622 0.655 0.553 0.526 0.595 0.574 0.433 0.43 0.37 0.397 0.453 0.434 0.412 0.394 0.427 0.366 0.36 0.399 0.402 0.44 0.424
0.224 0.236 0.299 0.22 -0.3 -0.3 0.356 0.395 0.371 0.339 0.323 0.419 0.4 0.341 0.302 0.331 0.359 0.363 0.378 0.386 0.403 0.413 0.421 0.408 0.399 0.405 0.419 0.413 0.411 0.408 0.407 0.404 0.445 0.536 0.528 0.469 0.542 0.522 0.543 0.485 0.455 0.381 0.406 0.457 0.454 0.496 0.601 0.588 0.477 0.464 0.55 0.558 0.58 0.557 0.575 0.585 0.621 0.57 0.524 0.589 0.584 0.467 0.436 0.472 0.451 0.431 0.412 0.398 0.436 0.476 0.49 0.446 0.402 0.395 0.431 0.405 0.427
0.292 0.237 0.373 0.315 0.243 0.32 0.366 0.406 0.403 0.262 0.314 0.416 0.406 0.397 0.371 0.364 0.393 0.411 0.397 0.394 0.411 0.42 0.397 0.398 0.413 0.429 0.438 0.447 0.422 0.41 0.408 0.449 0.558 0.52 0.488 0.496 0.569 0.568 0.483 0.426 0.44 0.403 0.436 0.494 0.595 0.556 0.578 0.576 0.477 0.43 0.491 0.58 0.578 0.568 0.566 0.558 0.599 0.534 0.524 0.541 0.577 0.508 0.467 0.529 0.495 0.562 0.456 0.492 0.457 0.513 0.514 0.532 0.424 0.41 0.463 0.563 0.516
0.209 0.318 0.334 0.344 0.315 0.278 0.332 0.361 0.418 0.4 0.401 0.352 0.37 0.385 0.397 0.409 0.409 0.425 0.429 0.423 0.423 0.421 0.427 0.431 0.433 0.423 0.439 0.439 0.451 0.428 0.422 0.405 0.401 0.4 0.41 0.404 0.474 0.484 0.466 0.492 0.452 0.433 0.501 0.524 0.535 0.509 0.51 0.426 0.471 0.572 0.596 0.564 0.584 0.574 0.591 0.59 0.611 0.57 0.515 0.496 0.532 0.494 0.461 0.495 0.49 0.532 0.446 0.465 0.44 0.561 0.548 0.547 0.489 0.481 0.536 0.515 -9999
0.341 0.331 0.357 0.299 0.286 0.313 0.327 0.393 0.386 0.385 0.387 0.379 0.398 0.36 0.36 0.363 0.385 0.422 0.441 0.395 0.429 0.437 0.433 0.442 0.437 0.434 0.424 0.433 0.431 0.4 0.414 0.398 0.412 0.402 0.489 0.436 0.415 0.488 0.517 0.593 0.604 0.512 0.573 0.603 0.533 0.544 0.429 0.431 0.415 0.553 0.597 0.596 0.602 0.615 0.615 0.636 0.544 0.48 0.436 0.401 0.394 0.432 0.502 0.525 0.539 0.514 0.402 0.435 0.455 0.571 0.592 0.63 -9999 -9999 -9999 -9999 -9999
0.337 0.318 0.343 0.366 0.348 0.323 0.37 0.378 0.378 0.371 0.388 0.413 0.408 0.418 0.425 0.442 0.443 0.431 0.418 0.401 0.379 0.406 0.406 0.418 0.43 0.437 0.386 0.425 0.44 0.424 0.42 0.409 0.409 0.413 0.492 0.54 0.44 0.473 0.559 0.558 0.59 0.588 0.584 0.548 0.57 0.564 0.505 0.529 0.541 0.558 0.586 0.57 0.583 0.613 0.622 0.619 0.528 0.458 0.413 0.41 0.406 0.467 0.512 0.536 0.495 0.48 0.426 0.419 0.487 0.59 0.607 0.629 -9999 -9999 -9999 -9999 -9999
0.353 0.296 0.352 0.355 0.305 0.35 0.375 0.386 0.384 0.382 0.388 0.421 0.414 0.435 0.457 0.451 0.446 0.434 0.427 0.426 0.462 0.415 0.414 0.4 0.404 0.426 0.433 0.422 0.428 0.428 0.39 0.424 0.418 0.411 0.436 0.42 0.549 0.523 0.545 0.51 0.537 0.515 0.576 0.564 0.576 0.575 0.588 0.562 0.602 0.597 0.578 0.543 0.596 0.574 0.548 0.543 0.556 0.487 0.41 0.424 0.508 0.551 0.577 0.537 0.492 0.4 0.397 0.411 0.518 0.581 0.622 0.568 -9999 -9999 -9999 -9999 -9999
0.316 0.326 0.347 0.356 0.35 0.373 0.389 0.375 0.394 0.422 0.415 0.393 0.413 0.419 0.455 0.448 0.442 0.454 0.445 0.428 0.454 0.421 0.421 0.411 0.394 0.413 0.438 0.416 0.422 0.415 0.407 0.428 0.482 0.41 0.467 0.497 0.601 0.602 0.549 0.472 0.561 0.503 0.516 0.55 0.585 0.622 0.604 0.597 0.594 0.616 0.547 0.535 0.565 0.481 0.473 0.397 0.469 0.378 0.372 0.502 0.485 0.556 0.527 0.544 0.455 0.439 0.426 0.439 0.461 0.565 0.604 0.57 0.564 -9999 -9999 -9999 -9999
0.292 0.305 0.306 0.306 0.347 0.368 0.407 0.416 0.398 0.381 0.439 0.404 0.424 0.422 0.448 0.447 0.451 0.452 0.378 0.429 0.454 0.44 0.444 0.435 0.421 0.392 0.424 0.45 0.412 0.401 0.426 0.419 0.418 0.407 0.448 0.497 0.472 0.555 0.586 0.517 0.522 0.578 0.579 0.556 0.569 0.631 0.601 0.601 0.616 0.594 0.573 0.445 0.424 0.497 0.469 0.34 0.337 0.255 0.419 0.448 0.442 0.536 0.521 0.456 0.428 0.477 0.493 0.487 0.495 0.535 0.555 0.528 0.534 -9999 -9999 -9999 -9999
0.302 0.357 0.388 0.385 0.387 0.352 0.406 0.389 0.416 0.373 0.401 0.394 0.408 0.422 0.45 0.469 0.459 0.443 0.458 0.42 0.449 0.412 0.429 0.481 0.4 0.408 0.403 0.428 0.421 0.42 0.441 0.522 0.569 0.477 0.558 0.546 0.55 0.51 0.526 0.562 0.602 0.556 0.601 0.591 0.597 0.621 0.591 0.585 0.585 0.524 0.431 0.426 0.409 0.399 0.406 0.419 0.41 0.459 0.541 0.603 0.631 0.629 0.604 0.568 0.524 0.543 0.558 0.554 0.58 0.496 0.487 0.464 0.409 -9999 -9999 -9999 -9999
0.342 0.383 0.4 0.402 0.392 0.38 0.417 0.419 0.406 0.36 0.334 0.411 0.421 0.443 0.461 0.466 0.446 0.458 0.464 0.416 0.44 0.44 0.432 0.444 0.423 0.434 0.414 0.439 0.451 0.424 0.461 0.509 0.556 0.554 0.546 0.507 0.564 0.588 0.577 0.541 0.498 0.562 0.591 0.589 0.613 0.616 0.609 0.604 0.577 0.55 0.47 0.41 0.391 0.397 0.402 0.395 0.388 0.436 0.519 0.61 0.614 0.622 0.61 0.613 0.566 0.546 0.573 0.578 0.569 0.44 0.498 0.48 0.507 0.579 -9999 -9999 -9999
0.27 0.308 0.333 0.405 0.414 0.408 0.417 0.418 0.426 0.403 0.377 0.427 0.425 0.434 0.439 0.451 0.441 0.456 0.45 0.403 0.415 0.432 0.467 0.507 0.466 0.488 0.413 0.47 0.486 0.543 0.538 0.538 0.519 0.488 0.567 0.547 0.562 0.564 0.565 0.544 0.548 0.55 0.593 0.612 0.645 0.657 0.662 0.588 0.57 0.535 0.453 0.403 0.398 0.388 0.382 0.372 0.406 0.486 0.557 0.591 0.625 0.646 0.651 0.555 0.538 0.564 0.628 0.616 0.553 0.535 0.549 0.566 0.547 0.553 -9999 -9999 -9999
0.294 0.316 0.352 0.385 0.415 0.421 0.426 0.418 0.426 0.42 0.394 0.446 0.452 0.441 0.423 0.44 0.443 0.458 0.438 0.386 0.426 0.53 0.552 0.509 0.431 0.415 0.414 0.482 0.496 0.521 0.566 0.573 0.54 0.565 0.523 0.613 0.523 0.584 0.556 0.584 0.573 0.533 0.597 0.621 0.626 0.648 0.609 0.572 0.562 0.569 0.513 0.398 0.377 0.348 0.43 0.419 0.454 0.475 0.542 0.588 0.617 0.641 0.627 0.467 0.559 0.619 0.672 0.62 0.596 0.586 0.592 0.549 0.531 0.572 -9999 -9999 -9999
0.352 0.362 0.396 0.417 0.426 0.428 0.427 0.42 0.43 0.438 0.408 0.44 0.454 0.425 0.418 0.419 0.424 0.458 0.433 0.404 0.447 0.508 0.465 0.442 0.424 0.395 0.4 0.495 0.512 0.509 0.487 0.571 0.576 0.546 0.506 0.538 0.567 0.571 0.562 0.561 0.568 0.566 0.574 0.601 0.614 0.6 0.579 0.555 0.552 0.564 0.549 0.411 0.405 0.412 0.481 0.431 0.523 0.567 0.584 0.585 0.578 0.653 0.609 0.559 0.597 0.63 0.624 0.613 0.589 0.501 0.522 0.452 0.345 0.439 -9999 -9999 -9999
0.369 0.412 0.429 0.427 0.413 0.426 0.454 0.462 0.47 0.455 0.458 0.435 0.414 0.312 0.201 0.179 0.426 0.469 0.482 0.282 0.401 0.406 0.43 0.428 0.43 0.434 0.236 0.364 0.5 0.543 0.558 0.583 0.592 0.536 0.396 0.397 0.47 0.516 0.581 0.588 0.583 0.568 0.578 0.582 0.565 0.563 0.564 0.562 0.562 0.557 0.531 0.574 0.618 0.585 0.572 0.605 0.6 0.641 0.611 0.573 0.542 0.659 0.588 0.577 0.568 0.563 0.612 0.588 0.551 0.528 0.594 0.554 0.474 0.496 -9999 -9999 -9999
0.353 0.412 0.414 0.415 0.433 0.437 0.446 0.46 0.482 0.46 0.46 0.455 0.417 0.333 0.315 0.319 0.441 0.428 0.427 0.289 0.391 0.427 0.415 0.46 0.511 0.577 0.303 0.415 0.515 0.546 0.521 0.567 0.542 0.533 0.403 0.41 0.453 0.523 0.567 0.58 0.571 0.535 0.552 0.517 0.515 0.466 0.488 0.514 0.504 0.442 0.376 0.555 0.597 0.629 0.606 0.592 0.573 0.593 0.588 0.577 0.553 0.621 0.645 0.566 0.424 0.472 0.574 0.578 0.56 0.57 0.563 0.554 0.581 0.565 -9999 -9999 -9999
0.389 0.427 0.433 0.429 0.437 0.421 0.446 0.467 0.452 0.448 0.441 0.431 0.452 0.451 0.434 0.287 0.421 0.432 0.423 0.422 0.41 0.46 0.49 0.509 0.516 0.475 0.47 0.502 0.509 0.505 0.526 0.574 0.589 0.51 0.405 0.397 0.485 0.559 0.551 0.581 0.598 0.561 0.473 0.412 0.441 0.432 0.464 0.489 0.509 0.534 0.548 0.597 0.609 0.62 0.609 0.607 0.517 0.559 0.547 0.556 0.595 0.624 0.626 0.568 0.404 0.509 0.587 0.586 0.589 0.538 0.467 0.552 0.578 0.594 -9999 -9999 -9999
0.421 0.424 0.417 0.424 0.436 0.454 0.472 0.47 0.453 0.445 0.411 0.45 0.429 0.434 0.384 0.221 0.427 0.423 0.427 0.446 0.409 0.514 0.551 0.538 0.517 0.454 0.524 0.601 0.532 0.475 0.531 0.523 0.597 0.441 0.397 0.424 0.488 0.594 0.509 0.573 0.586 0.572 0.518 0.428 0.433 0.444 0.509 0.577 0.589 0.606 0.615 0.625 0.64 0.639 0.625 0.629 0.569 0.494 0.562 0.599 0.62 0.629 0.633 0.628 0.563 0.559 0.574 0.599 0.597 0.529 0.547 0.586 0.625 0.588 -9999 -9999 -9999
0.41 0.419 0.422 0.438 0.46 0.476 0.483 0.471 0.453 0.402 0.421 0.454 0.476 0.48 0.397 0.406 0.432 0.413 0.386 0.413 0.417 0.518 0.485 0.503 0.52 0.527 0.549 0.581 0.519 0.573 0.534 0.575 0.501 0.351 0.485 0.502 0.486 0.59 0.574 0.527 0.554 0.455 0.505 0.493 0.41 0.428 0.494 0.597 0.619 0.618 0.616 0.646 0.635 0.636 0.634 0.62 0.563 0.541 0.529 0.593 0.569 0.639 0.637 0.645 0.622 0.613 0.565 0.548 0.555 0.552 0.62 0.6 0.64 0.625 -9999 -9999 -9999
