data/china_ndvi_max_1987.asc
ncols         710
nrows         510
xllcorner     70
yllcorner     10
cellsize      0.1
NODATA_value  -9999
[rows 136 to 169 of 510, columns 462 to 538 of 710]
-9999 -9999 -9999 -9999 -9999 -9999 -9999 -9999 -9999 -9999 -9999 -9999 -9999 -9999 -9999 -9999 -9999 -9999 -9999 -9999 -9999 -9999 -9999 -9999 -9999 -9999 -9999 -9999 -9999 -9999 -9999 -9999 -9999 -9999 0.38 0.386 0.397 0.383 0.43 0.431 0.418 0.472 0.498 0.474 0.463 0.464 0.506 0.503 0.489 0.436 0.473 0.469 0.419 0.436 0.462 0.472 0.481 0.469 0.446 0.436 0.416 0.418 0.397 0.374 0.441 0.438 0.427 0.379 0.364 0.358 0.356 0.402 0.365 0.355 0.383 0.345 0.317
-9999 -9999 -9999 -9999 -9999 -9999 -9999 -9999 -9999 -9999 -9999 -9999 -9999 -9999 -9999 -9999 -9999 -9999 -9999 -9999 -9999 -9999 -9999 -9999 -9999 -9999 -9999 -9999 -9999 -9999 -9999 -9999 -9999 -9999 -9999 0.382 0.447 0.449 0.445 0.451 0.459 0.508 0.481 0.469 0.462 0.501 0.492 0.496 0.499 0.473 0.466 0.456 0.45 0.415 0.394 0.46 0.501 0.521 0.381 0.392 0.389 0.387 0.406 0.356 0.357 0.354 0.353 0.359 0.375 0.346 0.404 0.418 0.399 0.379 0.262 0.31 0.328
-9999 -9999 -9999 -9999 -9999 -9999 -9999 -9999 -9999 -9999 -9999 -9999 -9999 -9999 -9999 -9999 -9999 -9999 -9999 -9999 -9999 -9999 -9999 -9999 -9999 -9999 -9999 -9999 -9999 -9999 -9999 -9999 -9999 -9999 -9999 -9999 0.429 0.412 0.43 0.479 0.48 0.486 0.481 0.487 0.481 0.501 0.522 0.481 0.444 0.435 0.433 0.435 0.43 0.521 0.441 0.419 0.44 0.414 0.452 0.402 0.448 0.439 0.419 0.404 0.316 0.317 0.336 0.342 0.361 0.383 0.371 0.407 0.373 0.381 0.329 0.373 0.344
-9999 -9999 -9999 -9999 -9999 -9999 -9999 -9999 -9999 -9999 -9999 -9999 -9999 -9999 -9999 -9999 -9999 -9999 -9999 -9999 -9999 -9999 -9999 -9999 -9999 -9999 -9999 -9999 -9999 -9999 -9999 -9999 -9999 -9999 -9999 -9999 0.421 0.423 0.403 0.48 0.481 0.481 0.496 0.497 0.503 0.512 0.504 0.455 0.482 0.489 0.459 0.453 0.452 0.434 0.405 0.399 0.334 0.36 0.458 0.447 0.472 0.421 0.337 0.321 0.345 0.323 0.331 0.377 0.38 0.443 0.407 0.395 0.402 0.358 0.312 0.429 0.364
-9999 -9999 -9999 -9999 -9999 -9999 -9999 -9999 -9999 -9999 -9999 -9999 -9999 -9999 -9999 -9999 -9999 -9999 -9999 -9999 -9999 -9999 -9999 -9999 -9999 -9999 -9999 -9999 -9999 -9999 -9999 -9999 -9999 -9999 -9999 -9999 -9999 -9999 0.442 0.542 0.508 0.491 0.495 0.493 0.507 0.478 0.453 0.45 0.481 0.43 0.43 0.415 0.444 0.476 0.475 0.455 0.39 0.342 0.376 0.342 0.34 0.358 0.342 0.329 0.332 0.299 0.339 0.372 0.352 0.28 0.287 0.383 0.439 0.365 0.382 0.354 0.325
-9999 -9999 -9999 -9999 -9999 -9999 -9999 -9999 -9999 -9999 -9999 -9999 -9999 -9999 -9999 -9999 -9999 -9999 -9999 -9999 -9999 -9999 -9999 -9999 -9999 -9999 -9999 -9999 -9999 -9999 -9999 -9999 -9999 -9999 -9999 -9999 -9999 -9999 0.451 0.464 0.463 0.428 0.468 0.458 0.484 0.483 0.454 0.448 0.45 0.458 0.413 0.391 0.441 0.465 0.449 0.413 0.368 0.376 0.333 0.308 0.307 0.353 0.321 0.316 0.303 0.339 0.351 0.324 0.353 0.32 0.398 0.439 0.408 0.369 0.366 0.278 0.365
-9999 -9999 -9999 -9999 -9999 -9999 -9999 -9999 -9999 -9999 -9999 -9999 -9999 -9999 -9999 -9999 -9999 -9999 -9999 -9999 -9999 0.285 0.269 -9999 -9999 -9999 0.296 0.325 0.348 -9999 -9999 -9999 -9999 -9999 -9999 -9999 -9999 -9999 0.433 0.443 0.449 0.439 0.422 0.46 0.437 0.42 0.415 0.409 0.41 0.414 0.41 0.446 0.392 0.462 0.424 0.392 0.444 0.429 0.376 0.335 0.343 0.33 0.327 0.328 0.312 0.329 0.326 0.295 0.361 0.393 0.381 0.413 0.434 0.439 0.366 0.408 0.345
-9999 -9999 -9999 -9999 -9999 -9999 -9999 -9999 -9999 -9999 -9999 -9999 -9999 -9999 -9999 -9999 -9999 -9999 0.278 0.276 0.273 0.251 0.248 0.265 0.277 0.278 0.293 0.283 0.303 0.3 0.336 0.363 0.347 0.33 0.366 -9999 0.439 0.459 0.421 0.41 0.418 0.413 0.406 0.423 0.407 0.403 0.418 0.432 0.444 0.388 0.359 0.402 0.411 0.409 0.419 0.39 0.421 0.46 0.387 0.359 0.346 0.329 0.301 0.321 0.324 0.314 0.305 0.306 0.365 0.39 0.392 0.428 0.418 0.357 0.364 0.375 0.267
-9999 -9999 -9999 -9999 -9999 -9999 -9999 -9999 -9999 -9999 -9999 -9999 -9999 0.256 0.257 0.231 0.223 0.232 0.254 0.233 0.246 0.222 0.236 0.269 0.276 0.31 0.293 0.303 0.289 0.31 0.336 0.329 0.327 0.35 0.408 0.432 0.413 0.419 0.398 0.399 0.409 0.39 0.405 0.408 0.404 0.415 0.421 0.489 0.413 0.423 0.429 0.389 0.352 0.457 0.409 0.394 0.43 0.394 0.365 0.361 0.345 0.321 0.299 0.323 0.328 0.316 0.316 0.306 0.349 0.367 0.383 0.4 0.388 0.343 0.325 0.356 0.305
-9999 -9999 -9999 -9999 -9999 -9999 -9999 -9999 -9999 -9999 -9999 -9999 0.24 0.226 0.22 0.229 0.212 0.175 0.229 0.237 0.24 0.258 0.259 0.259 0.273 0.285 0.282 0.306 0.343 0.374 0.398 0.355 0.367 0.394 0.406 0.379 0.384 0.387 0.387 0.399 0.403 0.397 0.408 0.384 0.397 0.398 0.473 0.423 0.372 0.361 0.354 0.36 0.376 0.369 0.363 0.355 0.383 0.326 0.314 0.335 0.313 0.335 0.31 0.338 0.315 0.312 0.314 0.295 0.375 0.322 0.373 0.319 0.349 0.287 0.295 0.33 0.337
-9999 -9999 -9999 -9999 -9999 0.189 0.208 0.208 0.224 0.212 0.211 0.231 0.244 0.216 0.21 0.209 0.202 0.214 0.234 0.227 0.273 0.274 0.235 0.24 0.233 0.258 0.283 0.331 0.366 0.344 0.343 0.347 0.37 0.373 0.365 0.361 0.37 0.361 0.385 0.397 0.392 0.38 0.374 0.393 0.419 0.399 0.438 0.373 0.356 0.37 0.369 0.381 0.37 0.424 0.466 0.441 0.353 0.31 0.303 0.319 0.328 0.317 0.322 0.306 0.307 0.318 0.327 0.323 0.271 0.231 0.255 0.35 0.344 0.26 0.278 0.278 0.361
-9999 -9999 -9999 -9999 0.207 0.198 0.203 0.212 0.221 0.206 0.209 0.212 0.228 0.209 0.205 0.217 0.216 0.216 0.238 0.222 0.247 0.218 0.217 0.266 0.353 0.332 0.337 0.319 0.345 0.328 0.34 0.331 0.359 0.357 0.362 0.349 0.373 0.378 0.362 0.362 0.386 0.386 0.377 0.391 0.375 0.387 0.392 0.368 0.418 0.418 0.419 0.37 0.372 0.374 0.37 0.375 0.361 0.336 0.337 0.334 0.328 0.303 0.331 0.321 0.334 0.312 0.314 0.287 0.275 0.268 0.214 0.283 0.312 0.298 0.321 0.367 0.384
-9999 -9999 0.237 0.201 0.213 0.217 0.218 0.206 0.217 0.195 0.206 0.229 0.225 0.218 0.206 0.214 0.215 0.227 0.222 0.184 0.225 0.216 0.246 0.284 0.35 0.367 0.371 0.361 0.343 0.305 0.327 0.301 0.341 0.362 0.365 0.343 0.349 0.373 0.374 0.369 0.357 0.35 0.335 0.369 0.366 0.361 0.368 0.348 0.434 0.45 0.402 0.424 0.377 0.362 0.35 0.335 0.327 0.335 0.33 0.333 0.318 0.318 0.327 0.302 0.303 0.297 0.294 0.309 0.289 0.262 0.237 0.222 0.206 0.265 0.279 0.311 0.394
-9999 0.217 0.242 0.222 0.205 0.223 0.237 0.219 0.199 0.186 0.211 0.23 0.225 0.206 0.203 0.204 0.24 0.257 0.237 0.226 0.271 0.316 0.309 0.281 0.318 0.309 0.333 0.34 0.36 0.327 0.348 0.371 0.35 0.347 0.331 0.355 0.357 0.356 0.323 0.355 0.354 0.359 0.351 0.354 0.354 0.363 0.388 0.387 0.385 0.431 0.416 0.441 0.437 0.407 0.36 0.337 0.332 0.342 0.293 0.334 0.327 0.305 0.289 0.305 0.288 0.268 0.297 0.32 0.267 0.26 0.233 0.24 0.22 0.23 0.271 0.322 0.388
-9999 0.223 0.232 0.216 0.24 0.259 0.238 0.222 0.22 0.203 0.193 0.219 0.223 0.223 0.221 0.217 0.22 0.223 0.228 0.216 0.234 0.279 0.259 0.233 0.263 0.278 0.32 0.305 0.288 0.303 0.296 0.322 0.289 0.355 0.34 0.314 0.331 0.373 0.384 0.399 0.391 0.382 0.365 0.398 0.378 0.384 0.406 0.442 0.403 0.367 0.392 0.41 0.379 0.348 0.337 0.347 0.323 0.317 0.353 0.373 0.344 0.353 0.331 0.263 0.282 0.25 0.301 0.288 0.275 0.325 0.273 0.265 0.292 0.234 0.247 0.291 0.347
-9999 0.217 0.224 0.244 0.254 0.263 0.246 0.229 0.221 0.196 0.189 0.207 0.224 0.216 0.214 0.221 0.21 0.233 0.227 0.23 0.222 0.251 0.224 0.238 0.249 0.245 0.28 0.266 0.297 0.291 0.301 0.306 0.299 0.325 0.323 0.319 0.336 0.396 0.401 0.381 0.36 0.347 0.364 0.37 0.39 0.391 0.401 0.409 0.381 0.425 0.397 0.416 0.395 0.35 0.352 0.371 0.321 0.325 0.306 0.343 0.32 0.333 0.356 0.293 0.276 0.252 0.309 0.315 0.3 0.276 0.267 0.294 0.287 0.266 0.319 0.373 0.366
0.231 0.192 0.199 0.227 0.223 0.234 0.223 0.234 0.227 0.219 0.229 0.226 0.222 0.203 0.196 0.217 0.226 0.219 0.232 0.242 0.242 0.229 0.265 0.258 0.239 0.243 0.231 0.273 0.276 0.299 0.297 0.275 0.287 0.309 0.308 0.367 0.368 0.397 0.377 0.369 0.392 0.363 0.371 0.397 0.382 0.398 0.373 0.432 0.469 0.438 0.372 0.38 0.368 0.343 0.352 0.337 0.318 0.331 0.334 0.343 0.331 0.324 0.361 0.4 0.371 0.349 0.387 0.414 0.321 0.276 0.309 0.327 0.339 0.334 0.353 0.344 0.242
0.209 0.174 0.13 0.23 0.212 0.217 0.222 0.211 0.23 0.236 0.258 0.24 0.226 0.228 0.215 0.234 0.228 0.194 0.234 0.248 0.241 0.275 0.266 0.266 0.282 0.306 0.259 0.267 0.296 0.262 0.263 0.269 0.291 0.298 0.286 0.324 0.337 0.365 0.338 0.36 0.363 0.36 0.417 0.371 0.403 0.46 0.407 0.402 0.41 0.539 0.414 0.403 0.351 0.361 0.344 0.316 0.365 0.328 0.325 0.335 0.304 0.346 0.33 0.385 0.384 0.366 0.303 0.271 0.314 0.314 0.332 0.343 0.305 0.274 0.264 0.26 0.32
0.188 0.171 0.136 0.211 0.216 0.214 0.21 0.207 0.223 0.226 0.219 0.22 0.217 0.296 0.174 0.198 0.194 0.219 0.226 0.207 0.212 0.25 0.243 0.246 0.242 0.23 0.254 0.288 0.255 0.276 0.294 0.28 0.302 0.325 0.303 0.287 0.327 0.369 0.356 0.402 0.412 0.401 0.371 0.337 0.324 0.383 0.365 0.331 0.355 0.416 0.39 0.365 0.364 0.357 0.351 0.35 0.317 0.301 0.311 0.331 0.3 0.325 0.34 0.366 0.382 0.388 0.371 0.405 0.294 0.328 0.325 0.291 0.262 0.294 0.287 0.329 0.312
0.214 0.252 0.276 0.237 0.238 0.237 0.23 0.227 0.202 0.21 0.204 0.163 0.205 0.24 0.257 0.241 0.202 0.198 0.244 0.272 0.26 0.248 0.296 0.245 0.248 0.262 0.247 0.277 0.306 0.288 0.298 0.29 0.271 0.295 0.362 0.362 0.352 0.377 0.334 0.391 0.383 0.419 0.448 0.468 0.423 0.377 0.391 0.47 0.318 0.274 0.309 0.354 0.37 0.319 0.343 0.341 0.317 0.329 0.299 0.269 0.264 0.262 0.225 0.253 0.402 0.408 0.371 0.374 0.312 0.33 0.296 0.29 0.259 0.241 0.215 0.238 0.229
0.198 0.203 0.196 0.188 0.219 0.219 0.237 0.259 0.223 0.213 0.224 0.201 0.193 0.26 0.259 0.25 0.237 0.25 0.257 0.233 0.254 0.273 0.282 0.252 0.251 0.255 0.275 0.268 0.307 0.271 0.289 0.273 0.27 0.305 0.331 0.367 0.376 0.364 0.373 0.396 0.388 0.398 0.46 0.408 0.391 0.389 0.461 0.421 0.345 0.333 0.328 0.319 0.32 0.341 0.321 0.321 0.321 0.314 0.308 0.284 0.259 0.263 0.303 0.316 0.325 0.306 0.268 0.292 0.264 0.226 0.239 0.255 0.266 0.278 0.262 0.229 0.22
0.2 0.186 0.199 0.186 0.191 0.234 0.263 0.234 0.231 0.243 0.245 0.237 0.251 0.278 0.274 0.25 0.245 0.253 0.216 0.284 0.259 0.276 0.254 0.268 0.275 0.3 0.299 0.276 0.304 0.314 0.285 0.267 0.278 0.326 0.388 0.434 0.426 0.359 0.421 0.47 0.414 0.426 0.421 0.375 0.462 0.474 0.482 0.456 0.338 0.345 0.335 0.32 0.294 0.314 0.293 0.287 0.293 0.265 0.276 0.3 0.249 0.28 0.3 0.343 0.344 0.342 0.361 0.312 0.227 0.192 0.233 0.25 0.267 0.265 0.177 0.207 0.202
0.183 0.168 0.195 0.212 0.22 0.235 0.253 0.259 0.244 0.248 0.247 0.252 0.291 0.276 0.291 0.252 0.253 0.247 0.264 0.26 0.256 0.278 0.273 0.272 0.256 0.301 0.308 0.338 0.322 0.287 0.326 0.349 0.364 0.394 0.442 0.492 0.428 0.388 0.431 0.391 0.398 0.433 0.369 0.415 0.458 0.412 0.506 0.472 0.334 0.322 0.361 0.329 0.322 0.331 0.328 0.289 0.29 0.295 0.305 0.29 0.269 0.277 0.293 0.303 0.328 0.343 0.313 0.294 0.246 0.245 0.271 0.247 0.284 0.203 0.234 0.246 0.226
0.18 0.184 0.2 0.211 0.233 0.244 0.261 0.245 0.237 0.252 0.265 0.285 0.264 0.253 0.269 0.268 0.244 0.234 0.223 0.239 0.246 0.265 0.28 0.27 0.28 0.341 0.303 0.326 0.343 0.333 0.3 0.315 0.345 0.474 0.497 0.423 0.44 0.453 0.408 0.425 0.429 0.37 0.38 0.384 0.43 0.424 0.433 0.406 0.368 0.331 0.343 0.365 0.335 0.293 0.292 0.305 0.376 0.309 0.279 0.262 0.257 0.219 0.245 0.253 0.273 0.259 0.249 0.253 0.266 0.283 0.304 0.258 0.234 0.228 0.211 0.207 0.272
0.184 0.215 0.23 0.235 0.242 0.255 0.251 0.257 0.252 0.273 0.279 0.274 0.27 0.264 0.259 0.249 0.244 0.265 0.278 0.272 0.273 0.304 0.308 0.291 0.281 0.271 0.319 0.368 0.374 0.357 0.399 0.475 0.492 0.354 0.339 0.393 0.357 0.361 0.398 0.355 0.377 0.39 0.453 0.428 0.347 0.39 0.348 0.303 0.421 0.351 0.305 0.295 0.295 0.312 0.309 0.318 0.332 0.313 0.346 0.297 0.291 0.304 0.276 0.264 0.238 0.261 0.267 0.27 0.277 0.246 0.258 0.23 0.2 0.281 0.262 0.235 0.326
0.218 0.221 0.212 0.219 0.215 0.237 0.253 0.243 0.243 0.25 0.265 0.278 0.279 0.268 0.259 0.263 0.266 0.269 0.276 0.253 0.28 0.296 0.308 0.273 0.275 0.302 0.324 0.322 0.349 0.426 0.452 0.493 0.479 0.377 0.371 0.346 0.384 0.367 0.358 0.338 0.395 0.416 0.395 0.388 0.342 0.318 0.308 0.344 0.325 0.307 0.31 0.334 0.307 0.285 0.268 0.286 0.291 0.294 0.264 0.282 0.28 0.273 0.29 0.283 0.277 0.277 0.278 0.294 0.245 0.259 0.239 0.222 0.206 0.324 0.233 0.209 0.346
0.23 0.219 0.234 0.227 0.226 0.252 0.251 0.256 0.248 0.26 0.266 0.248 0.263 0.277 0.241 0.25 0.273 0.271 0.312 0.312 0.346 0.327 0.287 0.354 0.361 0.321 0.331 0.375 0.412 0.47 0.488 0.472 0.396 0.444 0.344 0.31 0.374 0.341 0.342 0.334 0.391 0.37 0.373 0.368 0.337 0.322 0.303 0.356 0.369 0.334 0.32 0.289 0.298 0.299 0.261 0.264 0.247 0.241 0.263 0.255 0.268 0.261 0.238 0.255 0.285 0.305 0.306 0.3 0.284 0.294 0.303 0.28 0.243 0.273 0.283 0.31 0.326
0.221 0.219 0.231 0.229 0.255 0.251 0.249 0.254 0.249 0.241 0.24 0.239 0.23 0.264 0.266 0.303 0.331 0.296 0.302 0.332 0.375 0.345 0.336 0.356 0.371 0.342 0.374 0.43 0.468 0.505 0.409 0.462 0.466 0.432 0.384 0.333 0.325 0.353 0.308 0.368 0.4 0.372 0.328 0.326 0.357 0.343 0.349 0.321 0.32 0.355 0.32 0.272 0.284 0.271 0.226 0.239 0.251 0.221 0.229 0.257 0.267 0.265 0.293 0.252 0.234 0.287 0.306 0.303 0.276 0.237 0.251 0.293 0.279 0.294 0.278 0.304 0.285
0.188 0.22 0.235 0.249 0.248 0.252 0.244 0.247 0.248 0.26 0.283 0.263 0.267 0.284 0.267 0.293 0.311 0.311 0.324 0.34 0.378 0.388 0.377 0.328 0.358 0.364 0.359 0.412 0.474 0.399 0.388 0.426 0.513 0.395 0.396 0.362 0.346 0.326 0.331 0.442 0.4 0.343 0.345 0.388 0.326 0.334 0.328 0.323 0.308 0.298 0.268 0.236 0.262 0.277 0.275 0.287 0.293 0.288 0.252 0.243 0.248 0.258 0.291 0.296 0.284 0.273 0.281 0.296 0.263 0.283 0.248 0.272 0.297 0.264 0.299 0.309 0.316
0.237 0.243 0.235 0.223 0.218 0.242 0.253 0.26 0.251 0.258 0.268 0.273 0.265 0.309 0.317 0.302 0.35 0.318 0.333 0.359 0.339 0.406 0.414 0.375 0.378 0.371 0.426 0.426 0.363 0.378 0.389 0.395 0.335 0.457 0.388 0.376 0.419 0.332 0.3 0.315 0.326 0.351 0.363 0.328 0.373 0.318 0.308 0.348 0.272 0.32 0.272 0.319 0.284 0.277 0.284 0.281 0.271 0.281 0.264 0.275 0.269 0.258 0.261 0.266 0.311 0.315 0.315 0.29 0.284 0.235 0.235 0.275 0.26 0.297 0.278 0.282 0.324
0.243 0.259 0.268 0.246 0.235 0.271 0.293 0.292 0.294 0.297 0.259 0.265 0.279 0.288 0.284 0.293 0.302 0.285 0.328 0.312 0.344 0.394 0.466 0.345 0.348 0.377 0.408 0.38 0.36 0.359 0.357 0.347 0.389 0.407 0.394 0.36 0.34 0.33 0.293 0.323 0.315 0.306 0.33 0.323 0.318 0.313 0.296 0.357 0.271 0.269 0.297 0.311 0.309 0.289 0.289 0.283 0.284 0.284 0.285 0.279 0.267 0.267 0.282 0.273 0.273 0.279 0.3 0.32 0.295 0.285 0.259 0.259 0.297 0.301 0.305 0.321 0.28
0.241 0.22 0.216 0.25 0.283 0.293 0.276 0.286 0.286 0.284 0.262 0.237 0.235 0.282 0.282 0.29 0.32 0.311 0.359 0.392 0.412 0.428 0.411 0.314 0.295 0.427 0.491 0.419 0.35 0.376 0.405 0.365 0.332 0.373 0.425 0.394 0.348 0.316 0.317 0.294 0.31 0.298 0.287 0.298 0.315 0.35 0.335 0.309 0.268 0.284 0.296 0.305 0.306 0.287 0.276 0.278 0.299 0.299 0.277 0.271 0.265 0.285 0.29 0.304 0.282 0.287 0.223 0.19 0.267 0.306 0.312 0.29 0.272 0.32 0.339 0.353 0.292
0.22 0.213 0.235 0.265 0.265 0.292 0.278 0.242 0.231 0.274 0.271 0.292 0.304 0.326 0.29 0.305 0.305 0.35 0.419 0.49 0.383 0.337 0.316 0.337 0.329 0.34 0.44 0.463 0.39 0.388 0.377 0.343 0.295 0.382 0.434 0.404 0.327 0.294 0.304 0.305 0.309 0.278 0.274 0.284 0.314 0.323 0.346 0.317 0.354 0.285 0.292 0.318 0.281 0.282 0.282 0.303 0.28 0.257 0.274 0.278 0.308 0.331 0.322 0.312 0.342 0.3 0.306 0.301 0.267 0.299 0.296 0.277 0.238 0.342 0.381 0.363 0.374
0.232 0.234 0.254 0.28 0.293 0.276 0.261 0.248 0.262 0.306 0.315 0.361 0.364 0.362 0.388 0.372 0.341 0.357 0.438 0.432 0.347 0.343 0.292 0.313 0.394 0.321 0.396 0.442 0.401 0.394 0.353 0.337 0.389 0.36 0.402 0.334 0.316 0.326 0.287 0.307 0.299 0.289 0.268 0.29 0.296 0.274 0.336 0.309 0.364 0.309 0.335 0.31 0.287 0.271 0.348 0.315 0.297 0.296 0.353 0.317 0.306 0.304 0.32 0.259 0.264 0.28 0.315 0.357 0.342 0.285 0.318 0.316 0.334 0.284 0.278 0.301 0.342
