data/china_ndvi_max_1995.asc
ncols         710
nrows         510
xllcorner     70
yllcorner     10
cellsize      0.1
NODATA_value  -9999
[rows 102 to 135 of 510, columns 539 to 615 of 710]
0.506 0.485 0.545 0.464 0.438 0.475 0.497 0.481 0.466 0.495 0.493 0.495 0.474 0.463 0.478 0.452 0.492 0.484 0.487 0.466 0.498 0.48 0.468 0.467 0.454 0.482 0.465 0.468 0.471 0.499 0.469 0.491 0.47 0.464 -9999 -9999 -9999 -9999 -9999 -9999 -9999 -9999 -9999 -9999 -9999 -9999 -9999 -9999 -9999 -9999 -9999 -9999 -9999 -9999 -9999 -9999 -9999 -9999 -9999 -9999 -9999 -9999 -9999 -9999 -9999 -9999 -9999 -9999 -9999 -9999 -9999 -9999 -9999 -9999 -9999 -9999 -9999
0.522 0.512 0.529 0.477 0.465 0.467 0.459 0.53 0.463 0.494 0.503 0.503 0.483 0.449 0.459 0.511 0.474 0.451 0.469 0.508 0.512 0.426 0.442 0.488 0.503 0.519 0.485 0.491 0.482 0.459 0.475 0.49 0.497 0.492 0.457 -9999 -9999 -9999 -9999 -9999 -9999 -9999 -9999 -9999 -9999 -9999 -9999 -9999 -9999 -9999 -9999 -9999 -9999 -9999 -9999 -9999 -9999 -9999 -9999 -9999 -9999 -9999 -9999 -9999 -9999 -9999 -9999 -9999 -9999 -9999 -9999 -9999 -9999 -9999 -9999 -9999 -9999
0.456 0.514 0.527 0.48 0.446 0.489 0.474 0.486 0.481 0.458 0.475 0.466 0.475 0.455 0.474 0.477 0.494 0.485 0.473 0.419 0.449 0.459 0.479 0.495 0.492 0.506 0.487 0.487 0.51 0.473 0.455 0.455 0.483 0.481 -9999 -9999 -9999 -9999 -9999 -9999 -9999 -9999 -9999 -9999 -9999 -9999 -9999 -9999 -9999 -9999 -9999 -9999 -9999 -9999 -9999 -9999 -9999 -9999 -9999 -9999 -9999 -9999 -9999 -9999 -9999 -9999 -9999 -9999 -9999 -9999 -9999 -9999 -9999 -9999 -9999 -9999 -9999
0.521 0.485 0.366 0.416 0.446 0.477 0.474 0.516 0.456 0.474 0.425 0.437 0.47 0.446 0.46 0.526 0.494 0.477 0.467 0.47 0.484 0.465 0.464 0.473 0.473 0.509 0.478 0.477 0.502 0.556 0.488 0.461 0.469 0.475 0.442 -9999 -9999 -9999 -9999 -9999 -9999 -9999 -9999 -9999 -9999 -9999 -9999 -9999 -9999 -9999 -9999 -9999 -9999 -9999 -9999 -9999 -9999 -9999 -9999 -9999 -9999 -9999 -9999 -9999 -9999 -9999 -9999 -9999 -9999 -9999 -9999 -9999 -9999 -9999 -9999 -9999 -9999
0.483 0.502 0.461 0.461 0.456 0.473 0.461 0.475 0.468 0.443 0.462 0.451 0.447 0.465 0.468 0.484 0.423 0.452 0.474 0.488 0.492 0.471 0.459 0.463 0.499 0.479 0.46 0.517 0.548 0.55 0.587 0.484 0.486 0.477 0.458 -9999 -9999 -9999 -9999 -9999 -9999 -9999 -9999 -9999 -9999 -9999 -9999 -9999 -9999 -9999 -9999 -9999 -9999 -9999 -9999 -9999 -9999 -9999 -9999 -9999 -9999 -9999 -9999 -9999 -9999 -9999 -9999 -9999 -9999 -9999 -9999 -9999 -9999 -9999 -9999 -9999 -9999
0.533 0.505 0.502 0.463 0.479 0.455 0.449 0.47 0.45 0.446 0.443 0.481 0.48 0.457 0.482 0.467 0.474 0.496 0.479 0.457 0.475 0.48 0.469 0.447 0.459 0.502 0.512 0.542 0.52 0.5 0.518 0.456 0.465 0.492 0.477 0.439 0.311 -9999 -9999 -9999 -9999 -9999 -9999 -9999 -9999 -9999 -9999 -9999 -9999 -9999 -9999 -9999 -9999 -9999 -9999 -9999 -9999 -9999 -9999 -9999 -9999 -9999 -9999 -9999 -9999 -9999 -9999 -9999 -9999 -9999 -9999 -9999 -9999 -9999 -9999 -9999 -9999
0.551 0.537 0.536 0.482 0.457 0.487 0.462 0.459 0.472 0.453 0.434 0.45 0.456 0.482 0.446 0.459 0.48 0.462 0.418 0.399 0.454 0.47 0.471 0.468 0.514 0.544 0.513 0.485 0.484 0.516 0.488 0.453 0.478 0.477 0.469 0.498 0.344 -9999 -9999 -9999 -9999 -9999 -9999 -9999 -9999 -9999 -9999 -9999 -9999 -9999 -9999 -9999 -9999 -9999 -9999 -9999 -9999 -9999 -9999 -9999 -9999 -9999 -9999 -9999 -9999 -9999 -9999 -9999 -9999 -9999 -9999 -9999 -9999 -9999 -9999 -9999 -9999
0.517 0.515 0.507 0.5 0.427 0.451 0.472 0.455 0.456 0.469 0.442 0.449 0.447 0.458 0.445 0.484 0.498 0.435 0.444 0.437 0.47 0.479 0.46 0.499 0.507 0.478 0.495 0.494 0.487 0.474 0.46 0.456 0.468 0.466 0.462 0.399 -9999 -9999 -9999 -9999 -9999 -9999 -9999 -9999 -9999 -9999 -9999 -9999 -9999 -9999 -9999 -9999 -9999 -9999 -9999 -9999 -9999 -9999 -9999 -9999 -9999 -9999 -9999 -9999 -9999 -9999 -9999 -9999 -9999 -9999 -9999 -9999 -9999 -9999 -9999 -9999 -9999
0.52 0.497 0.527 0.478 0.429 0.437 0.402 0.417 0.444 0.431 0.442 0.487 0.441 0.453 0.496 0.489 0.42 0.451 0.45 0.476 0.456 0.492 0.489 0.47 0.439 0.444 0.474 0.504 0.505 0.495 0.541 0.445 0.546 0.496 0.425 0.394 0.359 -9999 -9999 -9999 -9999 -9999 -9999 -9999 -9999 -9999 -9999 -9999 -9999 -9999 -9999 -9999 -9999 -9999 -9999 -9999 -9999 -9999 -9999 -9999 -9999 -9999 -9999 -9999 -9999 -9999 -9999 -9999 -9999 -9999 -9999 -9999 -9999 -9999 -9999 -9999 -9999
0.511 0.499 0.484 0.453 0.486 0.467 0.4 0.432 0.418 0.449 0.434 0.412 0.475 0.457 0.5 0.488 0.433 0.443 0.443 0.457 0.494 0.47 0.49 0.475 0.485 0.488 0.507 0.484 0.482 0.522 0.531 0.504 0.534 0.513 0.482 0.438 0.364 -9999 -9999 -9999 -9999 -9999 -9999 -9999 -9999 -9999 -9999 -9999 -9999 -9999 -9999 -9999 -9999 -9999 -9999 -9999 -9999 -9999 -9999 -9999 -9999 -9999 -9999 -9999 -9999 -9999 -9999 -9999 -9999 -9999 -9999 -9999 -9999 -9999 -9999 -9999 -9999
0.493 0.502 0.468 0.452 0.411 0.39 0.383 0.368 0.415 0.424 0.432 0.468 0.472 0.486 0.504 0.455 0.404 0.408 0.444 0.461 0.45 0.469 0.461 0.451 0.469 0.49 0.5 0.506 0.511 0.503 0.518 0.497 0.488 0.482 0.478 0.474 0.453 0.428 -9999 -9999 -9999 -9999 -9999 -9999 -9999 -9999 -9999 -9999 -9999 -9999 -9999 -9999 -9999 -9999 -9999 -9999 -9999 -9999 -9999 -9999 -9999 -9999 -9999 -9999 -9999 -9999 -9999 -9999 -9999 -9999 -9999 -9999 -9999 -9999 -9999 -9999 -9999
0.477 0.481 0.463 0.445 0.426 0.378 0.391 0.395 0.405 0.439 0.429 0.441 0.398 0.429 0.474 0.438 0.422 0.41 0.428 0.433 0.443 0.45 0.45 0.444 0.448 0.447 0.556 0.526 0.519 0.498 0.534 0.459 0.463 0.465 0.448 0.49 0.488 0.513 0.381 -9999 -9999 -9999 -9999 -9999 -9999 -9999 -9999 -9999 -9999 -9999 -9999 -9999 -9999 -9999 -9999 -9999 -9999 -9999 -9999 -9999 -9999 -9999 -9999 -9999 -9999 -9999 -9999 -9999 -9999 -9999 -9999 -9999 -9999 -9999 -9999 -9999 -9999
0.472 0.462 0.452 0.445 0.427 0.405 0.396 0.41 0.415 0.422 0.431 0.435 0.445 0.421 0.427 0.425 0.435 0.439 0.431 0.454 0.446 0.478 0.459 0.417 0.433 0.455 0.536 0.537 0.506 0.541 0.576 0.487 0.452 0.444 0.431 0.465 0.478 0.485 0.456 0.424 0.41 0.37 0.366 0.366 0.366 0.353 0.402 0.385 0.349 -9999 -9999 -9999 -9999 -9999 -9999 -9999 -9999 -9999 -9999 -9999 -9999 -9999 -9999 -9999 -9999 -9999 -9999 -9999 -9999 -9999 -9999 -9999 -9999 -9999 -9999 -9999 -9999
0.493 0.496 0.469 0.507 0.501 0.426 0.437 0.41 0.434 0.488 0.472 0.418 0.399 0.398 0.377 0.385 0.413 0.41 0.413 0.45 0.449 0.467 0.428 0.461 0.508 0.528 0.487 0.461 0.509 0.513 0.487 0.447 0.433 0.468 0.418 0.43 0.461 0.459 0.451 0.461 0.397 0.405 0.41 0.41 0.414 0.436 0.395 0.393 0.447 0.487 0.454 0.392 -9999 -9999 -9999 0.367 0.4 -9999 -9999 -9999 -9999 -9999 -9999 -9999 -9999 -9999 -9999 -9999 -9999 -9999 -9999 -9999 -9999 -9999 -9999 -9999 -9999
0.487 0.468 0.466 0.452 0.441 0.407 0.414 0.423 0.429 0.455 0.481 0.476 0.414 0.394 0.392 0.415 0.418 0.405 0.417 0.425 0.427 0.436 0.428 0.473 0.505 0.503 0.466 0.499 0.501 0.474 0.46 0.476 0.48 0.464 0.449 0.454 0.461 0.454 0.454 0.446 0.424 0.437 0.416 0.414 0.41 0.407 0.426 0.429 0.472 0.453 0.474 0.473 0.478 0.47 0.495 0.453 0.418 -9999 -9999 -9999 -9999 -9999 -9999 -9999 -9999 -9999 -9999 -9999 -9999 -9999 -9999 -9999 -9999 -9999 -9999 -9999 -9999
0.474 0.462 0.444 0.46 0.423 0.436 0.459 0.425 0.423 0.47 0.437 0.422 0.42 0.342 0.4 0.391 0.455 0.424 0.435 0.444 0.415 0.407 0.4 0.429 0.486 0.473 0.439 0.47 0.458 0.449 0.459 0.429 0.452 0.465 0.481 0.466 0.448 0.428 0.458 0.463 0.485 0.418 0.392 0.428 0.456 0.412 0.481 0.475 0.495 0.455 0.558 0.478 0.494 0.469 0.526 0.52 0.479 0.498 0.422 -9999 -9999 -9999 -9999 -9999 -9999 -9999 -9999 -9999 -9999 -9999 -9999 -9999 -9999 -9999 -9999 -9999 -9999
0.495 0.487 0.447 0.444 0.444 0.454 0.438 0.49 0.473 0.44 0.407 0.402 0.379 0.372 0.441 0.431 0.457 0.422 0.412 0.405 0.403 0.414 0.391 0.395 0.451 0.471 0.474 0.494 0.47 0.438 0.49 0.446 0.419 0.419 0.467 0.46 0.452 0.469 0.501 0.52 0.534 0.4 0.42 0.477 0.431 0.414 0.513 0.523 0.484 0.52 0.444 0.504 0.544 0.527 0.524 0.459 0.492 0.558 0.494 0.395 -9999 -9999 -9999 -9999 -9999 -9999 -9999 -9999 -9999 -9999 -9999 -9999 -9999 -9999 -9999 -9999 -9999
0.459 0.445 0.437 0.43 0.452 0.482 0.456 0.464 0.489 0.42 0.425 0.418 0.408 0.411 0.431 0.415 0.45 0.443 0.453 0.441 0.427 0.423 0.4 0.415 0.466 0.489 0.466 0.479 0.46 0.448 0.473 0.483 0.446 0.435 0.425 0.413 0.546 0.542 0.54 0.568 0.542 0.445 0.474 0.508 0.445 0.533 0.5 0.507 0.475 0.453 0.488 0.479 0.482 0.467 0.47 0.456 0.482 0.482 0.476 0.483 0.403 0.406 -9999 -9999 -9999 -9999 -9999 -9999 -9999 -9999 -9999 -9999 -9999 -9999 -9999 -9999 -9999
0.447 0.399 0.392 0.393 0.422 0.399 0.438 0.478 0.404 0.454 0.43 0.422 0.427 0.413 0.389 0.478 0.447 0.414 0.423 0.436 0.464 0.442 0.443 0.422 0.432 0.431 0.452 0.493 0.474 0.434 0.43 0.46 0.445 0.423 0.45 0.512 0.476 0.483 0.568 0.572 0.575 0.563 0.576 0.575 0.524 0.514 0.469 0.431 0.461 0.441 0.524 0.496 0.534 0.569 0.552 0.516 0.559 0.56 0.579 0.581 0.585 0.374 0.372 -9999 -9999 0.36 -9999 -9999 -9999 -9999 -9999 -9999 -9999 -9999 -9999 -9999 -9999
0.413 0.407 0.418 0.421 0.431 0.423 0.413 0.382 0.397 0.418 0.421 0.411 0.416 0.389 0.397 0.428 0.445 0.463 0.475 0.481 0.471 0.458 0.425 0.455 0.451 0.429 0.45 0.468 0.45 0.448 0.426 0.436 0.449 0.477 0.485 0.496 0.49 0.485 0.584 0.593 0.578 0.538 0.515 0.524 0.514 0.498 0.465 0.505 0.458 0.425 0.453 0.479 0.532 0.611 0.574 0.59 0.618 0.605 0.585 0.605 0.627 0.456 0.443 0.449 0.468 0.486 0.487 0.485 -9999 -9999 -9999 -9999 -9999 -9999 -9999 -9999 -9999
0.435 0.401 0.42 0.403 0.404 0.458 0.399 0.33 0.389 0.386 0.395 0.386 0.377 0.388 0.422 0.468 0.423 0.44 0.478 0.484 0.465 0.465 0.36 0.381 0.477 0.513 0.431 0.418 0.429 0.441 0.421 0.449 0.465 0.502 0.502 0.47 0.527 0.566 0.564 0.65 0.576 0.514 0.502 0.519 0.47 0.484 0.497 0.488 0.466 0.456 0.403 0.446 0.477 0.544 0.596 0.665 0.657 0.655 0.603 0.624 0.674 0.513 0.596 0.528 0.465 0.452 0.433 -9999 -9999 -9999 -9999 -9999 -9999 -9999 -9999 -9999 -9999
0.426 0.413 0.384 0.393 0.404 0.427 0.348 0.375 0.397 0.398 0.386 0.402 0.388 0.389 0.421 0.421 0.41 0.449 0.412 0.41 0.393 0.411 0.378 0.408 0.459 0.478 0.419 0.371 0.424 0.423 0.429 0.558 0.522 0.514 0.527 0.528 0.552 0.549 0.525 0.557 0.525 0.534 0.6 0.528 0.542 0.552 0.486 0.524 0.445 0.435 0.45 0.494 0.606 0.623 0.588 0.588 0.579 0.599 0.64 0.617 0.621 0.571 0.553 0.493 0.439 0.428 0.37 -9999 -9999 -9999 -9999 -9999 -9999 -9999 -9999 -9999 -9999
0.378 0.399 0.379 0.37 0.398 0.404 0.365 0.367 0.403 0.411 0.379 0.395 0.382 0.389 0.379 0.372 0.393 0.41 0.383 0.403 0.385 0.397 0.417 0.396 0.424 0.423 0.437 0.42 0.451 0.433 0.471 0.435 0.473 0.501 0.527 0.495 0.549 0.512 0.51 0.528 0.514 0.58 0.597 0.548 0.509 0.506 0.488 0.484 0.439 0.483 0.612 0.634 0.602 0.658 0.646 0.628 0.553 0.566 0.602 0.615 0.669 0.582 0.536 0.472 0.448 0.41 0.466 0.451 0.508 -9999 -9999 -9999 -9999 -9999 -9999 -9999 -9999
0.398 0.399 0.376 0.389 0.381 0.368 0.327 0.365 0.42 0.399 0.415 0.418 0.43 0.416 0.393 0.405 0.419 0.402 0.412 0.434 0.426 0.418 0.445 0.463 0.428 0.435 0.413 0.453 0.496 0.477 0.442 0.458 0.464 0.445 0.47 0.526 0.547 0.526 0.559 0.567 0.521 0.49 0.532 0.566 0.642 0.598 0.643 0.608 0.622 0.601 0.624 0.68 0.67 0.572 0.676 0.759 0.619 0.57 0.585 0.582 0.611 0.429 0.445 0.434 0.473 0.553 0.55 0.548 0.531 -9999 -9999 -9999 -9999 -9999 -9999 -9999 -9999
0.401 0.34 0.378 0.422 0.42 0.401 0.324 0.397 0.379 0.392 0.404 0.417 0.419 0.419 0.419 0.414 0.402 0.425 0.403 0.439 0.463 0.467 0.473 0.442 0.437 0.427 0.406 0.391 0.393 0.473 0.488 0.489 0.483 0.491 0.457 0.468 0.537 0.556 0.526 0.505 0.489 0.486 0.496 0.51 0.55 0.625 0.607 0.592 0.587 0.658 0.711 0.662 0.632 0.658 0.675 0.625 0.423 0.51 0.577 0.599 0.621 0.499 0.522 0.496 0.506 0.605 0.504 0.525 0.537 0.501 -9999 -9999 -9999 -9999 -9999 -9999 -9999
0.398 0.408 0.444 0.424 0.403 0.414 0.313 0.351 0.392 0.398 0.407 0.402 0.42 0.415 0.402 0.426 0.402 0.425 0.429 0.443 0.45 0.491 0.492 0.452 0.416 0.409 0.382 0.391 0.393 0.415 0.454 0.408 0.458 0.479 0.489 0.439 0.547 0.546 0.511 0.505 0.496 0.504 0.512 0.58 0.589 0.627 0.544 0.549 0.496 0.596 0.647 0.647 0.622 0.632 0.603 0.531 0.584 0.625 0.607 0.621 0.639 0.484 0.495 0.451 0.523 0.646 0.556 0.546 0.511 -9999 -9999 -9999 -9999 -9999 -9999 -9999 -9999
0.369 0.419 0.419 0.422 0.404 0.42 0.381 0.39 0.418 0.411 0.417 0.403 0.424 0.411 0.417 0.413 0.414 0.44 0.428 0.434 0.454 0.466 0.416 0.423 0.412 0.422 0.417 0.409 0.407 0.4 0.423 0.415 0.421 0.418 0.502 0.53 0.523 0.535 0.515 0.51 0.484 0.506 0.52 0.557 0.596 0.59 0.57 0.572 0.472 0.548 0.597 0.696 0.69 0.639 0.588 0.587 0.617 0.649 0.667 0.612 0.62 0.513 0.467 0.512 0.518 0.637 0.624 0.581 -9999 -9999 -9999 -9999 -9999 -9999 -9999 -9999 -9999
0.376 0.37 0.366 0.406 0.371 0.304 0.388 0.381 0.408 0.393 0.379 0.404 0.389 0.395 0.387 0.394 0.426 0.392 0.408 0.395 0.354 0.406 0.407 0.413 0.42 0.411 0.406 0.413 0.394 0.414 0.396 0.446 0.448 0.466 0.497 0.534 0.481 0.539 0.549 0.498 0.524 0.576 0.554 0.624 0.552 0.564 0.587 0.594 0.555 0.596 0.619 0.599 0.592 0.603 0.629 0.668 0.605 0.606 0.596 0.612 0.615 0.552 0.535 0.578 0.603 0.581 0.575 0.579 0.505 -9999 -9999 -9999 -9999 -9999 -9999 -9999 -9999
0.422 0.344 0.379 0.388 0.288 0.348 0.376 0.395 0.393 0.37 0.363 0.387 0.392 0.402 0.344 0.371 0.36 0.388 0.399 0.407 0.41 0.416 0.408 0.409 0.398 0.396 0.485 0.415 0.412 0.41 0.43 0.427 0.444 0.482 0.474 0.464 0.552 0.498 0.504 0.573 0.6 0.501 0.533 0.529 0.588 0.611 0.616 0.628 0.511 0.394 0.404 0.615 0.622 0.665 0.617 0.539 0.612 0.534 0.561 0.566 0.547 0.52 0.568 0.534 0.532 0.557 0.503 0.567 0.596 0.473 -9999 -9999 -9999 -9999 -9999 -9999 -9999
0.415 0.378 0.374 0.363 0.32 0.35 0.428 0.394 0.398 0.373 0.39 0.4 0.371 0.367 0.379 0.355 0.387 0.398 0.405 0.402 0.387 0.407 0.405 0.407 0.411 0.4 0.505 0.436 0.414 0.383 0.387 0.404 0.398 0.452 0.413 0.419 0.51 0.563 0.55 0.592 0.593 0.498 0.558 0.576 0.578 0.576 0.628 0.615 0.538 0.508 0.492 0.47 0.572 0.657 0.543 0.562 0.639 0.586 0.612 0.583 0.588 0.568 0.57 0.5 0.577 0.594 0.573 0.566 0.487 0.509 0.39 -9999 -9999 -9999 -9999 -9999 -9999
0.379 0.363 0.338 0.311 0.353 0.371 0.403 0.43 0.386 0.389 0.388 0.378 0.375 0.372 0.358 0.383 0.39 0.403 0.413 0.389 0.403 0.405 0.393 0.423 0.424 0.426 0.414 0.407 0.399 0.389 0.403 0.412 0.389 0.395 0.44 0.441 0.477 0.499 0.569 0.573 0.477 0.505 0.574 0.601 0.585 0.595 0.592 0.536 0.48 0.484 0.497 0.581 0.588 0.591 0.571 0.682 0.666 0.628 0.627 0.615 0.611 0.604 0.564 0.492 0.566 0.573 0.457 0.44 0.442 0.518 0.406 -9999 -9999 0.332 0.345 0.338 0.343
0.358 0.363 0.324 0.341 0.392 0.372 0.368 0.356 0.422 0.405 0.402 0.371 0.368 0.368 0.368 0.382 0.389 0.395 0.406 0.408 0.406 0.38 0.383 0.416 0.411 0.408 0.398 0.398 0.407 0.412 0.413 0.398 0.404 0.433 0.472 0.46 0.496 0.516 0.48 0.501 0.44 0.526 0.566 0.586 0.621 0.583 0.561 0.593 0.64 0.595 0.627 0.603 0.542 0.525 0.591 0.635 0.622 0.635 0.631 0.639 0.654 0.578 0.627 0.631 0.506 0.557 0.416 0.484 0.414 0.406 0.4 0.355 0.349 0.396 0.397 0.385 0.356
0.384 0.313 0.305 0.324 0.367 0.346 0.388 0.38 0.379 0.377 0.381 0.342 0.337 0.358 0.372 0.378 0.392 0.375 0.385 0.395 0.391 0.395 0.394 0.404 0.407 0.401 0.409 0.421 0.398 0.405 0.404 0.419 0.403 0.415 0.424 0.43 0.493 0.46 0.434 0.418 0.468 0.549 0.569 0.573 0.584 0.572 0.58 0.61 0.552 0.58 0.665 0.618 0.624 0.6 0.528 0.568 0.64 0.605 0.65 0.634 0.654 0.574 0.571 0.57 0.511 0.482 0.396 0.416 0.389 0.379 0.372 0.381 0.355 0.371 0.385 0.375 0.379
0.301 0.323 0.354 0.302 0.29 0.301 0.322 0.353 0.372 0.363 0.354 0.342 0.357 0.328 0.353 0.37 0.368 0.38 0.378 0.393 0.389 0.397 0.398 0.384 0.416 0.414 0.393 0.393 0.413 0.415 0.402 0.432 0.427 0.425 0.418 0.448 0.422 0.466 0.523 0.513 0.493 0.508 0.54 0.547 0.567 0.582 0.557 0.598 0.577 0.607 0.618 0.645 0.659 0.626 0.596 0.548 0.578 0.59 0.66 0.679 0.673 0.607 0.563 0.57 0.366 0.482 0.392 0.394 0.379 0.414 0.382 0.419 0.401 0.406 0.404 0.4 0.411
