data/china_ndvi_max_1999.asc
ncols         710
nrows         510
xllcorner     70
yllcorner     10
cellsize      0.1
NODATA_value  -9999
[rows 306 to 339 of 510, columns 308 to 384 of 710]
0.682 0.67 0.692 0.651 0.507 0.493 0.505 0.511 0.506 0.354 0.49 0.579 0.61 0.696 0.681 0.698 0.572 0.575 0.623 0.677 0.688 0.699 0.72 0.737 0.704 0.625 0.58 0.578 0.591 0.572 0.545 0.514 0.57 0.609 0.579 0.545 0.577 0.56 0.528 0.537 0.552 0.558 0.557 0.537 0.563 0.565 0.586 0.538 0.517 0.509 0.504 0.507 0.549 0.558 0.593 0.583 0.571 0.523 0.519 0.537 0.654 0.579 0.552 0.518 0.556 0.59 0.537 0.599 0.55 0.583 0.582 0.617 0.475 0.478 0.615 0.669 0.732
0.72 0.715 0.699 0.728 0.693 0.651 0.634 0.475 0.47 0.467 0.396 0.603 0.389 0.599 0.647 0.567 0.349 0.663 0.688 0.709 0.671 0.707 0.702 0.704 0.651 0.628 0.633 0.616 0.586 0.566 0.548 0.521 0.588 0.614 0.585 0.586 0.607 0.551 0.532 0.556 0.548 0.562 0.558 0.555 0.549 0.534 0.559 0.526 0.517 0.526 0.483 0.507 0.542 0.565 0.562 0.565 0.542 0.525 0.529 0.582 0.603 0.573 0.519 0.573 0.605 0.541 0.536 0.586 0.579 0.581 0.586 0.613 0.549 0.614 0.687 0.689 0.721
0.732 0.702 0.67 0.705 0.677 0.612 0.534 0.476 0.454 0.484 0.356 0.51 0.57 0.687 0.707 0.51 0.736 0.721 0.722 0.705 0.669 0.672 0.7 0.687 0.678 0.654 0.68 0.619 0.558 0.566 0.557 0.524 0.569 0.573 0.578 0.594 0.574 0.521 0.396 0.5 0.539 0.548 0.537 0.555 0.554 0.534 0.527 0.556 0.511 0.529 0.505 0.498 0.528 0.547 0.557 0.535 0.541 0.519 0.553 0.652 0.524 0.57 0.567 0.607 0.559 0.533 0.572 0.591 0.578 0.598 0.613 0.532 0.611 0.666 0.688 0.725 0.727
0.624 0.574 0.708 0.683 0.659 0.606 0.505 0.436 0.457 0.502 0.412 0.447 0.543 0.673 0.674 0.613 0.712 0.749 0.744 0.705 0.65 0.651 0.664 0.667 0.663 0.665 0.659 0.559 0.564 0.562 0.506 0.532 0.545 0.568 0.569 0.577 0.563 0.564 0.564 0.552 0.546 0.551 0.533 0.57 0.562 0.563 0.574 0.554 0.551 0.543 0.512 0.525 0.534 0.56 0.536 0.508 0.54 0.574 0.639 0.63 0.558 0.591 0.601 0.551 0.501 0.53 0.573 0.604 0.593 0.609 0.601 0.479 0.664 0.599 0.607 0.731 0.712
0.619 0.701 0.649 0.68 0.603 0.492 0.5 0.541 0.561 0.548 0.293 0.271 0.488 0.697 0.732 0.741 0.721 0.748 0.738 0.723 0.687 0.707 0.692 0.719 0.636 0.611 0.624 0.621 0.621 0.601 0.59 0.6 0.619 0.589 0.595 0.621 0.614 0.584 0.602 0.578 0.569 0.574 0.563 0.549 0.574 0.604 0.601 0.594 0.596 0.597 0.568 0.545 0.513 0.537 0.547 0.575 0.548 0.572 0.602 0.608 0.563 0.545 0.536 0.534 0.553 0.62 0.645 0.518 0.579 0.46 0.567 0.679 0.606 0.628 0.695 0.706 0.679
0.482 0.629 0.705 0.664 0.671 0.461 0.523 0.576 0.558 0.501 0.278 0.209 0.682 0.627 0.695 0.697 0.656 0.747 0.732 0.718 0.663 0.68 0.713 0.672 0.671 0.68 0.659 0.604 0.58 0.599 0.595 0.618 0.559 0.585 0.597 0.601 0.584 0.578 0.586 0.594 0.573 0.554 0.572 0.561 0.572 0.586 0.609 0.591 0.601 0.603 0.579 0.527 0.532 0.543 0.591 0.543 0.603 0.575 0.581 0.566 0.583 0.554 0.505 0.53 0.57 0.583 0.619 0.579 0.569 0.583 0.626 0.623 0.618 0.689 0.683 0.656 0.631
0.461 0.388 0.647 0.702 0.498 0.456 0.625 0.564 0.567 0.463 0.35 0.05 0.643 0.726 0.695 0.714 0.682 0.734 0.729 0.7 0.694 0.697 0.719 0.713 0.68 0.676 0.668 0.551 0.548 0.624 0.61 0.62 0.581 0.587 0.614 0.572 0.598 0.597 0.607 0.587 0.565 0.579 0.561 0.547 0.542 0.547 0.559 0.568 0.572 0.563 0.552 0.557 0.589 0.58 0.579 0.568 0.553 0.522 0.51 0.575 0.56 0.604 0.617 0.541 0.538 0.544 0.483 0.586 0.611 0.676 0.663 0.672 0.665 0.671 0.667 0.653 0.645
0.541 0.616 0.688 0.733 0.294 0.453 0.688 0.653 0.482 0.492 0.363 -0.053 0.561 0.734 0.774 0.733 0.721 0.616 0.622 0.729 0.747 0.733 0.689 0.755 0.655 0.666 0.681 0.554 0.573 0.538 0.581 0.646 0.59 0.61 0.61 0.583 0.648 0.573 0.577 0.535 0.555 0.573 0.517 0.521 0.514 0.55 0.535 0.545 0.543 0.51 0.505 0.528 0.556 0.609 0.521 0.555 0.53 0.468 0.454 0.553 0.522 0.465 0.634 0.642 0.581 0.578 0.558 0.56 0.67 0.667 0.628 0.656 0.689 0.653 0.645 0.631 0.643
0.52 0.477 0.583 0.704 0.572 0.589 0.726 0.57 0.345 0.512 0.506 0.129 0.604 0.718 0.782 0.718 0.795 0.6 0.632 0.727 0.761 0.739 0.73 0.757 0.706 0.714 0.676 0.578 0.561 0.509 0.519 0.616 0.627 0.641 0.614 0.631 0.624 0.575 0.54 0.551 0.582 0.581 0.487 0.539 0.557 0.586 0.567 0.545 0.55 0.53 0.52 0.57 0.616 0.555 0.537 0.565 0.509 0.32 0.539 0.51 0.547 0.536 0.635 0.628 0.618 0.617 0.629 0.636 0.655 0.642 0.709 0.665 0.633 0.649 0.637 0.64 0.593
0.631 0.71 0.663 0.647 0.615 0.571 0.476 0.491 0.386 0.277 0.316 0.551 0.705 0.696 0.693 0.758 0.786 0.681 0.54 0.611 0.671 0.698 0.68 0.718 0.662 0.55 0.624 0.601 0.63 0.618 0.536 0.616 0.575 0.585 0.59 0.545 0.579 0.592 0.585 0.563 0.523 0.598 0.549 0.535 0.544 0.511 0.53 0.534 0.556 0.557 0.6 0.55 0.543 0.563 0.603 0.54 0.594 0.53 0.566 0.582 0.587 0.601 0.617 0.605 0.615 0.62 0.634 0.609 0.596 0.575 0.648 0.624 0.585 0.594 0.617 0.621 0.583
0.649 0.613 0.682 0.62 0.344 0.366 0.336 0.454 0.383 0.276 0.505 0.287 0.575 0.63 0.702 0.721 0.783 0.627 0.572 0.594 0.657 0.632 0.667 0.61 0.626 0.545 0.55 0.615 0.584 0.602 0.614 0.522 0.608 0.611 0.559 0.567 0.566 0.559 0.572 0.562 0.578 0.58 0.584 0.549 0.546 0.516 0.552 0.549 0.555 0.574 0.575 0.542 0.571 0.537 0.559 0.507 0.492 0.59 0.591 0.587 0.602 0.601 0.592 0.609 0.612 0.634 0.635 0.642 0.662 0.609 0.603 0.609 0.609 0.615 0.621 0.635 0.632
0.642 0.598 0.687 0.605 0.276 0.352 0.457 0.574 0.371 0.341 0.428 0.516 0.686 0.682 0.684 0.702 0.703 0.738 0.653 0.629 0.632 0.672 0.632 0.637 0.596 0.629 0.645 0.644 0.564 0.619 0.637 0.599 0.631 0.625 0.616 0.592 0.585 0.575 0.62 0.579 0.572 0.561 0.555 0.572 0.579 0.554 0.555 0.55 0.544 0.523 0.565 0.545 0.559 0.521 0.52 0.577 0.558 0.608 0.612 0.631 0.613 0.62 0.583 0.572 0.623 0.677 0.698 0.719 0.706 0.652 0.66 0.627 0.644 0.618 0.615 0.607 0.619
0.621 0.733 0.723 0.659 0.609 0.354 0.659 0.61 0.398 0.437 0.423 0.349 0.663 0.658 0.697 0.721 0.694 0.693 0.627 0.624 0.662 0.683 0.706 0.659 0.653 0.694 0.729 0.662 0.63 0.61 0.628 0.637 0.584 0.642 0.607 0.616 0.588 0.586 0.569 0.569 0.571 0.581 0.556 0.585 0.581 0.561 0.546 0.565 0.541 0.543 0.541 0.549 0.54 0.454 0.565 0.605 0.594 0.614 0.618 0.638 0.637 0.647 0.572 0.59 0.638 0.616 0.733 0.694 0.625 0.675 0.627 0.648 0.595 0.603 0.641 0.626 0.66
0.634 0.679 0.606 0.729 0.718 0.584 0.627 0.657 0.486 0.284 0.581 0.421 0.73 0.48 0.505 0.735 0.794 0.636 0.625 0.598 0.588 0.772 0.769 0.696 0.722 0.726 0.748 0.704 0.674 0.662 0.673 0.657 0.609 0.574 0.564 0.619 0.624 0.589 0.584 0.557 0.588 0.603 0.567 0.562 0.578 0.549 0.549 0.565 0.544 0.545 0.559 0.527 0.529 0.538 0.596 0.6 0.624 0.591 0.593 0.595 0.63 0.642 0.639 0.718 0.728 0.636 0.614 0.629 0.616 0.652 0.635 0.648 0.606 0.6 0.614 0.619 0.602
0.672 0.707 0.696 0.743 0.676 0.559 0.704 0.676 0.748 0.629 0.653 0.568 0.564 0.676 0.636 0.714 0.703 0.601 0.581 0.564 0.601 0.754 0.725 0.784 0.74 0.739 0.622 0.626 0.709 0.701 0.695 0.681 0.655 0.669 0.652 0.55 0.577 0.585 0.575 0.605 0.585 0.561 0.56 0.561 0.559 0.534 0.476 0.489 0.434 0.456 0.508 0.512 0.585 0.612 0.638 0.644 0.597 0.693 0.601 0.582 0.596 0.612 0.732 0.616 0.715 0.622 0.615 0.635 0.604 0.626 0.64 0.631 0.614 0.573 0.59 0.611 0.618
0.625 0.708 0.671 0.733 0.695 0.687 0.586 0.473 0.712 0.734 0.663 0.643 0.666 0.658 0.651 0.685 0.757 0.606 0.637 0.683 0.665 0.662 0.765 0.706 0.735 0.708 0.691 0.6 0.67 0.688 0.666 0.682 0.673 0.73 0.71 0.592 0.561 0.514 0.489 0.524 0.558 0.535 0.493 0.543 0.532 0.533 0.471 0.571 0.551 0.553 0.529 0.535 0.616 0.658 0.623 0.629 0.613 0.625 0.607 0.589 0.569 0.614 0.649 0.593 0.647 0.655 0.604 0.64 0.637 0.597 0.629 0.623 0.657 0.574 0.62 0.634 0.597
0.597 0.697 0.569 0.681 0.69 0.568 0.529 0.635 0.693 0.703 0.641 0.654 0.597 0.715 0.629 0.651 0.538 0.537 0.577 0.641 0.668 0.661 0.757 0.767 0.717 0.699 0.728 0.624 0.666 0.689 0.666 0.612 0.716 0.671 0.636 0.643 0.621 0.538 0.6 0.611 0.619 0.613 0.596 0.559 0.593 0.592 0.626 0.59 0.604 0.563 0.595 0.591 0.645 0.66 0.684 0.71 0.709 0.62 0.624 0.584 0.608 0.601 0.607 0.636 0.623 0.609 0.587 0.616 0.606 0.628 0.584 0.579 0.579 0.627 0.605 0.576 0.6
0.572 0.751 0.563 0.7 0.674 0.629 0.463 0.574 0.667 0.713 0.676 0.648 0.66 0.647 0.641 0.648 0.493 0.574 0.491 0.656 0.61 0.674 0.658 0.57 0.607 0.669 0.719 0.72 0.727 0.691 0.669 0.601 0.609 0.547 0.591 0.581 0.58 0.604 0.604 0.65 0.613 0.624 0.637 0.62 0.659 0.65 0.642 0.653 0.65 0.598 0.697 0.701 0.632 0.688 0.682 0.727 0.748 0.69 0.645 0.582 0.606 0.627 0.745 0.706 0.662 0.655 0.618 0.599 0.613 0.658 0.578 0.609 0.617 0.61 0.534 0.55 0.592
0.567 0.647 0.588 0.697 0.694 0.695 0.476 0.612 0.487 0.701 0.7 0.725 0.698 0.617 0.643 0.637 0.595 0.611 0.581 0.592 0.555 0.649 0.586 0.527 0.59 0.697 0.703 0.725 0.705 0.701 0.673 0.682 0.717 0.709 0.698 0.61 0.591 0.588 0.614 0.604 0.627 0.64 0.637 0.669 0.656 0.653 0.64 0.626 0.637 0.605 0.669 0.647 0.63 0.593 0.7 0.8 0.812 0.679 0.643 0.627 0.632 0.625 0.732 0.661 0.643 0.624 0.626 0.651 0.622 0.619 0.581 0.614 0.613 0.588 0.571 0.543 0.554
0.677 0.706 0.551 0.637 0.727 0.651 0.724 0.652 0.677 0.615 0.633 0.699 0.705 0.73 0.639 0.613 0.639 0.598 0.547 0.537 0.569 0.525 0.499 0.502 0.55 0.677 0.766 0.766 0.766 0.724 0.647 0.62 0.767 0.695 0.678 0.623 0.657 0.612 0.629 0.642 0.613 0.603 0.607 0.596 0.584 0.598 0.547 0.598 0.598 0.616 0.653 0.679 0.703 0.668 0.706 0.663 0.644 0.666 0.664 0.673 0.633 0.627 0.664 0.609 0.666 0.707 0.61 0.657 0.656 0.662 0.637 0.629 0.597 0.564 0.567 0.528 0.557
0.683 0.645 0.588 0.632 0.677 0.662 0.597 0.672 0.624 0.631 0.675 0.715 0.715 0.663 0.598 0.636 0.601 0.594 0.543 0.555 0.546 0.519 0.558 0.519 0.591 0.642 0.713 0.709 0.585 0.632 0.651 0.584 0.696 0.651 0.612 0.61 0.63 0.599 0.605 0.628 0.642 0.665 0.639 0.605 0.595 0.602 0.555 0.608 0.647 0.703 0.685 0.668 0.613 0.592 0.617 0.634 0.661 0.663 0.652 0.697 0.706 0.67 0.628 0.655 0.717 0.632 0.618 0.64 0.645 0.653 0.633 0.624 0.559 0.552 0.562 0.586 0.596
0.641 0.643 0.679 0.668 0.644 0.636 0.65 0.67 0.658 0.66 0.689 0.689 0.645 0.524 0.546 0.655 0.605 0.56 0.553 0.545 0.505 0.51 0.487 0.528 0.519 0.605 0.72 0.576 0.624 0.565 0.674 0.68 0.669 0.605 0.589 0.628 0.637 0.598 0.657 0.626 0.637 0.71 0.646 0.617 0.609 0.585 0.604 0.662 0.683 0.655 0.693 0.712 0.576 0.561 0.576 0.581 0.587 0.594 0.64 0.653 0.638 0.683 0.655 0.723 0.679 0.651 0.631 0.657 0.692 0.643 0.629 0.632 0.597 0.564 0.589 0.606 0.646
0.649 0.609 0.706 0.662 0.648 0.621 0.646 0.587 0.685 0.678 0.682 0.708 0.662 0.574 0.538 0.576 0.594 0.513 0.574 0.542 0.541 0.53 0.458 0.45 0.542 0.665 0.673 0.637 0.668 0.715 0.678 0.711 0.679 0.628 0.611 0.618 0.647 0.582 0.61 0.637 0.638 0.671 0.617 0.583 0.587 0.615 0.602 0.589 0.59 0.654 0.725 0.738 0.571 0.614 0.542 0.568 0.573 0.63 0.62 0.643 0.59 0.635 0.707 0.709 0.637 0.636 0.654 0.636 0.644 0.645 0.638 0.638 0.607 0.632 0.605 0.591 0.629
0.659 0.666 0.638 0.645 0.678 0.644 0.658 0.551 0.652 0.64 0.689 0.673 0.598 0.534 0.495 0.584 0.605 0.553 0.555 0.545 0.523 0.522 0.476 0.485 0.569 0.582 0.575 0.608 0.561 0.624 0.676 0.631 0.652 0.632 0.638 0.659 0.684 0.586 0.603 0.618 0.623 0.617 0.612 0.637 0.622 0.617 0.59 0.607 0.649 0.608 0.593 0.572 0.559 0.582 0.586 0.563 0.579 0.573 0.626 0.644 0.672 0.675 0.655 0.696 0.665 0.651 0.673 0.663 0.663 0.619 0.628 0.601 0.612 0.616 0.609 0.6 0.594
0.624 0.62 0.655 0.597 0.613 0.557 0.62 0.616 0.65 0.648 0.686 0.69 0.647 0.55 0.487 0.481 0.614 0.6 0.598 0.534 0.482 0.491 0.51 0.588 0.612 0.585 0.586 0.627 0.632 0.681 0.611 0.601 0.663 0.733 0.664 0.627 0.59 0.576 0.618 0.657 0.654 0.634 0.653 0.659 0.658 0.619 0.62 0.603 0.604 0.63 0.635 0.614 0.612 0.607 0.649 0.62 0.584 0.645 0.628 0.635 0.632 0.681 0.657 0.686 0.645 0.648 0.674 0.636 0.632 0.626 0.623 0.605 0.575 0.558 0.601 0.549 0.629
0.622 0.658 0.696 0.658 0.566 0.571 0.611 0.629 0.715 0.7 0.666 0.66 0.609 0.516 0.548 0.562 0.62 0.577 0.605 0.602 0.511 0.478 0.477 0.503 0.585 0.624 0.56 0.593 0.614 0.644 0.638 0.587 0.619 0.684 0.616 0.697 0.648 0.592 0.622 0.61 0.612 0.619 0.62 0.652 0.626 0.615 0.623 0.614 0.611 0.631 0.624 0.608 0.596 0.614 0.657 0.626 0.583 0.634 0.683 0.65 0.675 0.62 0.632 0.646 0.641 0.642 0.652 0.625 0.634 0.651 0.631 0.607 0.566 0.61 0.598 0.578 0.604
0.557 0.538 0.585 0.633 0.677 0.603 0.594 0.475 0.641 0.665 0.663 0.642 0.55 0.564 0.516 0.603 0.553 0.632 0.52 0.554 0.534 0.526 0.596 0.6 0.595 0.543 0.532 0.511 0.542 0.6 0.537 0.589 0.615 0.62 0.643 0.683 0.651 0.631 0.65 0.622 0.632 0.643 0.636 0.614 0.619 0.582 0.582 0.61 0.615 0.603 0.561 0.583 0.597 0.589 0.594 0.61 0.62 0.636 0.666 0.636 0.618 0.569 0.595 0.605 0.631 0.673 0.646 0.635 0.661 0.645 0.651 0.632 0.583 0.604 0.6 0.62 0.642
0.695 0.593 0.617 0.667 0.632 0.394 0.535 0.483 0.572 0.647 0.618 0.59 0.593 0.617 0.572 0.719 0.653 0.661 0.547 0.551 0.61 0.569 0.58 0.586 0.565 0.532 0.521 0.511 0.487 0.535 0.571 0.649 0.588 0.668 0.634 0.603 0.606 0.653 0.641 0.661 0.6 0.616 0.599 0.586 0.578 0.571 0.616 0.623 0.612 0.601 0.589 0.604 0.621 0.623 0.629 0.651 0.644 0.624 0.6 0.604 0.606 0.551 0.585 0.588 0.639 0.672 0.651 0.641 0.617 0.642 0.647 0.659 0.602 0.6 0.577 0.611 0.626
0.598 0.608 0.601 0.533 0.543 0.521 0.445 0.458 0.528 0.611 0.665 0.693 0.581 0.669 0.591 0.7 0.68 0.623 0.556 0.585 0.582 0.521 0.588 0.62 0.546 0.563 0.482 0.611 0.501 0.479 0.589 0.667 0.582 0.622 0.596 0.581 0.607 0.624 0.634 0.625 0.62 0.628 0.599 0.614 0.62 0.602 0.595 0.596 0.635 0.648 0.603 0.645 0.671 0.685 0.646 0.59 0.624 0.59 0.58 0.584 0.567 0.588 0.613 0.608 0.644 0.68 0.7 0.642 0.65 0.665 0.648 0.661 0.642 0.621 0.597 0.638 0.687
0.548 0.602 0.673 0.564 0.542 0.535 0.519 0.589 0.569 0.611 0.716 0.627 0.698 0.689 0.539 0.676 0.751 0.586 0.596 0.619 0.651 0.585 0.497 0.561 0.584 0.496 0.527 0.538 0.524 0.515 0.47 0.534 0.586 0.565 0.553 0.559 0.571 0.604 0.647 0.625 0.611 0.555 0.612 0.596 0.613 0.631 0.605 0.619 0.599 0.573 0.549 0.626 0.638 0.64 0.634 0.59 0.633 0.564 0.592 0.605 0.61 0.636 0.628 0.657 0.66 0.612 0.591 0.643 0.602 0.618 0.646 0.674 0.688 0.74 0.709 0.684 0.688
0.554 0.591 0.611 0.615 0.505 0.472 0.647 0.618 0.706 0.676 0.687 0.615 0.7 0.671 0.616 0.667 0.707 0.62 0.619 0.71 0.674 0.52 0.59 0.596 0.61 0.532 0.471 0.519 0.527 0.489 0.413 0.45 0.553 0.562 0.577 0.599 0.571 0.61 0.588 0.608 0.58 0.573 0.622 0.593 0.611 0.542 0.578 0.567 0.574 0.575 0.6 0.641 0.653 0.631 0.601 0.644 0.639 0.626 0.572 0.568 0.597 0.618 0.609 0.6 0.619 0.619 0.654 0.629 0.635 0.638 0.619 0.656 0.693 0.731 0.69 0.668 0.663
0.608 0.514 0.584 0.519 0.577 0.533 0.652 0.681 0.736 0.735 0.684 0.57 0.694 0.632 0.671 0.695 0.741 0.675 0.606 0.665 0.639 0.638 0.598 0.59 0.618 0.512 0.457 0.519 0.47 0.48 0.438 0.485 0.518 0.537 0.572 0.573 0.598 0.582 0.584 0.592 0.553 0.553 0.573 0.588 0.582 0.588 0.538 0.543 0.603 0.582 0.608 0.617 0.609 0.547 0.633 0.618 0.599 0.589 0.6 0.607 0.61 0.622 0.615 0.588 0.618 0.611 0.633 0.597 0.643 0.648 0.693 0.584 0.695 0.717 0.677 0.678 0.696
0.559 0.467 0.546 0.545 0.539 0.629 0.648 0.723 0.738 0.703 0.643 0.618 0.684 0.634 0.65 0.685 0.739 0.66 0.614 0.628 0.671 0.571 0.523 0.501 0.577 0.571 0.491 0.519 0.528 0.465 0.467 0.479 0.484 0.535 0.525 0.534 0.526 0.56 0.58 0.607 0.625 0.603 0.582 0.6 0.622 0.609 0.642 0.563 0.635 0.581 0.558 0.55 0.569 0.565 0.58 0.591 0.592 0.612 0.686 0.606 0.659 0.614 0.625 0.596 0.662 0.671 0.648 0.616 0.641 0.664 0.615 0.62 0.698 0.654 0.654 0.675 0.638
0.542 0.48 0.581 0.551 0.611 0.665 0.689 0.681 0.707 0.716 0.684 0.67 0.657 0.611 0.583 0.692 0.651 0.704 0.712 0.615 0.591 0.563 0.602 0.468 0.558 0.56 0.518 0.525 0.509 0.488 0.402 0.416 0.489 0.49 0.488 0.457 0.472 0.548 0.586 0.602 0.644 0.63 0.553 0.53 0.569 0.632 0.615 0.569 0.565 0.513 0.526 0.535 0.505 0.529 0.595 0.604 0.605 0.627 0.626 0.615 0.662 0.66 0.647 0.636 0.676 0.635 0.649 0.625 0.69 0.658 0.614 0.648 0.649 0.569 0.599 0.63 0.61
