data/china_ndvi_max_2010.asc
ncols         710
nrows         510
xllcorner     70
yllcorner     10
cellsize      0.1
NODATA_value  -9999
[rows 140 to 174 of 510, columns 154 to 230 of 710]
0.083 0.087 0.086 0.106 0.092 0.107 0.141 0.139 0.149 0.145 0.158 0.197 0.214 0.229 0.198 0.197 0.149 0.138 0.121 0.113 0.063 0.026 0.12 0.228 0.212 0.248 0.18 0.118 0.117 0.115 0.114 0.129 0.125 0.124 0.111 0.11 0.126 0.122 0.123 0.125 0.124 0.14 0.134 0.129 0.142 0.217 0.218 0.221 0.215 0.211 0.263 0.237 0.243 0.223 0.219 0.214 -9999 -9999 -9999 -9999 -9999 -9999 -9999 -9999 -9999 -9999 -9999 -9999 -9999 -9999 -9999 -9999 -9999 -9999 -9999 -9999 -9999
0.142 0.162 0.109 0.12 0.219 0.184 0.163 0.206 0.137 0.125 0.141 0.128 0.143 0.166 0.154 0.169 0.15 0.128 0.13 0.124 0.13 0.107 0.107 0.161 0.18 0.204 0.15 0.121 0.112 0.111 0.113 0.11 0.11 0.103 0.107 0.115 0.11 0.125 0.131 0.112 0.105 0.133 0.115 0.133 0.141 0.19 0.169 0.166 0.169 0.191 0.196 0.223 0.212 0.236 0.164 0.167 -9999 -9999 -9999 -9999 -9999 -9999 -9999 -9999 -9999 -9999 -9999 -9999 -9999 -9999 -9999 -9999 -9999 -9999 -9999 -9999 -9999
0.179 0.139 0.141 0.121 0.12 0.131 0.112 0.123 0.119 0.145 0.142 0.133 0.142 0.15 0.136 0.131 0.14 0.147 0.137 0.143 0.135 0.113 0.119 0.138 0.178 0.213 0.153 0.124 0.108 0.109 0.122 0.101 0.1 0.103 0.121 0.12 0.1 0.123 0.106 0.108 0.12 0.113 0.114 0.126 0.159 0.143 0.222 0.15 0.139 0.163 0.231 0.199 0.22 0.209 0.22 0.202 0.191 -9999 -9999 -9999 -9999 -9999 -9999 -9999 -9999 -9999 -9999 -9999 -9999 -9999 -9999 -9999 -9999 -9999 -9999 -9999 -9999
0.154 0.189 0.164 0.124 0.097 0.111 0.09 0.108 0.133 0.16 0.159 0.122 0.134 0.142 0.134 0.146 0.143 0.145 0.147 0.125 0.104 0.14 0.115 0.12 0.188 0.219 0.124 0.104 0.097 0.093 0.097 0.099 0.099 0.098 0.108 0.115 0.097 0.105 0.099 0.102 0.109 0.122 0.108 0.112 0.128 0.129 0.198 0.122 0.114 0.133 0.257 0.241 0.245 0.213 0.191 0.207 0.196 -9999 -9999 -9999 -9999 -9999 -9999 -9999 -9999 -9999 -9999 -9999 -9999 -9999 -9999 -9999 -9999 -9999 -9999 -9999 -9999
0.096 0.105 0.11 0.089 0.086 0.083 0.102 0.098 0.111 0.115 0.118 0.132 0.143 0.135 0.123 0.118 0.128 0.125 0.134 0.128 0.111 0.114 0.125 0.114 0.148 0.157 0.162 0.16 0.153 0.136 0.135 0.144 0.126 0.127 0.1 0.108 0.104 0.075 0.091 0.091 0.092 0.097 0.112 0.121 0.115 0.106 0.09 0.125 0.096 0.156 0.143 0.175 0.169 0.139 0.154 0.216 0.177 -9999 -9999 -9999 -9999 -9999 -9999 -9999 -9999 -9999 -9999 -9999 -9999 -9999 -9999 -9999 -9999 -9999 -9999 -9999 -9999
0.076 0.078 0.085 0.086 0.079 0.078 0.074 0.095 0.163 0.119 0.093 0.116 0.11 0.123 0.116 0.119 0.112 0.126 0.128 0.117 0.13 0.112 0.118 0.11 0.14 0.124 0.127 0.123 0.128 0.127 0.129 0.106 0.123 0.185 0.174 0.109 0.119 0.106 0.095 0.091 0.085 0.1 0.089 0.102 0.106 0.1 0.09 0.064 0.091 0.149 0.078 0.092 0.089 0.11 0.097 0.107 -9999 -9999 -9999 -9999 -9999 -9999 -9999 -9999 -9999 -9999 -9999 -9999 -9999 -9999 -9999 -9999 -9999 -9999 -9999 -9999 -9999
0.076 0.079 0.093 0.087 0.069 0.073 0.073 0.071 0.074 0.119 0.109 0.11 0.122 0.122 0.122 0.119 0.122 0.112 0.111 0.113 0.132 0.154 0.148 0.132 0.13 0.133 0.119 0.121 0.118 0.124 0.114 0.113 0.114 0.125 0.115 0.119 0.12 0.116 0.113 0.104 0.1 0.108 0.144 0.117 0.089 0.106 0.093 0.071 0.092 0.121 0.128 0.107 0.083 0.096 0.122 -9999 -9999 -9999 -9999 -9999 -9999 -9999 -9999 -9999 -9999 -9999 -9999 -9999 -9999 -9999 -9999 -9999 -9999 -9999 -9999 -9999 -9999
0.098 0.075 0.068 0.075 0.075 0.074 0.077 0.075 0.054 0.066 0.212 0.135 0.104 0.107 0.124 0.124 0.122 0.109 0.112 0.116 0.118 0.123 0.126 0.118 0.115 0.126 0.124 0.125 0.122 0.116 0.122 0.12 0.124 0.118 0.128 0.127 0.121 0.1 0.106 0.112 0.1 0.103 0.103 0.113 0.078 0.089 0.086 0.075 0.085 0.082 0.081 0.08 0.085 0.102 0.105 0.128 -9999 -9999 -9999 -9999 -9999 -9999 -9999 -9999 -9999 -9999 -9999 -9999 -9999 -9999 -9999 -9999 -9999 -9999 -9999 -9999 -9999
0.08 0.077 0.141 0.176 0.064 0.073 0.073 0.072 0.049 0.069 0.232 0.197 0.082 0.102 0.114 0.123 0.135 0.13 0.128 0.121 0.127 0.145 0.127 0.131 0.113 0.111 0.134 0.144 0.136 0.127 0.117 0.126 0.13 0.127 0.123 0.125 0.121 0.119 0.115 0.109 0.105 0.112 0.111 0.1 0.092 0.057 0.098 0.081 0.062 0.083 0.068 0.078 0.1 0.081 0.076 0.077 0.139 -9999 -9999 -9999 -9999 -9999 -9999 -9999 -9999 -9999 -9999 -9999 -9999 -9999 -9999 -9999 -9999 -9999 -9999 -9999 -9999
0.078 0.077 0.075 0.175 0.071 0.071 0.074 0.078 0.088 0.1 0.086 0.084 0.087 0.087 0.111 0.122 0.136 0.134 0.125 0.111 0.123 0.127 0.12 0.126 0.113 0.117 0.126 0.133 0.136 0.135 0.129 0.124 0.132 0.125 0.123 0.128 0.125 0.11 0.124 0.12 0.116 0.111 0.116 0.115 0.096 0.087 0.08 0.112 0.098 0.07 0.088 0.088 0.093 0.083 0.073 0.096 -9999 -9999 -9999 -9999 -9999 -9999 -9999 -9999 -9999 -9999 -9999 -9999 -9999 -9999 -9999 -9999 -9999 -9999 -9999 -9999 -9999
0.154 0.064 0.054 0.071 0.051 0.072 -0.01 -0.3 0.08 0.092 0.082 0.072 0.08 0.086 0.097 0.094 0.106 0.114 0.113 0.124 0.1 0.119 0.144 0.132 0.123 0.122 0.105 0.114 0.119 0.117 0.119 0.116 0.119 0.128 0.122 0.114 0.128 0.127 0.122 0.113 0.102 0.109 0.111 0.104 0.108 0.11 0.092 0.068 0.073 0.115 0.099 0.094 0.101 0.1 0.081 -9999 -9999 -9999 -9999 -9999 -9999 -9999 -9999 -9999 -9999 -9999 -9999 -9999 -9999 -9999 -9999 -9999 -9999 -9999 -9999 -9999 -9999
0.107 0.052 0.06 0.067 0.052 0.047 0.062 0.054 0.086 0.085 0.094 0.071 0.075 0.081 0.089 0.089 0.107 0.115 0.119 0.122 0.122 0.114 0.112 0.131 0.129 0.13 0.122 0.111 0.113 0.114 0.122 0.124 0.121 0.121 0.111 0.106 0.109 0.101 0.119 0.117 0.117 0.102 0.096 0.102 0.112 0.105 0.102 0.098 0.102 0.114 0.12 0.082 0.093 0.096 -9999 -9999 -9999 -9999 -9999 -9999 -9999 -9999 -9999 -9999 -9999 -9999 -9999 -9999 -9999 -9999 -9999 -9999 -9999 -9999 -9999 -9999 -9999
0.061 0.061 0.061 -0.3 -0.3 0.063 0.077 0.078 0.079 0.073 0.086 0.078 0.084 0.087 0.082 0.097 0.113 0.111 0.124 0.129 0.125 0.119 0.119 0.122 0.128 0.118 0.116 0.115 0.118 0.118 0.12 0.115 0.12 0.122 0.103 0.104 0.104 0.104 0.112 0.108 0.108 0.112 0.114 0.11 0.103 0.096 0.09 0.09 0.095 0.095 0.09 0.083 0.083 0.093 -9999 -9999 -9999 -9999 -9999 -9999 -9999 -9999 -9999 -9999 -9999 -9999 -9999 -9999 -9999 -9999 -9999 -9999 -9999 -9999 -9999 -9999 -9999
0.053 0.064 0.058 0.056 0.066 0.079 0.087 0.084 0.085 0.094 0.102 0.088 0.084 0.087 0.091 0.089 0.123 0.111 0.125 0.131 0.136 0.132 0.116 0.112 0.127 0.113 0.113 0.125 0.118 0.109 0.115 0.112 0.113 0.111 0.113 0.108 0.111 0.111 0.117 0.103 0.107 0.104 0.106 0.106 0.098 0.097 0.104 0.106 0.098 0.093 0.13 0.089 0.081 -9999 -9999 -9999 -9999 -9999 -9999 -9999 -9999 -9999 -9999 -9999 -9999 -9999 -9999 -9999 -9999 -9999 -9999 -9999 -9999 -9999 -9999 -9999 -9999
0.106 0.064 0.065 0.068 0.077 0.08 0.097 0.097 0.075 0.08 0.082 0.084 0.085 0.092 0.087 0.091 0.116 0.114 0.125 0.134 0.131 0.136 0.137 0.13 0.122 0.119 0.115 0.115 0.118 0.117 0.116 0.11 0.113 0.112 0.111 0.11 0.107 0.111 0.113 0.109 0.102 0.103 0.11 0.095 0.102 0.098 0.093 0.091 0.086 0.083 0.097 0.089 0.095 -9999 -9999 -9999 -9999 -9999 -9999 -9999 -9999 -9999 -9999 -9999 -9999 -9999 -9999 -9999 -9999 -9999 -9999 -9999 -9999 -9999 -9999 -9999 -9999
0.105 0.116 0.115 0.107 0.107 0.098 0.085 0.08 0.088 0.079 0.078 0.078 0.091 0.094 0.101 0.106 0.118 0.119 0.125 0.129 0.129 0.131 0.129 0.129 0.124 0.118 0.114 0.113 0.109 0.114 0.114 0.119 0.113 0.118 0.11 0.106 0.103 0.109 0.108 0.104 0.104 0.11 0.104 0.113 0.111 0.098 0.1 0.071 0.078 0.112 0.12 0.1 0.138 0.183 -9999 -9999 -9999 -9999 -9999 -9999 -9999 -9999 -9999 -9999 -9999 -9999 -9999 -9999 -9999 -9999 -9999 -9999 -9999 -9999 -9999 -9999 -9999
0.108 0.114 0.108 0.112 0.112 0.114 0.101 0.093 0.092 0.085 0.078 0.082 0.094 0.099 0.106 0.114 0.118 0.123 0.121 0.126 0.125 0.139 0.129 0.131 0.119 0.117 0.109 0.114 0.114 0.111 0.119 0.113 0.116 0.104 0.101 0.1 0.104 0.109 0.109 0.106 0.102 0.114 0.116 0.109 0.116 0.107 0.092 0.081 0.072 0.075 0.088 0.11 0.141 0.205 0.157 -9999 -9999 -9999 -9999 -9999 -9999 -9999 -9999 -9999 -9999 -9999 -9999 -9999 -9999 -9999 -9999 -9999 -9999 -9999 -9999 -9999 -9999
0.106 0.123 0.099 0.098 0.098 0.095 0.095 0.089 0.09 0.104 0.092 0.093 0.094 0.103 0.109 0.111 0.118 0.119 0.125 0.124 0.126 0.133 0.124 0.122 0.119 0.114 0.113 0.11 0.116 0.107 0.108 0.104 0.105 0.1 0.089 0.096 0.095 0.096 0.09 0.1 0.095 0.082 0.091 0.099 0.088 0.091 0.093 0.086 0.098 0.108 0.085 0.084 0.106 0.134 0.161 -9999 0.152 0.145 -9999 -9999 -9999 -9999 -9999 -9999 -9999 -9999 -9999 -9999 -9999 -9999 -9999 -9999 -9999 -9999 -9999 -9999 -9999
0.236 0.149 0.154 0.146 0.115 0.102 0.162 0.213 0.104 0.089 0.092 0.094 0.104 0.108 0.116 0.115 0.117 0.119 0.121 0.125 0.125 0.12 0.123 0.121 0.12 0.117 0.115 0.109 0.107 0.112 0.113 0.103 0.116 0.101 0.098 0.107 0.107 0.093 0.094 0.086 0.098 0.071 0.059 0.059 0.068 0.068 0.086 0.092 0.082 0.104 0.087 0.08 0.075 0.102 0.126 0.138 0.156 0.13 0.142 0.105 0.08 -9999 -9999 -9999 -9999 -9999 -9999 -9999 -9999 -9999 -9999 -9999 -9999 -9999 -9999 -9999 -9999
0.253 0.132 0.131 0.163 0.138 0.131 0.271 0.316 0.21 0.102 0.095 0.105 0.109 0.114 0.111 0.118 0.117 0.12 0.12 0.125 0.128 0.127 0.131 0.127 0.125 0.125 0.118 0.117 0.109 0.106 0.113 0.107 0.102 0.113 0.103 0.102 0.089 0.081 0.087 0.076 0.065 0.073 0.049 0.054 0.058 0.057 0.051 0.047 0.043 0.08 0.097 0.082 0.085 0.081 0.1 0.09 0.064 0.091 0.112 0.09 0.065 0.075 0.09 0.082 0.07 0.066 0.072 0.092 0.131 0.133 0.122 0.09 0.08 0.078 0.081 0.076 0.104
0.318 0.367 0.364 0.298 0.17 0.134 0.15 0.277 0.334 0.34 0.356 0.178 0.125 0.123 0.126 0.125 0.121 0.127 0.128 0.131 0.133 0.132 0.136 0.129 0.126 0.127 0.129 0.124 0.121 0.125 0.123 0.103 0.094 0.106 0.089 0.087 0.095 0.094 0.092 0.096 0.1 0.106 0.101 0.095 0.084 0.077 0.081 0.077 0.065 0.063 0.073 0.073 0.074 0.08 0.086 0.086 0.069 0.046 0.038 0.08 0.1 0.041 0.049 0.058 0.062 0.044 0.051 0.048 0.03 0.033 0.038 0.041 0.045 0.054 0.051 0.025 0.022
0.278 0.322 0.363 0.36 0.305 0.195 0.167 0.235 0.328 0.311 0.324 0.227 0.167 0.169 0.16 0.14 0.116 0.135 0.137 0.131 0.125 0.129 0.139 0.134 0.135 0.135 0.142 0.128 0.126 0.129 0.12 0.108 0.108 0.111 0.109 0.091 0.086 0.088 0.089 0.09 0.091 0.105 0.1 0.094 0.092 0.096 0.089 0.085 0.081 0.081 0.081 0.084 0.075 0.076 0.09 0.087 0.076 0.075 0.074 0.08 0.088 0.072 0.067 0.059 0.051 0.065 0.064 0.061 0.062 0.053 0.052 0.065 0.064 0.062 0.063 0.057 0.043
0.292 0.325 0.336 0.343 0.328 0.314 0.265 0.279 0.242 0.212 0.225 0.266 0.223 0.201 0.201 0.173 0.141 0.166 0.155 0.134 0.131 0.128 0.137 0.144 0.141 0.141 0.144 0.145 0.138 0.139 0.138 0.116 0.116 0.113 0.107 0.112 0.106 0.11 0.093 0.093 0.097 0.127 0.103 0.105 0.098 0.097 0.086 0.097 0.092 0.097 0.084 0.081 0.077 0.083 0.072 0.07 0.083 0.087 0.076 0.071 0.065 0.077 0.09 0.077 0.051 0.054 0.077 0.075 0.068 0.072 0.067 0.069 0.074 0.073 0.073 0.069 0.075
0.309 0.32 0.335 0.301 0.314 0.314 0.353 0.35 0.316 0.286 0.22 0.27 0.302 0.287 0.186 0.155 0.113 0.115 0.149 0.103 0.113 0.158 0.117 0.132 0.136 0.152 0.135 0.137 0.138 0.137 0.145 0.142 0.131 0.121 0.1 0.109 0.114 0.102 0.101 0.112 0.118 0.105 0.108 0.116 0.116 0.114 0.094 0.089 0.087 0.089 0.09 0.085 0.087 0.089 0.08 0.075 0.077 0.079 0.079 0.071 0.08 0.086 0.081 0.1 0.074 0.079 0.098 0.081 0.076 0.08 0.079 0.063 0.064 0.074 0.071 0.067 0.081
0.269 0.283 0.286 0.321 0.284 0.331 0.344 0.347 0.256 0.269 0.259 0.24 0.304 0.313 0.283 0.192 0.148 0.131 0.136 0.12 0.15 0.177 0.124 0.117 0.134 0.137 0.135 0.135 0.127 0.125 0.132 0.138 0.136 0.128 0.117 0.112 0.108 0.112 0.107 0.106 0.105 0.105 0.117 0.114 0.126 0.139 0.09 0.08 0.088 0.086 0.087 0.088 0.087 0.092 0.093 0.086 0.071 0.075 0.071 0.061 0.069 0.096 0.091 0.095 0.109 0.099 0.076 0.074 0.075 0.069 0.078 0.077 0.073 0.07 0.065 0.064 0.076
0.317 0.268 0.312 0.299 0.303 0.353 0.333 0.305 0.336 0.288 0.173 0.192 0.165 0.158 0.239 0.341 0.229 0.195 0.162 0.187 0.197 0.25 0.284 0.165 0.148 0.167 0.165 0.169 0.123 0.127 0.187 0.147 0.109 0.096 0.12 0.143 0.134 0.118 0.118 0.12 0.118 0.114 0.126 0.12 0.123 0.132 0.105 0.112 0.111 0.09 0.098 0.101 0.123 0.115 0.095 0.106 0.11 0.101 0.093 0.089 0.083 0.086 0.084 0.093 0.1 0.084 0.089 0.087 0.09 0.089 0.095 0.061 0.062 0.065 0.064 0.058 0.069
0.161 0.173 0.24 0.278 0.335 0.351 0.269 0.182 0.29 0.293 0.286 0.234 0.193 0.18 0.235 0.284 0.177 0.246 0.204 0.252 0.227 0.234 0.264 0.179 0.119 0.177 0.163 0.138 0.153 0.148 0.143 0.182 0.137 0.123 0.141 0.163 0.195 0.183 0.132 0.125 0.126 0.124 0.112 0.114 0.116 0.121 0.136 0.129 0.127 0.12 0.112 0.097 0.114 0.124 0.118 0.12 0.108 0.097 0.085 0.089 0.086 0.102 0.1 0.091 0.092 0.11 0.08 0.084 0.087 0.087 0.078 0.058 0.062 0.06 0.058 0.072 0.056
0.162 0.207 0.22 0.206 0.203 0.204 0.235 0.247 0.201 0.233 0.276 0.307 0.296 0.262 0.297 0.272 0.236 0.247 0.247 0.268 0.252 0.309 0.318 0.138 0.089 0.139 0.249 0.198 0.197 0.204 0.166 0.225 0.212 0.157 0.18 0.148 0.136 0.2 0.141 0.127 0.128 0.137 0.145 0.162 0.132 0.125 0.17 0.173 0.149 0.12 0.119 0.105 0.122 0.114 0.102 0.113 0.12 0.085 0.083 0.079 0.082 0.096 0.09 0.092 0.1 0.104 0.103 0.069 0.089 0.078 0.079 0.065 0.065 0.066 0.063 0.065 0.055
0.166 0.205 0.176 0.18 0.209 0.209 0.189 0.192 0.175 0.163 0.193 0.235 0.177 0.143 0.254 0.306 0.227 0.276 0.23 0.248 0.269 0.302 0.311 0.127 0.111 0.14 0.182 0.179 0.145 0.143 0.13 0.132 0.249 0.133 0.188 0.259 0.128 0.132 0.201 0.131 0.113 0.252 0.185 0.223 0.176 0.122 0.194 0.231 0.134 0.114 0.115 0.109 0.106 0.104 0.107 0.12 0.124 0.111 0.086 0.08 0.086 0.09 0.075 0.072 0.097 0.109 0.104 0.098 0.082 0.067 0.069 0.063 0.078 0.072 0.075 0.077 0.069
0.228 0.238 0.215 0.24 0.258 0.22 0.179 0.208 0.213 0.204 0.199 0.16 0.155 0.144 0.216 0.269 0.273 0.263 0.247 0.235 0.264 0.323 0.274 0.164 0.104 0.127 0.172 0.203 0.235 0.221 0.209 0.128 0.138 0.119 0.159 0.204 0.224 0.187 0.272 0.23 0.197 0.263 0.237 0.232 0.252 0.211 0.211 0.167 0.132 0.135 0.129 0.129 0.121 0.102 0.098 0.105 0.121 0.105 0.11 0.076 0.083 0.116 0.131 0.101 0.076 0.094 0.11 0.086 0.083 0.074 0.096 0.064 0.077 0.08 0.077 0.085 0.075
0.467 0.414 0.428 0.386 0.332 0.406 0.35 0.285 0.321 0.24 0.223 0.174 0.179 0.17 0.184 0.214 0.153 0.183 0.203 0.215 0.17 0.194 0.212 0.156 0.197 0.265 0.393 0.382 0.313 0.11 0.133 0.139 0.279 0.333 0.278 0.22 0.186 0.197 0.176 0.225 0.235 0.215 0.271 0.25 0.255 0.24 0.192 0.135 0.175 0.239 0.144 0.127 0.112 0.101 0.102 0.102 0.096 0.093 0.133 0.114 0.116 0.137 0.211 0.183 0.138 0.121 0.155 0.118 0.113 0.102 0.098 0.122 0.117 0.086 0.072 0.072 0.096
0.28 0.261 0.172 0.32 0.428 0.456 0.439 0.398 0.404 0.426 0.4 0.266 0.263 0.244 0.185 0.152 0.188 0.216 0.152 0.116 0.127 0.175 0.178 0.183 0.245 0.369 0.319 0.213 0.154 0.036 0.048 0.074 0.146 0.205 0.332 0.338 0.271 0.264 0.224 0.214 0.236 0.249 0.273 0.224 0.245 0.205 0.197 0.186 0.197 0.196 0.173 0.109 0.098 0.095 0.094 0.094 0.089 0.092 0.129 0.142 0.121 0.1 0.1 0.102 0.118 0.086 0.117 0.113 0.119 0.11 0.086 0.115 0.115 0.092 0.079 0.062 0.111
0.22 0.105 0.155 0.318 0.265 0.251 0.361 0.365 0.369 0.308 0.432 0.438 0.453 0.404 0.278 0.187 0.178 0.134 0.123 0.114 0.148 0.158 0.147 0.16 0.198 0.228 0.174 0.153 0.164 0.151 0.159 0.16 0.139 0.121 0.128 0.137 0.363 0.354 0.379 0.39 0.37 0.253 0.236 0.232 0.254 0.248 0.318 0.342 0.356 0.244 0.195 0.171 0.144 0.134 0.113 0.094 0.097 0.127 0.16 0.143 0.113 0.083 0.081 0.068 0.084 0.092 0.142 0.135 0.121 0.1 0.093 0.089 0.088 0.108 0.044 0.126 0.23
-0.002 0.166 0.229 0.238 0.187 0.068 0.262 0.31 0.175 0.244 0.438 0.431 0.342 0.303 0.307 0.246 0.179 0.156 0.141 0.164 0.197 0.146 0.198 0.131 0.093 0.077 0.095 0.11 0.107 0.135 0.133 0.182 0.187 0.202 0.128 0.109 0.13 0.154 0.238 0.376 0.464 0.376 0.299 0.301 0.278 0.348 0.441 0.4 0.377 0.342 0.336 0.29 0.234 0.248 0.213 0.13 0.166 0.183 0.16 0.129 0.086 0.051 0.042 0.057 0.093 0.087 0.116 0.128 0.108 0.113 0.117 0.099 0.094 0.129 0.01 0.242 0.243
0.009 0.16 0.177 0.182 0.157 0.071 0.123 0.068 0.122 0.234 0.37 0.44 0.432 0.364 0.311 0.342 0.235 0.255 0.231 0.23 0.217 0.12 0.116 0.151 0.109 0.104 0.056 0.064 0.068 0.093 0.12 0.126 0.13 0.168 0.176 0.132 0.144 0.151 0.154 0.15 0.284 0.415 0.444 0.426 0.372 0.397 0.327 0.262 0.268 0.291 0.322 0.292 0.29 0.275 0.214 0.189 0.179 0.19 0.136 0.102 0.064 0.031 0.036 0.06 0.079 0.084 0.104 0.111 0.127 0.144 0.145 0.169 0.175 0.163 0.214 0.229 0.221
