data/china_ndvi_max_2009.asc
ncols         710
nrows         510
xllcorner     70
yllcorner     10
cellsize      0.1
NODATA_value  -9999
[rows 136 to 169 of 510, columns 462 to 538 of 710]
-9999 -9999 -9999 -9999 -9999 -9999 -9999 -9999 -9999 -9999 -9999 -9999 -9999 -9999 -9999 -9999 -9999 -9999 -9999 -9999 -9999 -9999 -9999 -9999 -9999 -9999 -9999 -9999 -9999 -9999 -9999 -9999 -9999 -9999 0.374 0.38 0.391 0.392 0.434 0.45 0.449 0.479 0.495 0.494 0.466 0.467 0.489 0.512 0.485 0.445 0.495 0.5 0.487 0.437 0.476 0.464 0.478 0.5 0.431 0.43 0.415 0.422 0.386 0.397 0.391 0.446 0.425 0.417 0.377 0.38 0.362 0.373 0.351 0.361 0.376 0.354 0.355
-9999 -9999 -9999 -9999 -9999 -9999 -9999 -9999 -9999 -9999 -9999 -9999 -9999 -9999 -9999 -9999 -9999 -9999 -9999 -9999 -9999 -9999 -9999 -9999 -9999 -9999 -9999 -9999 -9999 -9999 -9999 -9999 -9999 -9999 -9999 0.378 0.438 0.445 0.45 0.468 0.474 0.476 0.483 0.478 0.488 0.503 0.496 0.482 0.481 0.478 0.468 0.503 0.489 0.447 0.389 0.445 0.514 0.493 0.373 0.428 0.418 0.404 0.43 0.378 0.367 0.381 0.391 0.404 0.405 0.392 0.418 0.409 0.4 0.357 0.269 0.309 0.328
-9999 -9999 -9999 -9999 -9999 -9999 -9999 -9999 -9999 -9999 -9999 -9999 -9999 -9999 -9999 -9999 -9999 -9999 -9999 -9999 -9999 -9999 -9999 -9999 -9999 -9999 -9999 -9999 -9999 -9999 -9999 -9999 -9999 -9999 -9999 -9999 0.419 0.43 0.435 0.522 0.521 0.519 0.511 0.503 0.499 0.525 0.501 0.479 0.466 0.461 0.448 0.46 0.46 0.543 0.435 0.432 0.492 0.446 0.427 0.443 0.475 0.463 0.403 0.378 0.36 0.363 0.363 0.398 0.398 0.39 0.408 0.419 0.408 0.388 0.29 0.393 0.334
-9999 -9999 -9999 -9999 -9999 -9999 -9999 -9999 -9999 -9999 -9999 -9999 -9999 -9999 -9999 -9999 -9999 -9999 -9999 -9999 -9999 -9999 -9999 -9999 -9999 -9999 -9999 -9999 -9999 -9999 -9999 -9999 -9999 -9999 -9999 -9999 0.419 0.384 0.398 0.483 0.494 0.495 0.48 0.476 0.51 0.528 0.499 0.442 0.477 0.49 0.487 0.457 0.467 0.468 0.465 0.439 0.364 0.374 0.421 0.454 0.508 0.422 0.386 0.335 0.347 0.359 0.364 0.363 0.388 0.406 0.413 0.415 0.401 0.378 0.33 0.382 0.35
-9999 -9999 -9999 -9999 -9999 -9999 -9999 -9999 -9999 -9999 -9999 -9999 -9999 -9999 -9999 -9999 -9999 -9999 -9999 -9999 -9999 -9999 -9999 -9999 -9999 -9999 -9999 -9999 -9999 -9999 -9999 -9999 -9999 -9999 -9999 -9999 -9999 -9999 0.478 0.545 0.503 0.481 0.527 0.513 0.504 0.491 0.452 0.482 0.483 0.445 0.43 0.424 0.472 0.49 0.53 0.481 0.386 0.355 0.377 0.346 0.362 0.374 0.355 0.327 0.337 0.325 0.367 0.366 0.393 0.299 0.289 0.409 0.391 0.365 0.377 0.354 0.323
-9999 -9999 -9999 -9999 -9999 -9999 -9999 -9999 -9999 -9999 -9999 -9999 -9999 -9999 -9999 -9999 -9999 -9999 -9999 -9999 -9999 -9999 -9999 -9999 -9999 -9999 -9999 -9999 -9999 -9999 -9999 -9999 -9999 -9999 -9999 -9999 -9999 -9999 0.456 0.446 0.441 0.425 0.449 0.437 0.47 0.477 0.453 0.467 0.476 0.453 0.414 0.428 0.442 0.46 0.447 0.398 0.377 0.369 0.331 0.311 0.324 0.327 0.355 0.334 0.266 0.323 0.361 0.354 0.4 0.324 0.395 0.418 0.382 0.331 0.342 0.311 0.358
-9999 -9999 -9999 -9999 -9999 -9999 -9999 -9999 -9999 -9999 -9999 -9999 -9999 -9999 -9999 -9999 -9999 -9999 -9999 -9999 -9999 0.279 0.263 -9999 -9999 -9999 0.306 0.314 0.34 -9999 -9999 -9999 -9999 -9999 -9999 -9999 -9999 -9999 0.423 0.458 0.414 0.413 0.394 0.4 0.408 0.408 0.406 0.401 0.398 0.417 0.412 0.434 0.408 0.467 0.42 0.406 0.457 0.444 0.376 0.356 0.346 0.348 0.345 0.336 0.322 0.339 0.35 0.351 0.411 0.424 0.419 0.444 0.447 0.39 0.373 0.377 0.351
-9999 -9999 -9999 -9999 -9999 -9999 -9999 -9999 -9999 -9999 -9999 -9999 -9999 -9999 -9999 -9999 -9999 -9999 0.289 0.284 0.269 0.259 0.258 0.257 0.274 0.264 0.286 0.289 0.332 0.31 0.331 0.351 0.38 0.364 0.41 -9999 0.461 0.49 0.421 0.406 0.407 0.385 0.394 0.389 0.405 0.398 0.407 0.464 0.431 0.39 0.371 0.434 0.415 0.408 0.397 0.391 0.419 0.477 0.381 0.336 0.325 0.325 0.332 0.338 0.359 0.347 0.34 0.359 0.417 0.443 0.438 0.428 0.414 0.37 0.381 0.385 0.305
-9999 -9999 -9999 -9999 -9999 -9999 -9999 -9999 -9999 -9999 -9999 -9999 -9999 0.27 0.274 0.276 0.283 0.275 0.256 0.249 0.23 0.229 0.252 0.269 0.262 0.308 0.317 0.306 0.29 0.321 0.314 0.339 0.331 0.36 0.431 0.416 0.422 0.407 0.384 0.385 0.404 0.369 0.375 0.371 0.391 0.404 0.404 0.463 0.403 0.426 0.43 0.407 0.367 0.451 0.396 0.385 0.45 0.431 0.381 0.367 0.318 0.308 0.32 0.355 0.356 0.341 0.348 0.338 0.394 0.412 0.425 0.433 0.412 0.382 0.372 0.38 0.299
-9999 -9999 -9999 -9999 -9999 -9999 -9999 -9999 -9999 -9999 -9999 -9999 0.266 0.27 0.259 0.276 0.226 0.199 0.254 0.256 0.266 0.256 0.26 0.246 0.259 0.27 0.271 0.294 0.313 0.356 0.347 0.318 0.342 0.393 0.347 0.329 0.357 0.368 0.37 0.368 0.356 0.355 0.389 0.368 0.378 0.391 0.429 0.422 0.383 0.36 0.37 0.346 0.375 0.423 0.386 0.383 0.379 0.309 0.339 0.364 0.328 0.336 0.313 0.325 0.343 0.315 0.321 0.316 0.351 0.373 0.39 0.348 0.369 0.302 0.302 0.343 0.345
-9999 -9999 -9999 -9999 -9999 0.248 0.262 0.254 0.247 0.233 0.244 0.258 0.264 0.277 0.266 0.266 0.262 0.251 0.24 0.229 0.267 0.268 0.257 0.234 0.261 0.253 0.272 0.313 0.334 0.317 0.313 0.34 0.337 0.35 0.36 0.328 0.359 0.36 0.363 0.367 0.371 0.365 0.361 0.373 0.388 0.393 0.398 0.379 0.365 0.377 0.382 0.357 0.361 0.43 0.477 0.433 0.347 0.328 0.328 0.333 0.336 0.336 0.334 0.305 0.317 0.325 0.34 0.347 0.278 0.246 0.277 0.364 0.375 0.308 0.315 0.286 0.362
-9999 -9999 -9999 -9999 0.245 0.243 0.25 0.255 0.258 0.244 0.243 0.263 0.266 0.261 0.262 0.26 0.257 0.253 0.232 0.238 0.249 0.242 0.227 0.266 0.313 0.323 0.301 0.306 0.318 0.311 0.314 0.29 0.314 0.343 0.357 0.333 0.361 0.361 0.354 0.354 0.36 0.363 0.363 0.384 0.365 0.372 0.38 0.36 0.393 0.403 0.416 0.385 0.376 0.371 0.379 0.379 0.372 0.355 0.368 0.347 0.328 0.351 0.34 0.331 0.307 0.301 0.308 0.309 0.286 0.303 0.245 0.311 0.333 0.317 0.349 0.377 0.407
-9999 -9999 0.234 0.247 0.248 0.249 0.253 0.228 0.254 0.218 0.241 0.27 0.264 0.271 0.252 0.261 0.272 0.296 0.256 0.206 0.233 0.23 0.249 0.283 0.311 0.332 0.344 0.336 0.334 0.29 0.323 0.285 0.314 0.326 0.305 0.328 0.371 0.377 0.366 0.377 0.35 0.353 0.354 0.373 0.351 0.355 0.352 0.344 0.386 0.419 0.378 0.448 0.409 0.371 0.339 0.356 0.335 0.358 0.35 0.349 0.332 0.342 0.336 0.3 0.264 0.253 0.277 0.292 0.308 0.248 0.256 0.209 0.225 0.282 0.336 0.347 0.427
-9999 0.216 0.215 0.234 0.24 0.245 0.259 0.248 0.23 0.217 0.232 0.252 0.24 0.245 0.244 0.256 0.275 0.283 0.256 0.213 0.247 0.281 0.274 0.268 0.295 0.297 0.302 0.317 0.318 0.287 0.307 0.287 0.298 0.319 0.312 0.334 0.33 0.349 0.328 0.36 0.386 0.359 0.349 0.346 0.342 0.325 0.37 0.365 0.38 0.412 0.39 0.444 0.434 0.413 0.368 0.33 0.327 0.343 0.291 0.339 0.336 0.308 0.309 0.285 0.282 0.256 0.302 0.32 0.277 0.236 0.231 0.251 0.243 0.237 0.287 0.339 0.392
-9999 0.21 0.209 0.211 0.235 0.249 0.235 0.236 0.248 0.219 0.221 0.225 0.221 0.229 0.232 0.239 0.248 0.249 0.261 0.239 0.238 0.271 0.252 0.224 0.24 0.245 0.265 0.263 0.229 0.252 0.254 0.264 0.256 0.278 0.287 0.288 0.34 0.367 0.377 0.394 0.384 0.362 0.34 0.352 0.34 0.349 0.358 0.395 0.388 0.365 0.353 0.412 0.386 0.347 0.34 0.346 0.366 0.34 0.344 0.392 0.383 0.395 0.363 0.242 0.256 0.233 0.289 0.31 0.283 0.366 0.259 0.256 0.302 0.218 0.268 0.296 0.355
-9999 0.205 0.198 0.201 0.218 0.22 0.23 0.228 0.25 0.212 0.21 0.228 0.203 0.209 0.218 0.221 0.224 0.233 0.251 0.241 0.24 0.255 0.235 0.223 0.238 0.247 0.231 0.244 0.237 0.239 0.243 0.262 0.287 0.28 0.304 0.327 0.329 0.373 0.36 0.367 0.354 0.334 0.352 0.349 0.366 0.35 0.364 0.37 0.369 0.38 0.371 0.399 0.377 0.351 0.361 0.376 0.328 0.332 0.343 0.368 0.336 0.357 0.372 0.294 0.266 0.263 0.318 0.341 0.278 0.262 0.277 0.3 0.315 0.293 0.309 0.355 0.352
0.212 0.181 0.164 0.185 0.179 0.203 0.21 0.208 0.199 0.212 0.225 0.212 0.214 0.219 0.195 0.201 0.226 0.225 0.241 0.225 0.215 0.23 0.223 0.243 0.257 0.275 0.229 0.228 0.235 0.248 0.263 0.236 0.266 0.288 0.291 0.298 0.337 0.396 0.346 0.346 0.36 0.358 0.342 0.352 0.36 0.375 0.35 0.379 0.445 0.414 0.362 0.353 0.342 0.34 0.342 0.34 0.327 0.327 0.35 0.356 0.364 0.347 0.385 0.417 0.381 0.353 0.367 0.398 0.306 0.258 0.316 0.346 0.376 0.367 0.354 0.321 0.296
0.189 0.174 0.145 0.188 0.181 0.196 0.199 0.227 0.22 0.217 0.222 0.224 0.234 0.223 0.19 0.207 0.208 0.204 0.235 0.224 0.223 0.248 0.237 0.223 0.244 0.262 0.227 0.237 0.248 0.225 0.228 0.23 0.24 0.284 0.273 0.29 0.329 0.378 0.32 0.34 0.349 0.355 0.398 0.321 0.369 0.436 0.363 0.349 0.384 0.475 0.41 0.378 0.352 0.367 0.34 0.341 0.387 0.35 0.319 0.347 0.341 0.381 0.359 0.41 0.409 0.392 0.319 0.276 0.314 0.325 0.338 0.332 0.311 0.302 0.256 0.265 0.308
0.169 0.182 0.166 0.195 0.194 0.188 0.207 0.198 0.201 0.207 0.218 0.224 0.217 0.197 0.133 0.163 0.153 0.196 0.225 0.19 0.203 0.228 0.217 0.228 0.224 0.209 0.22 0.244 0.217 0.23 0.242 0.244 0.287 0.299 0.271 0.259 0.314 0.376 0.347 0.381 0.413 0.395 0.353 0.305 0.299 0.35 0.335 0.317 0.33 0.338 0.352 0.335 0.326 0.348 0.353 0.36 0.321 0.299 0.33 0.344 0.321 0.36 0.379 0.39 0.406 0.401 0.37 0.377 0.29 0.324 0.32 0.3 0.258 0.29 0.288 0.326 0.31
0.187 0.185 0.19 0.205 0.21 0.211 0.197 0.198 0.187 0.198 0.188 0.129 0.167 0.191 0.205 0.201 0.21 0.181 0.205 0.225 0.231 0.207 0.234 0.24 0.235 0.232 0.225 0.231 0.243 0.253 0.25 0.253 0.246 0.254 0.339 0.343 0.333 0.37 0.301 0.362 0.378 0.385 0.402 0.446 0.359 0.322 0.324 0.418 0.269 0.266 0.278 0.326 0.339 0.279 0.317 0.323 0.322 0.32 0.264 0.261 0.262 0.26 0.245 0.286 0.368 0.375 0.352 0.354 0.312 0.313 0.298 0.306 0.251 0.248 0.196 0.21 0.224
0.191 0.195 0.19 0.178 0.193 0.198 0.198 0.189 0.202 0.214 0.219 0.193 0.185 0.225 0.225 0.206 0.202 0.203 0.21 0.196 0.219 0.222 0.226 0.246 0.228 0.228 0.239 0.229 0.239 0.24 0.239 0.219 0.239 0.279 0.338 0.368 0.396 0.348 0.351 0.383 0.356 0.353 0.436 0.395 0.348 0.351 0.426 0.389 0.316 0.278 0.3 0.272 0.281 0.306 0.285 0.298 0.305 0.294 0.286 0.253 0.236 0.271 0.325 0.356 0.339 0.322 0.269 0.282 0.247 0.228 0.26 0.27 0.266 0.239 0.218 0.209 0.194
0.185 0.185 0.187 0.169 0.187 0.187 0.186 0.196 0.195 0.185 0.183 0.201 0.22 0.239 0.234 0.219 0.203 0.197 0.183 0.227 0.212 0.21 0.2 0.231 0.255 0.249 0.247 0.228 0.254 0.264 0.244 0.24 0.252 0.295 0.382 0.468 0.471 0.379 0.39 0.45 0.402 0.398 0.385 0.329 0.433 0.437 0.439 0.419 0.29 0.31 0.298 0.293 0.291 0.265 0.272 0.265 0.297 0.24 0.242 0.27 0.255 0.289 0.303 0.351 0.349 0.34 0.319 0.287 0.211 0.204 0.222 0.241 0.269 0.229 0.165 0.201 0.197
0.179 0.165 0.16 0.19 0.177 0.196 0.193 0.197 0.185 0.179 0.198 0.21 0.228 0.261 0.261 0.231 0.198 0.188 0.214 0.229 0.223 0.231 0.213 0.242 0.226 0.278 0.251 0.277 0.282 0.246 0.28 0.317 0.327 0.398 0.461 0.481 0.454 0.391 0.42 0.365 0.372 0.421 0.34 0.354 0.403 0.36 0.468 0.438 0.31 0.3 0.318 0.311 0.309 0.275 0.271 0.283 0.274 0.271 0.269 0.266 0.282 0.286 0.291 0.316 0.345 0.293 0.282 0.265 0.247 0.26 0.259 0.217 0.251 0.181 0.205 0.235 0.226
0.158 0.161 0.164 0.184 0.197 0.21 0.2 0.197 0.196 0.188 0.197 0.208 0.208 0.222 0.245 0.24 0.211 0.204 0.204 0.21 0.21 0.219 0.217 0.261 0.256 0.282 0.237 0.27 0.298 0.301 0.253 0.241 0.298 0.443 0.472 0.381 0.413 0.416 0.394 0.381 0.398 0.337 0.339 0.342 0.397 0.373 0.403 0.406 0.338 0.309 0.299 0.323 0.298 0.293 0.265 0.283 0.305 0.274 0.289 0.265 0.271 0.231 0.252 0.261 0.259 0.251 0.247 0.242 0.261 0.261 0.284 0.245 0.213 0.214 0.206 0.194 0.264
0.153 0.179 0.166 0.176 0.184 0.199 0.209 0.21 0.215 0.207 0.219 0.225 0.218 0.2 0.211 0.21 0.218 0.21 0.227 0.245 0.241 0.25 0.264 0.242 0.224 0.243 0.261 0.284 0.353 0.331 0.419 0.468 0.51 0.326 0.299 0.338 0.296 0.291 0.313 0.31 0.316 0.332 0.389 0.364 0.327 0.351 0.325 0.323 0.382 0.356 0.306 0.284 0.301 0.302 0.298 0.315 0.333 0.324 0.315 0.311 0.297 0.307 0.296 0.285 0.271 0.27 0.27 0.27 0.257 0.251 0.248 0.229 0.209 0.279 0.276 0.248 0.322
0.172 0.187 0.176 0.173 0.178 0.195 0.195 0.204 0.206 0.208 0.202 0.2 0.209 0.217 0.206 0.207 0.218 0.239 0.232 0.24 0.246 0.239 0.254 0.244 0.241 0.25 0.279 0.279 0.344 0.45 0.479 0.507 0.469 0.349 0.336 0.314 0.33 0.308 0.302 0.287 0.311 0.353 0.331 0.329 0.327 0.317 0.296 0.353 0.344 0.31 0.311 0.329 0.285 0.252 0.253 0.265 0.267 0.271 0.261 0.275 0.285 0.286 0.307 0.291 0.288 0.283 0.279 0.279 0.244 0.252 0.246 0.214 0.2 0.306 0.229 0.219 0.341
0.184 0.179 0.194 0.192 0.189 0.21 0.22 0.214 0.211 0.208 0.208 0.218 0.219 0.25 0.22 0.212 0.211 0.21 0.23 0.237 0.272 0.243 0.225 0.302 0.294 0.265 0.292 0.345 0.42 0.504 0.485 0.454 0.354 0.39 0.301 0.285 0.303 0.28 0.282 0.268 0.326 0.322 0.309 0.314 0.308 0.289 0.29 0.308 0.365 0.339 0.325 0.299 0.312 0.275 0.227 0.251 0.243 0.246 0.254 0.242 0.273 0.259 0.242 0.26 0.29 0.3 0.295 0.297 0.282 0.285 0.284 0.267 0.237 0.27 0.283 0.32 0.312
0.179 0.179 0.182 0.191 0.21 0.216 0.212 0.222 0.216 0.206 0.214 0.223 0.221 0.228 0.228 0.222 0.232 0.217 0.238 0.27 0.29 0.296 0.27 0.293 0.333 0.269 0.323 0.44 0.483 0.456 0.394 0.424 0.429 0.359 0.313 0.283 0.278 0.276 0.259 0.291 0.313 0.285 0.258 0.284 0.297 0.305 0.3 0.304 0.309 0.324 0.324 0.293 0.292 0.261 0.22 0.235 0.241 0.231 0.226 0.255 0.27 0.284 0.288 0.265 0.239 0.288 0.31 0.313 0.286 0.251 0.27 0.292 0.263 0.284 0.254 0.293 0.282
0.165 0.172 0.177 0.188 0.188 0.186 0.191 0.202 0.207 0.204 0.221 0.213 0.229 0.23 0.218 0.231 0.249 0.242 0.26 0.288 0.35 0.353 0.307 0.287 0.308 0.352 0.333 0.388 0.406 0.364 0.327 0.379 0.456 0.341 0.302 0.299 0.277 0.261 0.253 0.352 0.329 0.289 0.298 0.361 0.318 0.303 0.304 0.303 0.294 0.313 0.273 0.246 0.266 0.276 0.274 0.264 0.255 0.238 0.242 0.229 0.249 0.267 0.299 0.283 0.282 0.276 0.281 0.301 0.285 0.306 0.279 0.281 0.292 0.262 0.279 0.289 0.285
0.216 0.213 0.215 0.2 0.194 0.2 0.206 0.207 0.199 0.214 0.22 0.239 0.242 0.216 0.226 0.235 0.255 0.253 0.275 0.314 0.307 0.429 0.435 0.345 0.335 0.348 0.381 0.356 0.285 0.281 0.348 0.305 0.282 0.407 0.328 0.295 0.317 0.258 0.263 0.273 0.259 0.27 0.304 0.291 0.32 0.291 0.307 0.33 0.261 0.297 0.273 0.293 0.274 0.278 0.274 0.268 0.257 0.254 0.244 0.241 0.248 0.263 0.312 0.286 0.311 0.324 0.299 0.273 0.289 0.249 0.247 0.277 0.284 0.293 0.281 0.286 0.31
0.211 0.21 0.214 0.2 0.204 0.205 0.225 0.216 0.236 0.247 0.219 0.221 0.238 0.229 0.228 0.244 0.25 0.245 0.271 0.285 0.316 0.375 0.516 0.282 0.311 0.339 0.367 0.297 0.307 0.299 0.289 0.302 0.331 0.331 0.329 0.279 0.254 0.252 0.26 0.26 0.269 0.277 0.284 0.29 0.279 0.271 0.28 0.308 0.24 0.251 0.278 0.276 0.279 0.276 0.27 0.263 0.265 0.268 0.287 0.273 0.279 0.272 0.285 0.283 0.282 0.27 0.291 0.327 0.315 0.303 0.265 0.278 0.287 0.296 0.302 0.312 0.292
0.211 0.211 0.202 0.216 0.224 0.233 0.23 0.219 0.235 0.23 0.245 0.213 0.203 0.234 0.232 0.239 0.274 0.288 0.309 0.362 0.407 0.396 0.392 0.284 0.252 0.366 0.493 0.376 0.291 0.306 0.333 0.313 0.275 0.308 0.352 0.323 0.286 0.27 0.268 0.261 0.248 0.245 0.265 0.251 0.266 0.275 0.276 0.27 0.253 0.28 0.287 0.269 0.273 0.271 0.276 0.28 0.272 0.288 0.292 0.261 0.265 0.293 0.279 0.307 0.284 0.275 0.218 0.201 0.252 0.294 0.326 0.306 0.29 0.317 0.337 0.334 0.28
0.218 0.218 0.217 0.215 0.224 0.223 0.222 0.215 0.228 0.225 0.254 0.249 0.274 0.289 0.266 0.267 0.285 0.315 0.414 0.487 0.369 0.312 0.287 0.293 0.264 0.253 0.329 0.392 0.332 0.32 0.317 0.3 0.254 0.305 0.366 0.335 0.289 0.254 0.257 0.25 0.248 0.236 0.24 0.261 0.246 0.249 0.257 0.237 0.282 0.28 0.29 0.307 0.253 0.265 0.283 0.308 0.283 0.283 0.291 0.292 0.323 0.343 0.331 0.266 0.302 0.315 0.322 0.31 0.235 0.302 0.32 0.299 0.258 0.337 0.343 0.337 0.36
0.202 0.222 0.23 0.226 0.239 0.219 0.219 0.225 0.223 0.258 0.275 0.312 0.33 0.338 0.372 0.342 0.316 0.335 0.409 0.403 0.322 0.299 0.268 0.281 0.334 0.252 0.281 0.368 0.325 0.333 0.284 0.269 0.355 0.285 0.326 0.282 0.284 0.286 0.261 0.244 0.246 0.229 0.227 0.242 0.271 0.251 0.249 0.222 0.286 0.305 0.319 0.295 0.271 0.277 0.344 0.313 0.304 0.314 0.358 0.342 0.347 0.329 0.318 0.244 0.246 0.264 0.322 0.355 0.343 0.303 0.302 0.31 0.337 0.301 0.306 0.327 0.348
