data/china_ndvi_max_2003.asc
ncols         710
nrows         510
xllcorner     70
yllcorner     10
cellsize      0.1
NODATA_value  -9999
[rows 170 to 203 of 510, columns 154 to 230 of 710]
0.445 0.431 0.448 0.43 0.342 0.393 0.356 0.26 0.283 0.201 0.195 0.153 0.157 0.161 0.164 0.201 0.138 0.17 0.214 0.243 0.178 0.191 0.172 0.141 0.19 0.287 0.468 0.418 0.315 0.103 0.113 0.145 0.288 0.36 0.302 0.22 0.175 0.178 0.159 0.187 0.205 0.173 0.233 0.206 0.21 0.199 0.149 0.108 0.139 0.179 0.105 0.107 0.102 0.099 0.1 0.098 0.092 0.101 0.131 0.124 0.126 0.16 0.232 0.202 0.153 0.147 0.167 0.132 0.102 0.102 0.092 0.123 0.131 0.107 0.079 0.093 0.099
0.266 0.239 0.179 0.337 0.423 0.478 0.454 0.391 0.436 0.441 0.409 0.249 0.247 0.231 0.172 0.134 0.188 0.183 0.15 0.111 0.133 0.164 0.17 0.162 0.265 0.392 0.373 0.27 0.15 0.032 0.099 0.042 0.129 0.221 0.373 0.37 0.265 0.253 0.215 0.192 0.21 0.22 0.225 0.191 0.222 0.179 0.166 0.158 0.17 0.193 0.122 0.106 0.094 0.099 0.107 0.099 0.091 0.102 0.128 0.14 0.132 0.101 0.098 0.1 0.121 0.108 0.112 0.101 0.107 0.105 0.092 0.113 0.133 0.112 0.097 0.079 0.108
0.211 0.089 0.152 0.306 0.287 0.268 0.365 0.383 0.372 0.317 0.426 0.437 0.479 0.433 0.289 0.193 0.171 0.139 0.124 0.122 0.146 0.163 0.147 0.173 0.207 0.225 0.186 0.181 0.178 0.16 0.165 0.152 0.139 0.135 0.131 0.101 0.38 0.384 0.413 0.442 0.376 0.252 0.219 0.219 0.223 0.208 0.319 0.374 0.36 0.238 0.19 0.153 0.126 0.125 0.121 0.09 0.098 0.131 0.166 0.131 0.107 0.075 0.08 0.07 0.086 0.101 0.148 0.138 0.132 0.104 0.096 0.088 0.09 0.103 0.021 0.117 0.213
-0.012 0.173 0.229 0.242 0.188 0.091 0.23 0.282 0.247 0.28 0.433 0.44 0.325 0.307 0.346 0.25 0.181 0.141 0.143 0.155 0.202 0.13 0.183 0.14 0.098 0.087 0.104 0.124 0.147 0.166 0.153 0.196 0.201 0.23 0.085 0.098 0.197 0.174 0.221 0.396 0.504 0.413 0.328 0.31 0.264 0.358 0.485 0.488 0.413 0.39 0.38 0.307 0.259 0.264 0.214 0.146 0.184 0.185 0.161 0.12 0.09 0.046 0.043 0.057 0.094 0.083 0.128 0.142 0.124 0.12 0.125 0.102 0.091 0.12 0.018 0.26 0.229
0.007 0.16 0.167 0.184 0.159 0.075 0.146 0.064 0.151 0.233 0.383 0.463 0.425 0.354 0.323 0.347 0.239 0.283 0.266 0.248 0.218 0.115 0.107 0.141 0.112 0.095 0.063 0.075 0.078 0.095 0.115 0.138 0.158 0.199 0.193 0.135 0.139 0.127 0.165 0.197 0.303 0.443 0.476 0.451 0.423 0.469 0.388 0.311 0.28 0.315 0.353 0.32 0.306 0.305 0.247 0.221 0.189 0.177 0.131 0.084 0.061 0.027 0.032 0.056 0.076 0.084 0.117 0.132 0.143 0.155 0.153 0.17 0.172 0.165 0.204 0.234 0.213
0.11 -0.002 0.087 0.164 0.142 0.154 0.139 0.037 0.132 0.223 0.268 0.322 0.374 0.333 0.461 0.458 0.384 0.339 0.39 0.395 0.479 0.338 0.336 0.301 0.232 0.15 0.048 -0.002 0.088 0.157 0.107 0.181 0.18 0.154 0.184 0.191 0.201 0.203 0.192 0.204 0.229 0.167 0.101 0.118 0.2 0.208 0.224 0.182 0.218 0.222 0.207 0.182 0.158 0.137 0.087 0.082 0.068 0.05 0.071 0.093 0.091 0.06 0.066 0.065 0.068 0.063 0.078 0.064 0.089 0.083 0.081 0.099 0.107 0.094 0.12 0.133 0.196
0.037 0.106 0.111 0.132 0.152 0.162 0.223 0.224 0.215 0.22 0.165 0.278 0.299 0.239 0.378 0.297 0.346 0.389 0.304 0.339 0.325 0.229 0.217 0.196 0.172 0.139 0.098 0.088 0.098 0.119 0.105 0.096 0.095 0.078 0.091 0.08 0.125 0.146 0.169 0.194 0.142 0.19 0.211 0.232 0.201 0.19 0.17 0.131 0.132 0.133 0.128 0.09 0.074 0.066 0.073 0.073 0.062 0.077 0.065 0.075 0.082 0.073 0.075 0.066 0.067 0.076 0.08 0.066 0.068 0.064 0.077 0.082 0.073 0.065 0.073 0.076 0.149
0.12 0.086 0.134 0.093 0.107 0.149 0.163 0.188 0.194 0.249 0.175 0.244 0.248 0.208 0.173 0.166 0.265 0.341 0.346 0.228 0.305 0.16 0.116 0.157 0.164 0.131 0.098 0.064 0.058 0.076 0.069 0.05 0.042 0.052 0.084 0.089 0.085 0.084 0.083 0.082 0.081 0.101 0.124 0.114 0.124 0.118 0.094 0.083 0.095 0.08 0.069 0.078 0.058 0.048 0.06 0.057 0.051 0.054 0.052 0.049 0.066 0.069 0.082 0.068 0.063 0.073 0.06 0.059 0.047 0.046 0.063 0.071 0.063 0.06 0.074 0.064 0.067
0.231 0.25 0.247 0.255 0.223 0.204 0.169 0.171 0.171 0.126 0.088 0.104 0.104 0.14 0.077 0.144 0.285 0.266 0.164 0.097 0.121 0.237 0.156 0.134 0.111 0.102 0.061 0.05 0.061 0.04 0.054 0.065 0.051 0.059 0.061 0.053 0.063 0.059 0.073 0.055 0.047 0.065 0.075 0.074 0.075 0.081 0.074 0.063 0.067 0.062 0.053 0.052 0.062 0.05 0.055 0.053 0.058 0.067 0.06 0.058 0.06 0.076 0.086 0.067 0.062 0.07 0.057 0.065 0.044 0.055 0.061 0.067 0.064 0.057 0.055 0.042 0.051
0.191 0.255 0.237 0.195 0.19 0.193 0.165 0.184 0.191 0.195 0.223 0.23 0.214 0.233 0.225 0.157 0.139 0.162 0.196 0.18 0.168 0.167 0.108 0.095 0.081 0.07 0.045 0.05 0.055 0.059 0.044 0.045 0.046 0.069 0.063 0.062 0.055 0.067 0.085 0.056 0.046 0.076 0.069 0.068 0.069 0.06 0.06 0.049 0.05 0.068 0.055 0.093 0.144 0.095 0.065 0.068 0.07 0.071 0.055 0.058 0.068 0.071 0.069 0.078 0.07 0.071 0.055 0.057 0.04 0.043 0.047 0.05 0.057 0.052 0.061 0.156 0.058
0.155 0.206 0.262 0.261 0.181 0.196 0.233 0.269 0.227 0.222 0.189 0.271 0.271 0.293 0.303 0.24 0.197 0.216 0.195 0.157 0.143 0.141 0.122 0.102 0.066 0.063 0.047 0.037 0.054 0.051 0.019 0.049 0.12 0.17 0.075 0.085 0.233 0.087 0.218 0.209 0.137 0.22 0.096 0.092 0.087 0.143 0.1 0.071 0.19 0.253 0.126 0.073 0.068 0.064 0.074 0.076 0.068 0.075 0.071 0.058 0.063 0.058 0.056 0.072 0.067 0.063 0.056 0.058 0.057 0.048 0.041 0.06 0.061 0.056 0.107 0.106 0.071
0.257 0.255 0.264 0.27 0.215 0.217 0.155 0.2 0.211 0.22 0.193 0.273 0.243 0.22 0.185 0.208 0.27 0.247 0.229 0.207 0.208 0.208 0.184 0.146 0.072 0.088 0.047 0.041 0.037 0.038 0.112 0.298 0.263 0.266 0.216 0.114 0.131 0.176 0.169 0.15 0.146 0.154 0.189 0.192 0.118 0.121 0.079 0.101 0.105 0.095 0.097 0.088 0.072 0.076 0.074 0.073 0.07 0.077 0.066 0.056 0.062 0.054 0.06 0.059 0.048 0.043 0.054 0.054 0.063 0.048 0.049 0.065 0.07 0.057 0.064 0.067 0.078
0.111 0.192 0.191 0.232 0.259 0.27 0.184 0.175 0.186 0.183 0.229 0.286 0.26 0.16 0.242 0.246 0.186 0.186 0.238 0.256 0.264 0.283 0.285 0.237 0.191 0.113 0.052 0.048 0.042 0.04 0.038 0.066 0.036 0.083 0.195 0.144 0.091 0.075 0.084 0.071 0.094 0.1 0.145 0.253 0.205 0.073 0.065 0.067 0.071 0.076 0.08 0.087 0.076 0.071 0.076 0.074 0.066 0.064 0.058 0.049 0.056 0.048 0.042 0.04 0.042 0.038 0.041 0.053 0.061 0.051 0.049 0.054 0.059 0.067 0.064 0.066 0.079
0.156 0.062 0.088 0.132 0.143 0.131 0.186 0.215 0.187 0.159 0.2 0.275 0.211 0.242 0.259 0.247 0.191 0.255 0.284 0.3 0.28 0.334 0.338 0.267 0.18 0.147 0.133 0.052 0.044 0.046 0.044 0.049 0.05 0.038 0.037 0.04 0.06 0.054 0.063 0.049 0.058 0.083 0.089 0.095 0.127 0.075 0.056 0.056 0.058 0.066 0.065 0.075 0.074 0.068 0.073 0.074 0.072 0.077 0.071 0.055 0.052 0.047 0.041 0.036 0.034 0.03 0.038 0.036 0.048 0.04 0.033 0.043 0.05 0.059 0.07 0.069 0.074
0.12 0.071 0.208 0.137 0.159 0.162 0.177 0.197 0.142 0.137 0.223 0.23 0.226 0.234 0.261 0.216 0.278 0.276 0.294 0.288 0.271 0.247 0.285 0.275 0.268 0.231 0.137 0.111 0.077 0.069 0.057 0.047 0.034 0.041 0.043 0.049 0.041 0.044 0.048 0.046 0.053 0.063 0.076 0.083 0.096 0.105 0.049 0.047 0.05 0.052 0.056 0.064 0.063 0.067 0.069 0.074 0.072 0.07 0.081 0.068 0.058 0.048 0.044 0.049 0.045 0.028 0.046 0.054 0.046 0.04 0.033 0.041 0.046 0.056 0.059 0.06 0.055
0.129 0.103 0.086 0.08 0.07 0.069 0.076 0.192 0.067 0.114 0.084 0.053 0.055 0.059 0.067 0.051 0.116 0.12 0.14 0.167 0.125 0.104 0.099 0.084 0.06 0.043 0.046 0.044 0.044 0.05 0.054 0.074 0.069 0.063 0.047 0.052 0.049 0.053 0.055 0.055 0.054 0.05 0.049 0.056 0.075 0.072 0.06 0.056 0.055 0.063 0.065 0.063 0.067 0.064 0.061 0.062 0.077 0.072 0.069 0.077 0.064 0.06 0.054 0.054 0.055 0.039 0.079 0.059 0.058 0.055 0.041 0.051 0.051 0.056 0.065 0.066 0.065
0.185 0.113 0.088 0.072 0.061 0.059 0.258 0.31 0.196 0.194 0.222 0.21 0.155 0.148 0.155 0.123 0.105 0.128 0.078 0.104 0.124 0.103 0.094 0.092 0.08 0.054 0.042 0.049 0.052 0.05 0.054 0.055 0.052 0.052 0.051 0.044 0.051 0.051 0.044 0.042 0.039 0.059 0.053 0.059 0.065 0.055 0.059 0.061 0.057 0.056 0.062 0.064 0.065 0.063 0.061 0.064 0.07 0.066 0.059 0.066 0.058 0.061 0.055 0.053 0.044 0.041 0.054 0.055 0.06 0.059 0.045 0.051 0.05 0.052 0.058 0.058 0.058
0.168 0.228 0.198 0.133 0.103 0.098 0.112 0.126 0.184 0.291 0.328 0.3 0.238 0.257 0.326 0.276 0.241 0.243 0.118 0.141 0.175 0.076 0.073 0.076 0.079 0.08 0.062 0.06 0.066 0.079 0.093 0.054 0.064 0.06 0.054 0.054 0.042 0.041 0.04 0.044 0.04 0.048 0.051 0.053 0.051 0.056 0.055 0.049 0.047 0.045 0.05 0.059 0.05 0.051 0.052 0.055 0.063 0.061 0.071 0.059 0.061 0.064 0.046 0.045 0.052 0.053 0.055 0.057 0.047 0.049 0.044 0.055 0.053 0.056 0.066 0.069 0.061
0.226 0.269 0.253 0.211 0.14 0.121 0.075 0.057 0.079 0.143 0.3 0.29 0.291 0.254 0.36 0.305 0.065 0.091 0.208 0.118 0.121 0.071 0.071 0.068 0.062 0.072 0.061 0.047 0.048 0.05 0.047 0.066 0.055 0.048 0.062 0.062 0.051 0.051 0.038 0.037 0.033 0.037 0.038 0.042 0.047 0.051 0.057 0.046 0.048 0.054 0.05 0.072 0.069 0.064 0.067 0.073 0.064 0.063 0.07 0.067 0.068 0.056 0.073 0.049 0.05 0.05 0.045 0.044 0.055 0.041 0.047 0.049 0.047 0.049 0.044 0.056 0.05
0.131 0.16 0.206 0.229 0.2 0.17 0.08 0.068 0.086 0.19 0.205 0.284 0.299 0.313 0.301 -0.3 -0.3 0.156 0.123 0.103 0.078 0.065 0.065 0.061 0.061 0.071 0.055 0.054 0.053 0.061 0.056 0.065 0.059 0.058 0.067 0.054 0.044 0.046 0.04 0.048 0.053 0.045 0.045 0.047 0.048 0.052 0.049 0.053 0.061 0.069 0.075 0.068 0.056 0.055 0.057 0.057 0.062 0.073 0.065 0.067 0.071 0.065 0.066 0.061 0.06 0.057 0.055 0.049 0.046 0.041 0.033 0.052 0.05 0.052 0.057 0.067 0.063
0.065 0.251 0.192 0.078 0.042 0.065 0.06 0.053 0.066 0.06 0.104 0.348 0.33 0.365 -0.3 0.037 0.077 0.086 0.089 0.092 -0.3 0.082 0.075 0.074 0.076 0.082 0.077 0.087 0.079 0.069 0.093 0.074 0.065 0.061 0.068 0.068 0.063 0.059 0.059 0.065 0.054 0.044 0.054 0.057 0.055 0.057 0.058 0.063 0.064 0.059 0.063 0.063 0.057 0.057 0.053 0.057 0.054 0.053 0.054 0.054 0.058 0.059 0.054 0.05 0.055 0.057 0.061 0.05 0.051 0.063 0.063 0.075 0.065 0.068 0.068 0.069 0.062
0.043 0.311 0.29 0.251 0.207 0.247 0.266 0.159 0.078 0.072 0.173 0.346 0.286 0.216 0.108 0.092 0.094 0.111 0.107 0.077 0.08 0.092 0.096 0.074 0.068 0.065 0.085 0.094 0.087 0.082 0.077 0.068 0.067 0.065 0.069 0.071 0.061 0.058 0.052 0.054 0.053 0.046 0.051 0.053 0.056 0.056 0.057 0.06 0.055 0.057 0.06 0.065 0.058 0.056 0.049 0.057 0.052 0.05 0.058 0.063 0.066 0.051 0.049 0.054 0.052 0.041 0.066 0.058 0.059 0.065 0.058 0.069 0.061 0.06 0.058 0.063 0.064
0.04 0.045 0.046 0.049 0.242 0.292 0.327 0.311 0.15 0.044 0.035 0.058 0.067 0.069 0.102 0.076 0.074 0.083 0.091 0.069 0.069 0.062 0.058 0.061 0.059 0.065 0.055 0.067 0.078 0.074 0.072 0.064 0.073 0.075 0.08 0.08 0.066 0.058 0.062 0.058 0.052 0.057 0.071 0.063 0.055 0.053 0.056 0.059 0.062 0.058 0.06 0.058 0.058 0.054 0.052 0.039 0.053 0.054 0.051 0.053 0.053 0.054 0.047 0.054 0.052 0.051 0.048 0.047 0.051 0.04 0.044 0.064 0.058 0.051 0.059 0.054 0.054
0.04 0.039 0.038 0.041 0.175 0.123 0.338 0.123 0.137 0.018 0.029 0.048 0.05 0.057 0.065 0.085 0.103 0.105 0.09 0.076 0.074 0.073 0.07 0.064 0.066 0.073 0.06 0.059 0.075 0.074 0.065 0.072 0.063 0.066 0.072 0.073 0.054 0.048 0.058 0.063 0.063 0.058 0.056 0.061 0.06 0.058 0.057 0.058 0.058 0.064 0.059 0.061 0.06 0.057 0.062 0.045 0.049 0.056 0.058 0.054 0.055 0.051 0.049 0.055 0.047 0.05 0.052 0.046 0.039 0.048 0.05 0.061 0.058 0.052 0.058 0.061 0.065
0.043 0.039 0.037 0.041 0.158 0.157 0.272 0.153 0.131 0.035 0.031 0.04 0.044 0.045 0.052 0.055 0.094 0.116 0.126 0.113 0.123 0.107 0.102 0.106 0.077 0.085 0.068 0.065 0.058 0.059 0.047 0.06 0.067 0.061 0.052 0.05 0.048 0.041 0.046 0.053 0.054 0.053 0.05 0.056 0.058 0.065 0.059 0.058 0.059 0.055 0.054 0.051 0.057 0.061 0.07 0.051 0.055 0.052 0.049 0.044 0.047 0.05 0.045 0.047 0.045 0.051 0.055 0.069 0.049 0.05 0.047 0.052 0.055 0.054 0.056 0.061 0.054
0.062 0.065 0.073 0.088 0.301 0.322 0.292 0.333 0.282 0.161 0.07 0.042 0.051 0.044 0.042 0.045 0.045 0.077 0.078 0.067 0.071 0.1 0.111 0.103 0.085 0.128 0.113 0.102 0.107 0.105 0.119 0.058 0.058 0.059 0.052 0.044 0.053 0.052 0.058 0.059 0.058 0.061 0.05 0.053 0.053 0.057 0.054 0.058 0.055 0.047 0.044 0.048 0.046 0.053 0.063 0.059 0.062 0.062 0.058 0.06 0.071 0.054 0.08 0.048 0.051 0.049 0.054 0.051 0.054 0.047 0.051 0.05 0.049 0.047 0.048 0.05 0.053
0.105 0.139 0.142 0.144 0.152 0.267 0.142 0.166 0.269 0.322 0.236 0.166 0.177 0.126 0.065 0.054 0.048 0.05 0.056 0.053 0.058 0.088 0.084 0.073 0.072 0.076 0.079 0.071 0.066 0.066 0.068 0.056 0.05 0.048 0.044 0.046 0.049 0.043 0.052 0.051 0.072 0.054 0.051 0.057 0.053 0.051 0.057 0.057 0.059 0.057 0.051 0.054 0.046 0.046 0.055 0.056 0.055 0.055 0.053 0.06 0.076 0.053 0.059 0.056 0.047 0.049 0.065 0.065 0.063 0.058 0.057 0.054 0.053 0.048 0.05 0.05 0.052
0.069 0.068 0.087 0.073 0.084 0.094 0.203 0.178 0.167 0.18 0.225 0.122 0.116 0.112 0.14 0.15 0.072 0.052 0.036 0.033 0.033 0.039 0.039 0.048 0.06 0.06 0.066 0.067 0.063 0.06 0.061 0.052 0.049 0.051 0.051 0.051 0.049 0.046 0.046 0.047 0.048 0.058 0.063 0.071 0.073 0.072 0.063 0.061 0.067 0.055 0.049 0.045 0.042 0.043 0.048 0.045 0.045 0.047 0.054 0.05 0.058 0.058 0.063 0.063 0.069 0.069 0.066 0.062 0.059 0.065 0.062 0.056 0.053 0.051 0.051 0.047 0.047
0.09 0.08 0.11 0.13 0.132 0.13 0.164 0.185 0.15 0.116 0.166 0.095 0.081 0.067 0.064 0.088 0.067 0.065 0.062 0.03 0.03 0.03 0.029 0.035 0.033 0.033 0.045 0.051 0.055 0.061 0.045 0.055 0.052 0.071 0.054 0.05 0.056 0.047 0.046 0.042 0.039 0.048 0.052 0.059 0.066 0.056 0.056 0.053 0.054 0.049 0.052 0.047 0.049 0.06 0.045 0.044 0.057 0.045 0.054 0.053 0.057 0.052 0.053 0.06 0.064 0.062 0.061 0.058 0.053 0.052 0.06 0.054 0.049 0.046 0.04 0.046 0.048
0.101 0.133 0.157 0.153 0.117 0.098 0.101 0.097 0.128 0.131 0.117 0.129 0.11 0.076 0.06 0.059 0.074 0.061 0.059 0.057 0.066 0.037 0.039 0.048 0.039 0.039 0.031 0.042 0.048 0.054 0.055 0.052 0.04 0.043 0.048 0.047 0.049 0.046 0.041 0.041 0.042 0.055 0.061 0.049 0.052 0.056 0.063 0.062 0.057 0.048 0.048 0.052 0.05 0.056 0.052 0.055 0.051 0.051 0.061 0.053 0.052 0.055 0.061 0.061 0.061 0.059 0.053 0.055 0.055 0.056 0.05 0.051 0.051 0.047 0.04 0.043 0.049
0.064 0.076 0.074 0.058 0.056 0.058 0.051 0.052 0.051 0.051 0.052 0.05 0.045 0.055 0.091 0.116 0.13 0.114 0.059 0.041 0.042 0.052 0.048 0.04 0.04 0.036 0.036 0.04 0.037 0.042 0.047 0.037 0.034 0.043 0.044 0.042 0.044 0.05 0.047 0.04 0.042 0.048 0.052 0.053 0.05 0.052 0.05 0.052 0.051 0.046 0.039 0.05 0.049 0.053 0.046 0.047 0.055 0.06 0.055 0.055 0.051 0.045 0.055 0.056 0.063 0.062 0.061 0.051 0.048 0.052 0.037 0.034 0.034 0.038 0.038 0.044 0.049
0.054 0.054 0.055 0.058 0.054 0.051 0.051 0.05 0.049 0.049 0.049 0.044 0.045 0.049 0.052 0.071 0.149 0.177 0.174 0.073 0.042 0.042 0.05 0.049 0.04 0.046 0.033 0.03 0.034 0.042 0.035 0.033 0.036 0.041 0.045 0.04 0.047 0.044 0.042 0.039 0.044 0.051 0.057 0.055 0.049 0.051 0.052 0.052 -0.3 0.055 0.048 0.045 0.042 0.047 0.047 0.057 0.06 0.06 0.054 0.051 0.054 0.052 0.061 0.061 0.059 0.06 0.061 0.054 0.054 0.052 0.05 0.048 0.045 0.044 0.042 0.037 0.043
0.052 0.052 0.051 0.05 0.05 0.048 0.047 0.047 0.047 0.046 0.046 0.045 0.045 0.046 0.05 0.049 0.06 0.079 0.116 0.112 0.08 0.088 0.114 0.163 0.167 0.137 0.038 0.034 0.031 0.034 0.044 0.037 0.036 0.041 0.042 0.04 0.043 0.039 0.04 0.042 0.041 0.048 0.05 0.047 0.042 0.04 0.052 -0.3 -0.3 0.033 0.05 0.038 0.041 0.043 0.051 0.057 0.06 0.057 0.049 0.049 0.055 0.058 0.061 0.054 0.048 0.05 0.049 0.048 0.05 0.045 0.041 0.038 0.039 0.036 0.033 0.034 0.045
0.05 0.049 0.051 0.05 0.048 0.047 0.047 0.047 0.047 0.046 0.046 0.047 0.047 0.047 0.048 0.047 0.048 0.049 0.048 0.068 0.145 0.112 0.08 0.156 0.223 0.122 0.049 0.037 0.033 0.032 0.04 0.029 0.028 0.034 0.035 0.036 0.035 0.041 0.04 0.04 0.044 0.044 0.042 0.044 0.044 0.048 0.049 0.051 -0.3 0.027 0.046 0.041 0.042 0.044 0.052 0.056 0.053 0.05 0.046 0.048 0.041 0.048 0.044 0.045 0.049 0.048 0.047 0.045 0.044 0.038 0.028 0.033 0.035 0.033 0.036 0.034 0.047
