data/china_ndvi_max_2002.asc
ncols         710
nrows         510
xllcorner     70
yllcorner     10
cellsize      0.1
NODATA_value  -9999
[rows 136 to 169 of 510, columns 462 to 538 of 710]
-9999 -9999 -9999 -9999 -9999 -9999 -9999 -9999 -9999 -9999 -9999 -9999 -9999 -9999 -9999 -9999 -9999 -9999 -9999 -9999 -9999 -9999 -9999 -9999 -9999 -9999 -9999 -9999 -9999 -9999 -9999 -9999 -9999 -9999 0.373 0.402 0.408 0.401 0.438 0.443 0.443 0.447 0.476 0.486 0.485 0.489 0.524 0.533 0.517 0.473 0.522 0.524 0.479 0.452 0.468 0.486 0.516 0.487 0.454 0.472 0.424 0.438 0.416 0.41 0.424 0.448 0.408 0.374 0.353 0.361 0.359 0.36 0.341 0.365 0.397 0.359 0.3
-9999 -9999 -9999 -9999 -9999 -9999 -9999 -9999 -9999 -9999 -9999 -9999 -9999 -9999 -9999 -9999 -9999 -9999 -9999 -9999 -9999 -9999 -9999 -9999 -9999 -9999 -9999 -9999 -9999 -9999 -9999 -9999 -9999 -9999 -9999 0.395 0.449 0.453 0.455 0.459 0.467 0.521 0.484 0.481 0.484 0.522 0.525 0.533 0.531 0.512 0.506 0.489 0.482 0.463 0.413 0.476 0.558 0.49 0.384 0.421 0.417 0.41 0.43 0.365 0.375 0.373 0.362 0.361 0.37 0.345 0.399 0.401 0.386 0.355 0.271 0.296 0.328
-9999 -9999 -9999 -9999 -9999 -9999 -9999 -9999 -9999 -9999 -9999 -9999 -9999 -9999 -9999 -9999 -9999 -9999 -9999 -9999 -9999 -9999 -9999 -9999 -9999 -9999 -9999 -9999 -9999 -9999 -9999 -9999 -9999 -9999 -9999 -9999 0.425 0.432 0.447 0.494 0.487 0.5 0.499 0.496 0.496 0.526 0.551 0.518 0.474 0.464 0.471 0.47 0.467 0.546 0.465 0.439 0.485 0.433 0.428 0.427 0.475 0.444 0.415 0.374 0.319 0.333 0.357 0.349 0.362 0.355 0.37 0.396 0.384 0.388 0.286 0.347 0.348
-9999 -9999 -9999 -9999 -9999 -9999 -9999 -9999 -9999 -9999 -9999 -9999 -9999 -9999 -9999 -9999 -9999 -9999 -9999 -9999 -9999 -9999 -9999 -9999 -9999 -9999 -9999 -9999 -9999 -9999 -9999 -9999 -9999 -9999 -9999 -9999 0.426 0.426 0.436 0.495 0.494 0.496 0.517 0.505 0.517 0.545 0.535 0.483 0.519 0.509 0.487 0.481 0.489 0.463 0.436 0.425 0.354 0.362 0.438 0.484 0.499 0.446 0.381 0.346 0.343 0.34 0.332 0.355 0.37 0.376 0.368 0.394 0.388 0.362 0.297 0.395 0.368
-9999 -9999 -9999 -9999 -9999 -9999 -9999 -9999 -9999 -9999 -9999 -9999 -9999 -9999 -9999 -9999 -9999 -9999 -9999 -9999 -9999 -9999 -9999 -9999 -9999 -9999 -9999 -9999 -9999 -9999 -9999 -9999 -9999 -9999 -9999 -9999 -9999 -9999 0.453 0.545 0.516 0.498 0.518 0.521 0.543 0.51 0.486 0.476 0.524 0.459 0.438 0.423 0.467 0.502 0.509 0.479 0.417 0.39 0.41 0.36 0.348 0.366 0.365 0.354 0.333 0.322 0.365 0.358 0.369 0.269 0.274 0.366 0.366 0.372 0.374 0.33 0.326
-9999 -9999 -9999 -9999 -9999 -9999 -9999 -9999 -9999 -9999 -9999 -9999 -9999 -9999 -9999 -9999 -9999 -9999 -9999 -9999 -9999 -9999 -9999 -9999 -9999 -9999 -9999 -9999 -9999 -9999 -9999 -9999 -9999 -9999 -9999 -9999 -9999 -9999 0.466 0.477 0.463 0.445 0.488 0.474 0.507 0.51 0.478 0.476 0.499 0.488 0.426 0.418 0.469 0.492 0.483 0.435 0.395 0.403 0.345 0.313 0.314 0.331 0.347 0.323 0.329 0.348 0.353 0.314 0.355 0.305 0.367 0.41 0.381 0.32 0.318 0.274 0.359
-9999 -9999 -9999 -9999 -9999 -9999 -9999 -9999 -9999 -9999 -9999 -9999 -9999 -9999 -9999 -9999 -9999 -9999 -9999 -9999 -9999 0.313 0.295 -9999 -9999 -9999 0.312 0.346 0.349 -9999 -9999 -9999 -9999 -9999 -9999 -9999 -9999 -9999 0.443 0.456 0.464 0.447 0.432 0.443 0.436 0.434 0.429 0.433 0.422 0.425 0.425 0.464 0.406 0.492 0.44 0.432 0.487 0.458 0.378 0.356 0.315 0.327 0.325 0.329 0.318 0.321 0.315 0.298 0.363 0.37 0.376 0.417 0.436 0.396 0.383 0.39 0.332
-9999 -9999 -9999 -9999 -9999 -9999 -9999 -9999 -9999 -9999 -9999 -9999 -9999 -9999 -9999 -9999 -9999 -9999 0.307 0.296 0.292 0.292 0.279 0.269 0.281 0.282 0.301 0.301 0.314 0.305 0.348 0.37 0.377 0.353 0.374 -9999 0.449 0.458 0.437 0.42 0.416 0.415 0.405 0.423 0.425 0.42 0.449 0.474 0.465 0.407 0.378 0.426 0.426 0.443 0.432 0.408 0.456 0.51 0.41 0.334 0.334 0.311 0.302 0.319 0.325 0.325 0.295 0.296 0.379 0.384 0.387 0.434 0.419 0.371 0.372 0.383 0.279
-9999 -9999 -9999 -9999 -9999 -9999 -9999 -9999 -9999 -9999 -9999 -9999 -9999 0.272 0.276 0.263 0.244 0.271 0.288 0.248 0.242 0.243 0.261 0.279 0.275 0.347 0.331 0.309 0.299 0.316 0.323 0.342 0.322 0.374 0.422 0.431 0.426 0.408 0.396 0.412 0.421 0.389 0.406 0.413 0.42 0.423 0.437 0.517 0.435 0.443 0.472 0.412 0.374 0.455 0.407 0.394 0.481 0.44 0.36 0.339 0.312 0.306 0.299 0.314 0.328 0.322 0.318 0.3 0.345 0.378 0.397 0.423 0.427 0.363 0.347 0.362 0.278
-9999 -9999 -9999 -9999 -9999 -9999 -9999 -9999 -9999 -9999 -9999 -9999 0.265 0.257 0.25 0.259 0.247 0.211 0.234 0.245 0.257 0.279 0.277 0.251 0.271 0.298 0.271 0.326 0.32 0.361 0.38 0.329 0.343 0.389 0.38 0.348 0.37 0.373 0.388 0.397 0.406 0.39 0.401 0.385 0.386 0.391 0.47 0.444 0.382 0.37 0.343 0.352 0.367 0.407 0.391 0.381 0.381 0.324 0.312 0.329 0.308 0.338 0.311 0.339 0.323 0.322 0.315 0.308 0.373 0.318 0.37 0.333 0.37 0.287 0.295 0.326 0.348
-9999 -9999 -9999 -9999 -9999 0.255 0.267 0.26 0.278 0.261 0.255 0.27 0.284 0.251 0.257 0.255 0.247 0.246 0.239 0.252 0.267 0.272 0.254 0.243 0.251 0.258 0.284 0.311 0.338 0.344 0.337 0.341 0.334 0.356 0.37 0.347 0.355 0.368 0.38 0.395 0.38 0.368 0.374 0.395 0.424 0.427 0.436 0.386 0.366 0.369 0.374 0.352 0.355 0.469 0.503 0.438 0.358 0.306 0.302 0.322 0.334 0.337 0.352 0.32 0.309 0.316 0.324 0.331 0.251 0.227 0.266 0.363 0.378 0.284 0.281 0.284 0.369
-9999 -9999 -9999 -9999 0.263 0.266 0.272 0.272 0.265 0.243 0.24 0.246 0.267 0.241 0.234 0.254 0.247 0.239 0.249 0.234 0.251 0.24 0.233 0.264 0.352 0.351 0.298 0.298 0.35 0.319 0.331 0.305 0.336 0.367 0.37 0.355 0.361 0.377 0.364 0.362 0.386 0.381 0.37 0.399 0.387 0.39 0.392 0.379 0.415 0.429 0.433 0.4 0.348 0.356 0.358 0.363 0.356 0.343 0.347 0.337 0.331 0.339 0.347 0.342 0.323 0.319 0.313 0.298 0.291 0.274 0.219 0.319 0.341 0.33 0.324 0.377 0.406
-9999 -9999 0.288 0.24 0.268 0.275 0.25 0.237 0.263 0.215 0.241 0.247 0.251 0.251 0.229 0.238 0.247 0.245 0.238 0.192 0.237 0.23 0.257 0.304 0.346 0.366 0.343 0.338 0.323 0.301 0.312 0.288 0.329 0.361 0.372 0.36 0.367 0.388 0.387 0.379 0.368 0.362 0.346 0.372 0.369 0.365 0.355 0.342 0.442 0.463 0.425 0.436 0.387 0.36 0.348 0.342 0.337 0.36 0.341 0.352 0.32 0.328 0.346 0.304 0.297 0.3 0.298 0.327 0.305 0.279 0.261 0.227 0.211 0.274 0.29 0.321 0.418
-9999 0.259 0.295 0.272 0.247 0.247 0.263 0.255 0.234 0.223 0.229 0.257 0.251 0.217 0.214 0.209 0.249 0.279 0.257 0.227 0.273 0.31 0.311 0.295 0.329 0.319 0.316 0.323 0.349 0.308 0.343 0.324 0.347 0.363 0.325 0.343 0.355 0.347 0.338 0.355 0.379 0.36 0.352 0.344 0.348 0.337 0.383 0.391 0.381 0.417 0.402 0.462 0.442 0.414 0.398 0.372 0.353 0.357 0.302 0.344 0.326 0.305 0.305 0.297 0.288 0.273 0.318 0.328 0.276 0.266 0.261 0.259 0.244 0.241 0.28 0.317 0.402
-9999 0.256 0.262 0.251 0.261 0.293 0.268 0.272 0.292 0.24 0.221 0.251 0.266 0.244 0.241 0.25 0.248 0.25 0.25 0.226 0.247 0.287 0.278 0.254 0.26 0.275 0.316 0.308 0.286 0.322 0.325 0.332 0.315 0.366 0.328 0.301 0.328 0.369 0.373 0.377 0.373 0.372 0.35 0.38 0.369 0.377 0.405 0.439 0.413 0.365 0.375 0.417 0.392 0.353 0.334 0.349 0.324 0.317 0.351 0.39 0.359 0.36 0.344 0.257 0.277 0.254 0.289 0.307 0.285 0.335 0.269 0.262 0.3 0.23 0.259 0.309 0.371
-9999 0.221 0.24 0.262 0.258 0.267 0.255 0.259 0.255 0.249 0.221 0.244 0.257 0.238 0.24 0.248 0.24 0.255 0.229 0.244 0.254 0.257 0.253 0.255 0.252 0.256 0.268 0.288 0.281 0.314 0.327 0.336 0.338 0.335 0.335 0.322 0.317 0.374 0.391 0.371 0.361 0.346 0.366 0.368 0.378 0.38 0.405 0.423 0.396 0.41 0.396 0.42 0.394 0.36 0.364 0.366 0.319 0.326 0.315 0.343 0.322 0.331 0.366 0.292 0.281 0.257 0.303 0.324 0.298 0.279 0.27 0.304 0.298 0.28 0.327 0.392 0.417
0.235 0.182 0.209 0.24 0.237 0.237 0.242 0.257 0.272 0.261 0.26 0.249 0.237 0.223 0.219 0.225 0.226 0.229 0.24 0.225 0.226 0.227 0.28 0.259 0.261 0.265 0.259 0.294 0.277 0.313 0.323 0.297 0.304 0.314 0.314 0.336 0.366 0.406 0.362 0.37 0.378 0.36 0.349 0.359 0.369 0.411 0.384 0.458 0.482 0.459 0.394 0.368 0.358 0.336 0.339 0.334 0.315 0.313 0.333 0.341 0.325 0.331 0.372 0.4 0.372 0.347 0.366 0.393 0.312 0.275 0.323 0.359 0.36 0.368 0.359 0.347 0.245
0.219 0.186 0.133 0.247 0.219 0.224 0.245 0.236 0.271 0.26 0.257 0.246 0.243 0.252 0.212 0.264 0.257 0.195 0.196 0.214 0.221 0.254 0.245 0.268 0.283 0.283 0.269 0.277 0.302 0.267 0.275 0.284 0.308 0.315 0.3 0.327 0.35 0.375 0.335 0.354 0.371 0.345 0.404 0.374 0.403 0.461 0.399 0.389 0.439 0.524 0.439 0.414 0.361 0.366 0.331 0.313 0.345 0.311 0.309 0.303 0.308 0.343 0.339 0.407 0.403 0.385 0.302 0.269 0.319 0.34 0.363 0.361 0.338 0.309 0.266 0.26 0.317
0.189 0.182 0.146 0.236 0.249 0.219 0.232 0.234 0.246 0.243 0.233 0.245 0.23 0.285 0.175 0.19 0.191 0.216 0.192 0.172 0.199 0.247 0.243 0.257 0.231 0.22 0.257 0.295 0.255 0.283 0.307 0.292 0.302 0.328 0.3 0.297 0.339 0.385 0.354 0.411 0.403 0.39 0.368 0.335 0.322 0.377 0.356 0.331 0.352 0.365 0.366 0.368 0.357 0.359 0.341 0.342 0.304 0.289 0.31 0.3 0.283 0.316 0.347 0.369 0.383 0.377 0.365 0.385 0.313 0.344 0.365 0.313 0.291 0.311 0.306 0.344 0.327
0.24 0.248 0.272 0.27 0.274 0.284 0.241 0.216 0.199 0.2 0.208 0.164 0.196 0.24 0.253 0.234 0.208 0.197 0.227 0.266 0.258 0.249 0.282 0.248 0.247 0.246 0.252 0.281 0.311 0.293 0.306 0.297 0.274 0.291 0.36 0.362 0.341 0.365 0.339 0.39 0.382 0.406 0.435 0.464 0.42 0.374 0.373 0.454 0.305 0.263 0.301 0.352 0.368 0.302 0.324 0.338 0.319 0.315 0.293 0.272 0.266 0.273 0.223 0.262 0.391 0.397 0.348 0.363 0.328 0.341 0.319 0.315 0.268 0.239 0.213 0.236 0.224
0.235 0.233 0.198 0.22 0.242 0.252 0.251 0.251 0.222 0.208 0.213 0.202 0.203 0.27 0.26 0.245 0.232 0.244 0.235 0.214 0.24 0.28 0.275 0.26 0.251 0.255 0.269 0.275 0.309 0.282 0.311 0.275 0.264 0.302 0.35 0.374 0.394 0.357 0.385 0.404 0.379 0.404 0.459 0.421 0.386 0.397 0.47 0.425 0.355 0.333 0.332 0.305 0.315 0.327 0.309 0.327 0.318 0.31 0.295 0.29 0.269 0.275 0.309 0.326 0.331 0.309 0.27 0.299 0.287 0.235 0.253 0.262 0.277 0.298 0.273 0.231 0.219
0.232 0.212 0.213 0.204 0.207 0.242 0.266 0.248 0.223 0.216 0.22 0.247 0.247 0.266 0.271 0.257 0.251 0.252 0.204 0.273 0.26 0.278 0.259 0.254 0.282 0.289 0.289 0.289 0.314 0.316 0.28 0.262 0.283 0.323 0.37 0.431 0.441 0.372 0.42 0.457 0.419 0.402 0.416 0.373 0.48 0.486 0.49 0.47 0.338 0.353 0.341 0.333 0.3 0.309 0.302 0.296 0.293 0.259 0.276 0.311 0.273 0.304 0.305 0.35 0.346 0.346 0.35 0.32 0.244 0.213 0.256 0.243 0.264 0.28 0.186 0.219 0.213
0.217 0.192 0.219 0.235 0.238 0.248 0.269 0.25 0.246 0.228 0.228 0.237 0.248 0.272 0.278 0.25 0.236 0.239 0.26 0.256 0.239 0.277 0.271 0.289 0.263 0.309 0.295 0.336 0.337 0.302 0.335 0.361 0.375 0.403 0.436 0.479 0.43 0.382 0.427 0.377 0.387 0.424 0.37 0.425 0.452 0.424 0.526 0.482 0.33 0.332 0.373 0.327 0.32 0.326 0.322 0.301 0.294 0.286 0.284 0.298 0.292 0.303 0.294 0.317 0.343 0.329 0.31 0.307 0.261 0.276 0.281 0.246 0.281 0.206 0.227 0.253 0.23
0.193 0.211 0.236 0.226 0.24 0.261 0.256 0.241 0.247 0.257 0.271 0.276 0.239 0.266 0.285 0.278 0.254 0.227 0.222 0.237 0.237 0.261 0.286 0.289 0.289 0.352 0.302 0.332 0.35 0.351 0.312 0.316 0.368 0.469 0.491 0.403 0.425 0.429 0.393 0.421 0.425 0.374 0.39 0.389 0.436 0.421 0.448 0.436 0.364 0.327 0.335 0.373 0.338 0.301 0.297 0.309 0.313 0.301 0.289 0.283 0.291 0.251 0.253 0.273 0.273 0.268 0.267 0.268 0.286 0.283 0.322 0.264 0.231 0.232 0.22 0.211 0.278
0.198 0.242 0.26 0.233 0.214 0.225 0.252 0.249 0.239 0.262 0.267 0.277 0.257 0.268 0.251 0.26 0.254 0.244 0.272 0.257 0.262 0.299 0.312 0.283 0.274 0.279 0.315 0.363 0.372 0.356 0.414 0.487 0.504 0.359 0.326 0.392 0.354 0.35 0.372 0.353 0.375 0.39 0.439 0.41 0.339 0.399 0.343 0.317 0.431 0.372 0.32 0.294 0.295 0.312 0.321 0.33 0.345 0.302 0.352 0.316 0.31 0.323 0.296 0.284 0.263 0.263 0.272 0.293 0.281 0.245 0.254 0.226 0.199 0.293 0.273 0.24 0.329
0.227 0.241 0.229 0.231 0.225 0.254 0.272 0.257 0.241 0.248 0.28 0.27 0.285 0.275 0.269 0.277 0.273 0.266 0.272 0.256 0.277 0.295 0.302 0.276 0.27 0.306 0.323 0.321 0.358 0.435 0.462 0.502 0.483 0.383 0.349 0.33 0.393 0.374 0.349 0.326 0.382 0.405 0.367 0.376 0.333 0.312 0.328 0.369 0.347 0.315 0.318 0.341 0.312 0.273 0.277 0.298 0.306 0.3 0.27 0.282 0.296 0.284 0.303 0.293 0.288 0.288 0.291 0.303 0.256 0.259 0.252 0.226 0.2 0.333 0.236 0.207 0.347
0.238 0.234 0.259 0.252 0.244 0.274 0.275 0.269 0.26 0.261 0.268 0.255 0.244 0.291 0.253 0.264 0.287 0.301 0.319 0.308 0.338 0.316 0.278 0.354 0.354 0.321 0.328 0.372 0.412 0.487 0.49 0.48 0.38 0.436 0.338 0.299 0.353 0.327 0.322 0.311 0.368 0.348 0.338 0.346 0.333 0.318 0.3 0.338 0.373 0.329 0.317 0.286 0.305 0.309 0.268 0.293 0.269 0.248 0.257 0.255 0.268 0.254 0.245 0.265 0.297 0.318 0.309 0.303 0.298 0.309 0.313 0.285 0.242 0.261 0.28 0.322 0.332
0.217 0.217 0.249 0.262 0.271 0.276 0.275 0.271 0.261 0.263 0.249 0.233 0.226 0.268 0.272 0.326 0.34 0.331 0.32 0.323 0.366 0.354 0.326 0.342 0.378 0.337 0.369 0.405 0.478 0.477 0.413 0.466 0.463 0.404 0.374 0.335 0.304 0.328 0.311 0.372 0.38 0.353 0.31 0.3 0.326 0.322 0.317 0.316 0.317 0.343 0.308 0.26 0.291 0.275 0.235 0.246 0.252 0.245 0.237 0.265 0.266 0.274 0.294 0.262 0.246 0.302 0.325 0.322 0.282 0.248 0.272 0.319 0.291 0.305 0.29 0.304 0.285
0.185 0.23 0.237 0.264 0.272 0.279 0.263 0.243 0.242 0.251 0.262 0.258 0.279 0.283 0.268 0.3 0.31 0.306 0.337 0.343 0.375 0.385 0.402 0.328 0.365 0.361 0.361 0.391 0.453 0.38 0.355 0.418 0.5 0.373 0.369 0.362 0.314 0.308 0.3 0.426 0.39 0.334 0.331 0.374 0.327 0.324 0.311 0.308 0.302 0.294 0.263 0.226 0.262 0.287 0.282 0.283 0.281 0.276 0.26 0.251 0.263 0.265 0.304 0.299 0.288 0.281 0.291 0.313 0.281 0.31 0.271 0.292 0.314 0.267 0.299 0.306 0.307
0.264 0.273 0.264 0.249 0.237 0.266 0.256 0.255 0.251 0.264 0.257 0.261 0.268 0.306 0.286 0.288 0.322 0.323 0.316 0.356 0.335 0.421 0.43 0.377 0.377 0.37 0.436 0.415 0.331 0.325 0.404 0.359 0.319 0.447 0.362 0.354 0.386 0.304 0.281 0.287 0.294 0.314 0.36 0.324 0.366 0.33 0.326 0.37 0.263 0.307 0.269 0.317 0.284 0.276 0.282 0.28 0.272 0.273 0.259 0.26 0.268 0.259 0.281 0.272 0.295 0.299 0.305 0.289 0.289 0.254 0.253 0.295 0.268 0.312 0.289 0.285 0.329
0.258 0.277 0.3 0.275 0.267 0.293 0.321 0.294 0.308 0.303 0.245 0.264 0.278 0.276 0.28 0.29 0.301 0.282 0.317 0.329 0.343 0.393 0.47 0.35 0.359 0.387 0.42 0.399 0.365 0.35 0.342 0.332 0.345 0.383 0.374 0.342 0.315 0.288 0.276 0.276 0.301 0.297 0.319 0.31 0.322 0.296 0.285 0.344 0.257 0.258 0.29 0.302 0.305 0.288 0.283 0.28 0.287 0.284 0.275 0.274 0.27 0.262 0.271 0.273 0.273 0.287 0.297 0.328 0.302 0.301 0.27 0.269 0.301 0.309 0.314 0.311 0.288
0.273 0.25 0.233 0.258 0.307 0.32 0.293 0.302 0.287 0.272 0.272 0.245 0.232 0.267 0.282 0.281 0.306 0.298 0.356 0.389 0.416 0.425 0.408 0.297 0.293 0.423 0.511 0.447 0.351 0.36 0.39 0.34 0.322 0.342 0.395 0.355 0.311 0.293 0.284 0.27 0.261 0.255 0.274 0.294 0.319 0.326 0.324 0.303 0.26 0.28 0.293 0.289 0.309 0.282 0.272 0.274 0.295 0.307 0.276 0.274 0.276 0.294 0.289 0.304 0.279 0.289 0.218 0.19 0.26 0.299 0.328 0.303 0.282 0.328 0.342 0.358 0.275
0.265 0.258 0.261 0.258 0.283 0.296 0.27 0.236 0.235 0.277 0.277 0.286 0.299 0.323 0.301 0.317 0.312 0.358 0.43 0.477 0.377 0.331 0.292 0.316 0.322 0.329 0.434 0.48 0.396 0.386 0.38 0.334 0.289 0.349 0.412 0.384 0.305 0.292 0.29 0.276 0.296 0.269 0.263 0.271 0.294 0.303 0.323 0.305 0.306 0.273 0.286 0.31 0.276 0.28 0.28 0.294 0.274 0.256 0.28 0.279 0.333 0.342 0.331 0.316 0.33 0.309 0.311 0.288 0.255 0.288 0.3 0.285 0.25 0.359 0.389 0.372 0.357
0.249 0.256 0.266 0.295 0.284 0.286 0.277 0.271 0.264 0.299 0.307 0.352 0.35 0.357 0.383 0.372 0.317 0.326 0.402 0.428 0.338 0.319 0.278 0.295 0.386 0.315 0.369 0.456 0.377 0.381 0.35 0.334 0.363 0.308 0.374 0.312 0.307 0.31 0.285 0.29 0.292 0.271 0.26 0.268 0.287 0.267 0.289 0.285 0.313 0.292 0.33 0.312 0.281 0.269 0.354 0.32 0.297 0.3 0.372 0.328 0.307 0.322 0.324 0.265 0.266 0.285 0.321 0.357 0.345 0.289 0.304 0.306 0.344 0.284 0.278 0.299 0.357
