data/china_ndvi_max_1992.asc
ncols         710
nrows         510
xllcorner     70
yllcorner     10
cellsize      0.1
NODATA_value  -9999
[rows 306 to 339 of 510, columns 231 to 307 of 710]
0.157 0.252 0.107 0.362 -0.034 0.009 -0.02 0.075 0.062 0.101 0.324 0.313 0.343 0.298 0.615 0.657 0.657 0.75 0.67 0.113 0.047 0.062 0.39 0.506 0.056 -0.014 0.158 0.367 0.091 0.1 0.239 0.237 0.123 0.284 0.262 0.249 0.251 0.155 0.192 0.188 0.322 0.299 0.231 0.255 0.268 0.337 0.227 0.354 0.346 0.41 0.392 0.387 0.405 0.413 0.402 0.384 0.453 0.589 0.629 0.466 0.251 0.579 0.617 0.547 0.36 0.357 0.395 0.436 0.315 0.374 0.341 0.403 0.574 0.445 0.611 0.664 0.67
0.47 0.358 0.182 0.383 0.116 0.365 0.239 0.07 0.227 0.342 0.02 0.034 0.151 0.181 0.244 0.088 0.193 0.501 0.503 0.593 0.56 0.398 0.143 0.563 0.146 0.004 0.362 0.585 0.454 0.122 0.152 0.171 0.224 0.125 0.215 0.203 0.22 0.196 0.287 0.249 0.249 0.268 0.282 0.274 0.264 0.252 0.259 0.266 0.326 0.394 0.405 0.388 0.394 0.392 0.405 0.405 0.392 0.333 0.553 0.477 0.493 0.569 0.636 0.576 0.266 0.236 0.349 0.469 0.406 0.422 0.417 0.412 0.452 0.453 0.5 0.625 0.665
0.517 0.243 0.254 0.53 0.284 0.498 0.313 0.286 0.291 0.434 0.26 0.038 0.073 0.3 0.306 0.316 0.205 0.115 0.339 0.718 0.703 0.343 0.2 0.425 0.633 0.567 0.577 0.426 0.117 0.306 0.145 0.146 0.151 0.324 0.137 0.223 0.121 0.111 0.162 0.331 0.296 0.219 0.264 0.251 0.302 0.232 0.21 0.177 0.282 0.379 0.395 0.394 0.378 0.378 0.389 0.306 0.339 0.384 0.605 0.565 0.653 0.547 0.409 0.311 0.136 0.187 0.36 0.465 0.472 0.404 0.499 0.432 0.405 0.435 0.45 0.409 0.542
0.493 0.266 0.103 0.211 0.476 0.576 0.468 0.465 0.577 0.605 0.361 0.29 0.286 0.204 0.575 0.569 0.639 0.452 0.316 0.742 0.665 0.692 0.547 0.325 0.629 0.645 0.535 0.36 0.434 0.477 0.353 0.223 0.188 0.303 0.155 0.076 0.149 0.226 0.24 0.237 0.262 0.241 0.219 0.21 0.354 0.279 0.314 0.227 0.326 0.34 0.373 0.406 0.391 0.385 0.397 0.454 0.475 0.528 0.471 0.613 0.531 0.513 0.18 0.309 0.251 0.278 0.289 0.298 0.391 0.377 0.459 0.406 0.437 0.458 0.454 0.501 0.613
0.258 0.469 0.546 0.586 0.516 0.632 0.603 0.364 0.363 0.282 0.479 0.39 0.33 0.322 0.289 0.208 0.357 0.689 0.229 0.513 0.792 0.759 0.663 0.354 0.674 0.602 0.668 0.631 0.323 0.137 0.512 0.337 0.122 0.052 0.102 0.075 0.179 0.098 0.004 0.03 0.219 0.21 0.358 0.277 0.289 0.336 0.36 0.322 0.235 0.385 0.291 0.377 0.485 0.436 0.303 0.297 0.586 0.454 0.356 0.476 0.575 0.378 0.264 0.227 0.207 0.11 0.193 0.507 0.528 0.302 0.257 0.224 0.451 0.482 0.485 0.469 0.432
0.093 0.103 0.514 0.324 0.342 0.616 0.569 0.683 0.654 0.535 0.35 0.5 0.622 0.307 0.315 0.286 0.657 0.54 0.174 0.386 0.684 0.701 0.745 0.461 0.265 0.181 0.231 0.567 0.637 0.349 0.57 0.417 0.326 0.079 0.06 0.16 0.234 0.157 0.046 0.113 0.177 0.12 0.311 0.464 0.3 0.357 0.341 0.323 0.342 0.252 0.396 0.395 0.389 0.545 0.363 0.444 0.564 0.567 0.393 0.545 0.431 0.268 0.239 0.195 0.354 0.257 0.368 0.484 0.501 0.237 0.268 0.372 0.458 0.442 0.505 0.467 0.426
0.34 0.296 0.493 0.415 0.162 0.342 0.374 0.262 0.634 0.6 0.62 0.525 0.598 0.617 0.405 0.258 0.655 0.542 0.615 0.22 0.348 0.351 0.683 0.801 0.503 0.503 0.182 0.304 0.352 0.498 0.355 0.439 0.312 0.29 -0.01 0.015 0.162 0.179 0.139 0.008 0.056 0.003 0.172 0.365 0.297 0.31 0.275 0.341 0.371 0.165 0.303 0.291 0.298 0.436 0.392 0.33 0.517 0.572 0.632 0.532 0.378 0.311 0.436 0.32 0.386 0.356 0.36 0.546 0.533 0.328 0.354 0.374 0.456 0.392 0.464 0.464 0.538
0.258 0.043 0.246 0.101 0.207 0.415 0.162 0.497 0.207 0.404 0.266 0.338 0.552 0.339 0.496 0.318 0.52 0.551 0.681 0.199 0.008 0.198 0.741 0.796 0.624 0.433 0.286 0.096 0.037 0.148 0.004 0.356 0.483 0.405 0.197 -0.016 0.177 0.096 0.027 0.07 0.027 -0.012 0.161 0.321 0.252 0.184 0.279 0.268 0.374 0.183 0.264 0.242 0.246 0.286 0.384 0.314 0.389 0.36 0.352 0.521 0.676 0.541 0.507 0.62 0.2 0.198 0.242 0.639 0.536 0.316 0.293 0.304 0.293 0.372 0.456 0.408 0.452
0.21 0.142 0.211 0.197 0.201 0.273 0.185 0.332 0.202 0.299 0.229 0.28 0.399 0.577 0.663 0.598 0.637 0.589 0.571 0.3 0.318 0.417 0.642 0.868 0.745 0.55 0.484 0.434 0.365 0.055 0.006 0.062 0.223 0.242 0.177 0.09 0.065 0.238 0.004 0.047 -0.013 0.168 0.168 0.072 0.197 0.319 0.275 0.235 0.288 0.212 0.193 0.368 0.463 0.338 0.503 0.457 0.415 0.351 0.329 0.473 0.631 0.33 0.469 0.573 0.457 0.34 0.32 0.642 0.632 0.339 0.338 0.334 0.276 0.362 0.423 0.51 0.537
0.204 0.277 0.175 0.27 0.398 0.278 0.211 0.335 0.512 0.491 0.548 0.285 0.508 0.637 0.56 0.536 0.616 0.413 0.27 0.547 0.738 0.831 0.843 0.853 0.482 0.338 0.381 0.167 0.064 -0.005 0.12 0.468 0.339 0.257 -0.062 -0.053 -0.004 0.092 0.26 0.082 0.099 0.178 0.245 0.138 0.15 0.264 0.188 0.319 0.19 0.397 0.114 0.266 0.305 0.45 0.576 0.495 0.431 0.41 0.375 0.431 0.598 0.621 0.632 0.586 0.729 0.646 0.534 0.533 0.623 0.381 0.305 0.286 0.401 0.409 0.451 0.376 0.521
0.241 0.315 0.211 0.302 0.626 0.39 0.342 0.225 0.226 0.666 0.528 0.349 0.557 0.568 0.451 0.393 0.356 0.091 0.395 0.62 0.836 0.886 0.886 0.871 0.642 0.469 0.387 0.284 0.251 0.207 0.19 0.102 0.473 0.438 0.232 0.077 -0.047 0.078 0.22 0.064 0.131 0.293 0.109 0.19 0.147 0.161 0.028 0.229 0.287 0.399 0.328 0.211 0.178 0.22 0.537 0.665 0.536 0.504 0.529 0.462 0.314 0.491 0.526 0.596 0.635 0.649 0.574 0.537 0.661 0.454 0.368 0.321 0.317 0.377 0.432 0.407 0.497
0.506 0.416 0.234 0.384 0.583 0.607 0.55 0.602 0.693 0.612 0.646 0.606 0.626 0.399 0.267 0.34 0.513 0.323 0.685 0.879 0.87 0.858 0.882 0.732 0.521 0.496 0.353 0.292 0.595 0.423 0.313 0.417 0.254 0.511 0.487 0.193 -0.01 -0.008 0.138 0.16 0.303 0.474 0.114 0.236 0.166 0.193 0.227 0.144 0.314 0.455 0.477 0.446 0.27 0.186 0.468 0.462 0.575 0.461 0.398 0.496 0.228 0.528 0.556 0.41 0.666 0.639 0.628 0.469 0.628 0.496 0.411 0.343 0.322 0.35 0.521 0.518 0.593
0.498 0.549 0.259 0.392 0.576 0.609 0.533 0.468 0.395 0.633 0.378 0.623 0.517 0.529 0.405 0.584 0.453 0.582 0.731 0.869 0.873 0.873 0.629 0.449 0.405 0.458 0.431 0.396 0.785 0.413 0.651 0.354 0.095 0.137 0.342 0.433 0.136 0.23 0.059 -0.004 0.049 0.266 0.508 0.267 0.155 0.132 0.223 0.225 0.171 0.227 0.462 0.472 0.446 0.291 0.222 0.354 0.587 0.512 0.455 0.473 0.214 0.49 0.505 0.687 0.583 0.627 0.592 0.484 0.67 0.455 0.457 0.449 0.368 0.362 0.529 0.615 0.609
0.492 0.352 0.33 0.477 0.296 0.218 0.333 0.477 0.655 0.331 0.363 0.65 0.489 0.347 0.675 0.515 0.594 0.813 0.856 0.899 0.866 0.718 0.537 0.581 0.54 0.574 0.723 0.757 0.705 0.577 0.373 0.216 0.268 0.109 0.627 0.603 0.396 0.528 0.475 0.159 0.128 0.189 0.401 0.528 0.255 0.259 0.156 0.31 0.385 0.284 0.518 0.455 0.478 0.471 0.255 0.364 0.544 0.443 0.469 0.524 0.252 0.51 0.516 0.501 0.618 0.663 0.538 0.56 0.607 0.51 0.465 0.399 0.393 0.379 0.604 0.629 0.584
0.315 0.063 0.09 0.468 0.204 0.493 0.669 0.65 0.655 0.297 0.586 0.834 0.835 0.776 0.814 0.878 0.859 0.879 0.89 0.892 0.876 0.804 0.56 0.255 0.829 0.756 0.733 0.842 0.788 0.742 0.521 0.345 0.407 0.349 0.376 0.309 0.707 0.485 0.338 0.474 0.122 0.281 0.255 0.104 0.568 0.346 0.128 0.262 0.105 0.315 0.381 0.414 0.366 0.178 0.484 0.452 0.545 0.401 0.582 0.496 0.233 0.503 0.512 0.434 0.606 0.596 0.38 0.471 0.532 0.383 0.363 0.365 0.516 0.595 0.659 0.731 0.648
0.397 0.239 0.36 0.353 0.34 0.39 0.569 0.51 0.535 0.526 0.592 0.733 0.765 0.723 0.714 0.854 0.867 0.869 0.862 0.868 0.846 0.852 0.831 0.502 0.861 0.853 0.85 0.873 0.805 0.585 0.391 0.589 0.613 0.489 0.307 0.117 0.619 0.534 0.413 0.596 0.34 0.108 0.5 0.238 0.662 0.505 0.384 0.166 0.149 0.11 0.409 0.571 0.401 0.569 0.365 0.539 0.376 0.428 0.372 0.585 0.32 0.528 0.475 0.604 0.454 0.548 0.524 0.437 0.507 0.403 0.361 0.458 0.352 0.525 0.617 0.59 0.647
0.37 0.364 0.648 0.476 0.347 0.518 0.546 0.511 0.492 0.671 0.655 0.68 0.755 0.85 0.694 0.875 0.877 0.86 0.858 0.872 0.839 0.661 0.707 0.585 0.697 0.846 0.859 0.847 0.856 0.819 0.799 0.796 0.561 0.428 0.343 0.154 0.404 0.727 0.635 0.631 0.461 0.504 0.473 0.461 0.508 0.338 0.237 0.287 0.212 0.224 0.111 0.234 0.489 0.546 0.525 0.385 0.389 0.544 0.518 0.493 0.317 0.492 0.446 0.353 0.405 0.317 0.536 0.573 0.494 0.285 0.455 0.55 0.392 0.264 0.559 0.602 0.574
0.546 0.322 0.275 0.618 0.545 0.549 0.562 0.619 0.386 0.737 0.638 0.803 0.829 0.847 0.677 0.856 0.876 0.849 0.867 0.842 0.856 0.813 0.845 0.379 0.743 0.669 0.828 0.873 0.855 0.843 0.748 0.805 0.652 0.601 0.355 0.429 0.15 0.384 0.718 0.639 0.668 0.625 0.712 0.697 0.415 0.373 0.181 0.372 0.353 0.285 0.342 0.019 0.41 0.486 0.615 0.325 0.528 0.56 0.566 0.548 0.467 0.372 0.41 0.431 0.513 0.623 0.502 0.544 0.334 0.304 0.343 0.589 0.54 0.563 0.562 0.71 0.64
0.774 0.519 0.592 0.624 0.34 0.631 0.744 0.73 0.432 0.692 0.697 0.847 0.871 0.841 0.868 0.882 0.891 0.858 0.82 0.848 0.871 0.857 0.868 0.673 0.841 0.875 0.885 0.889 0.901 0.644 0.436 0.408 0.422 0.394 0.375 0.342 0.214 0.227 0.506 0.679 0.695 0.582 0.559 0.497 0.151 -9999 0.183 0.146 0.31 0.477 0.371 0.521 0.694 0.507 0.642 0.353 0.464 0.496 0.586 0.348 0.585 0.334 0.397 0.461 0.511 0.497 0.463 0.52 0.555 0.341 0.472 0.597 0.519 0.574 0.625 0.675 0.678
0.6 0.558 0.595 0.709 0.857 0.845 0.82 0.837 0.854 0.87 0.843 0.817 0.665 0.652 0.825 0.866 0.865 0.859 0.865 0.855 0.86 0.852 0.843 0.806 0.838 0.856 0.871 0.868 0.84 0.768 0.75 0.814 0.389 0.372 0.653 0.81 0.732 0.288 0.13 0.694 0.699 0.603 0.393 0.352 -9999 -9999 -9999 0.178 0.345 0.545 0.259 0.576 0.275 0.426 0.657 0.661 0.4 0.586 0.335 0.266 0.62 0.357 0.456 0.514 0.567 0.579 0.677 0.679 0.55 0.409 0.637 0.723 0.595 0.29 0.628 0.579 0.694
0.435 0.657 0.627 0.633 0.695 0.777 0.886 0.732 0.842 0.845 0.867 0.856 0.87 0.736 0.855 0.865 0.873 0.869 0.869 0.872 0.869 0.858 0.846 0.84 0.856 0.844 0.698 0.828 0.803 0.844 0.863 0.747 0.573 0.516 0.846 0.819 0.591 0.293 0.327 0.693 0.609 0.349 0.376 0.397 -9999 -9999 -9999 -9999 -9999 0.397 0.673 0.54 0.486 0.382 0.69 0.608 0.384 0.374 0.398 0.298 0.382 0.558 0.455 0.528 0.651 0.661 0.7 0.649 0.535 0.646 0.666 0.665 0.599 0.547 0.495 0.678 0.659
0.745 0.87 0.84 0.835 0.865 0.891 0.88 0.86 0.793 0.871 0.872 0.873 0.834 0.772 0.856 0.864 0.853 0.861 0.849 0.837 0.86 0.86 0.86 0.855 0.726 -9999 -9999 -9999 -9999 0.796 -9999 -9999 0.657 0.691 0.855 0.816 0.831 0.511 0.227 0.674 0.669 0.489 0.358 -9999 -9999 -9999 -9999 -9999 -9999 -9999 0.359 0.575 0.639 0.512 0.74 0.625 0.45 0.621 0.555 0.471 0.533 0.644 0.497 0.401 0.613 0.687 0.68 0.679 0.492 0.358 0.575 0.688 0.681 0.314 0.688 0.605 0.676
0.595 0.851 0.865 0.875 0.871 0.858 0.882 0.896 0.854 0.86 0.865 0.882 0.837 0.859 0.861 0.847 0.853 0.83 0.838 0.871 0.867 0.873 0.755 -9999 -9999 -9999 -9999 -9999 -9999 -9999 -9999 -9999 -9999 -9999 0.845 0.816 0.808 0.341 0.41 0.719 0.699 0.503 0.284 -9999 -9999 -9999 -9999 -9999 -9999 -9999 -9999 0.3 0.681 0.651 0.726 0.736 0.435 0.53 0.599 0.362 0.627 0.614 0.678 0.562 0.7 0.719 0.703 0.685 0.529 0.511 0.568 0.681 0.622 0.493 0.694 0.752 0.587
0.744 0.738 0.834 0.857 0.869 0.865 0.866 0.859 0.868 0.868 0.862 0.877 0.866 0.869 0.845 0.84 0.848 0.841 0.847 0.847 0.86 0.843 0.713 -9999 -9999 -9999 -9999 -9999 -9999 -9999 -9999 -9999 -9999 -9999 -9999 -9999 0.807 0.769 0.483 0.758 0.445 0.13 0.079 -9999 -9999 -9999 -9999 -9999 -9999 -9999 -9999 0.241 0.646 0.724 0.651 0.745 0.73 0.415 0.614 0.53 0.542 0.701 0.63 0.626 0.639 0.639 0.638 0.667 0.638 0.559 0.575 0.672 0.651 0.691 0.704 0.642 0.628
0.771 0.804 0.852 0.822 0.84 0.857 0.846 0.827 0.861 0.878 0.855 0.863 0.865 0.877 0.877 0.834 0.863 0.849 0.874 0.883 0.885 -9999 -9999 -9999 -9999 -9999 -9999 -9999 -9999 -9999 -9999 -9999 -9999 -9999 -9999 -9999 -9999 -9999 0.827 0.826 0.611 0.666 -9999 -9999 -9999 -9999 -9999 -9999 -9999 -9999 -9999 -9999 0.698 0.783 0.317 0.686 0.717 0.469 0.574 0.626 0.527 0.631 0.662 0.685 0.696 0.568 0.593 0.607 0.576 0.646 0.701 0.718 0.729 0.725 0.714 0.637 0.624
0.714 0.873 0.85 0.834 0.865 0.867 0.884 0.87 0.866 0.854 0.864 0.866 0.878 0.865 0.877 0.859 0.871 0.875 0.87 -9999 -9999 -9999 -9999 -9999 -9999 -9999 -9999 -9999 -9999 -9999 -9999 -9999 -9999 -9999 -9999 -9999 -9999 -9999 -9999 -9999 0.82 -9999 -9999 -9999 -9999 -9999 -9999 -9999 -9999 -9999 -9999 -9999 0.661 0.788 0.591 0.715 0.732 0.55 0.324 0.644 0.588 0.707 0.647 0.669 0.623 0.647 0.455 0.575 0.597 0.684 0.694 0.647 0.663 0.562 0.671 0.603 0.492
0.857 0.879 0.835 0.811 0.856 0.838 0.854 0.881 0.863 0.877 0.878 0.873 0.865 0.853 0.862 0.875 0.85 -9999 -9999 -9999 -9999 -9999 -9999 -9999 -9999 -9999 -9999 -9999 -9999 -9999 -9999 -9999 -9999 -9999 -9999 -9999 -9999 -9999 -9999 -9999 -9999 -9999 -9999 -9999 -9999 -9999 -9999 -9999 -9999 -9999 -9999 -9999 0.841 0.822 0.652 0.724 0.735 0.661 0.492 0.629 0.701 0.633 0.663 0.651 0.674 0.645 0.608 0.635 0.632 0.669 0.588 0.649 0.575 0.538 0.654 0.637 0.59
0.871 0.871 0.741 0.737 0.823 0.862 0.825 0.819 0.815 0.871 0.816 0.846 0.858 0.843 -9999 -9999 -9999 -9999 -9999 -9999 -9999 -9999 -9999 -9999 -9999 -9999 -9999 -9999 -9999 -9999 -9999 -9999 -9999 -9999 -9999 -9999 -9999 -9999 -9999 -9999 -9999 -9999 -9999 -9999 -9999 -9999 -9999 -9999 -9999 -9999 -9999 -9999 -9999 0.793 -9999 0.675 0.795 0.8 0.747 0.65 0.558 0.587 0.673 0.716 0.683 0.633 0.6 0.592 0.617 0.649 0.622 0.62 0.676 0.645 0.629 0.569 0.644
0.852 0.846 0.707 0.697 0.846 0.824 0.829 0.74 0.769 0.844 0.835 -9999 -9999 -9999 -9999 -9999 -9999 -9999 -9999 -9999 -9999 -9999 -9999 -9999 -9999 -9999 -9999 -9999 -9999 -9999 -9999 -9999 -9999 -9999 -9999 -9999 -9999 -9999 -9999 -9999 -9999 -9999 -9999 -9999 -9999 -9999 -9999 -9999 -9999 -9999 -9999 -9999 -9999 -9999 -9999 -9999 0.534 0.749 0.767 0.602 0.681 0.649 0.735 0.71 0.694 0.701 0.636 0.535 0.612 0.618 0.615 0.607 0.591 0.714 0.638 0.554 0.609
0.841 0.829 0.821 0.746 0.847 0.838 0.874 0.871 0.843 0.884 -9999 -9999 -9999 -9999 -9999 -9999 -9999 -9999 -9999 -9999 -9999 -9999 -9999 -9999 -9999 -9999 -9999 -9999 -9999 -9999 -9999 -9999 -9999 -9999 -9999 -9999 -9999 -9999 -9999 -9999 -9999 -9999 -9999 -9999 -9999 -9999 -9999 -9999 -9999 -9999 -9999 -9999 -9999 -9999 -9999 -9999 -9999 0.742 0.772 0.622 0.652 0.685 0.727 0.703 0.703 0.603 0.649 0.568 0.593 0.612 0.615 0.544 0.624 0.644 0.579 0.636 0.599
0.826 0.848 0.822 0.83 0.841 0.836 0.859 0.859 0.866 -9999 -9999 -9999 -9999 -9999 -9999 -9999 -9999 -9999 -9999 -9999 -9999 -9999 -9999 -9999 -9999 -9999 -9999 -9999 -9999 -9999 -9999 -9999 -9999 -9999 -9999 -9999 -9999 -9999 -9999 -9999 -9999 -9999 -9999 -9999 -9999 -9999 -9999 -9999 -9999 -9999 -9999 -9999 -9999 -9999 -9999 -9999 -9999 0.677 0.776 0.683 0.609 0.607 0.63 0.646 0.705 0.652 0.656 0.706 0.651 0.664 0.462 0.554 0.583 0.661 0.59 0.63 0.586
0.852 0.828 0.831 0.819 0.851 0.852 0.849 0.866 -9999 -9999 -9999 -9999 -9999 -9999 -9999 -9999 -9999 -9999 -9999 -9999 -9999 -9999 -9999 -9999 -9999 -9999 -9999 -9999 -9999 -9999 -9999 -9999 -9999 -9999 -9999 -9999 -9999 -9999 -9999 -9999 -9999 -9999 -9999 -9999 -9999 -9999 -9999 -9999 -9999 -9999 -9999 -9999 -9999 -9999 -9999 -9999 0.573 0.625 0.723 0.63 0.621 0.64 0.623 0.694 0.678 0.72 0.693 0.678 0.693 0.656 0.638 0.547 0.643 0.626 0.595 0.568 0.578
0.834 0.813 0.847 0.861 0.879 0.838 0.762 0.747 -9999 -9999 -9999 -9999 -9999 -9999 -9999 -9999 -9999 -9999 -9999 -9999 -9999 -9999 -9999 -9999 -9999 -9999 -9999 -9999 -9999 -9999 -9999 -9999 -9999 -9999 -9999 -9999 -9999 -9999 -9999 -9999 -9999 -9999 -9999 -9999 -9999 -9999 -9999 -9999 -9999 -9999 -9999 -9999 -9999 -9999 -9999 -9999 -9999 0.731 0.706 0.572 0.661 0.605 0.614 0.622 0.658 0.731 0.694 0.665 0.585 0.662 0.721 0.38 0.671 0.621 0.623 0.659 0.574
0.836 0.836 0.857 0.851 0.847 0.761 0.781 -9999 -9999 -9999 -9999 -9999 -9999 -9999 -9999 -9999 -9999 -9999 -9999 -9999 -9999 -9999 -9999 -9999 -9999 -9999 -9999 -9999 -9999 -9999 -9999 -9999 -9999 -9999 -9999 -9999 -9999 -9999 -9999 -9999 -9999 -9999 -9999 -9999 -9999 -9999 -9999 -9999 -9999 -9999 -9999 -9999 -9999 -9999 -9999 -9999 -9999 0.646 0.718 0.64 0.639 0.634 0.648 0.622 0.672 0.704 0.676 0.629 0.606 0.66 0.673 0.558 0.6 0.675 0.626 0.678 0.591
