data/china_ndvi_max_2008.asc
ncols         710
nrows         510
xllcorner     70
yllcorner     10
cellsize      0.1
NODATA_value  -9999
[rows 280 to 314 of 510, columns 385 to 461 of 710]
0.548 0.61 0.666 0.655 0.653 0.639 0.662 0.639 0.559 0.524 0.59 0.654 0.672 0.663 0.665 0.619 0.688 0.701 0.655 0.582 0.552 0.558 0.587 0.536 0.54 0.594 0.624 0.684 0.64 0.603 0.528 0.492 0.542 0.58 0.602 0.627 0.622 0.586 0.566 0.577 0.547 0.572 0.566 0.579 0.555 0.559 0.554 0.556 0.566 0.544 0.632 0.672 0.632 0.594 0.662 0.632 0.672 0.671 0.649 0.666 0.636 0.628 0.625 0.594 0.626 0.648 0.653 0.628 0.632 0.627 0.666 0.663 0.622 0.501 0.518 0.69 0.684
0.668 0.593 0.559 0.564 0.59 0.538 0.521 0.598 0.552 0.49 0.685 0.671 0.651 0.654 0.686 0.648 0.608 0.644 0.659 0.648 0.57 0.531 0.519 0.491 0.47 0.502 0.544 0.542 0.595 0.638 0.416 0.5 0.553 0.591 0.566 0.618 0.622 0.609 0.61 0.601 0.551 0.555 0.553 0.567 0.586 0.574 0.574 0.565 0.566 0.543 0.471 0.546 0.547 0.509 0.564 0.583 0.639 0.65 0.672 0.674 0.63 0.611 0.637 0.636 0.62 0.668 0.674 0.65 0.643 0.633 0.647 0.644 0.634 0.624 0.624 0.65 0.602
0.636 0.646 0.639 0.587 0.556 0.458 0.53 0.617 0.645 0.638 0.659 0.703 0.698 0.687 0.689 0.696 0.709 0.711 0.713 0.718 0.658 0.658 0.678 0.61 0.623 0.545 0.482 0.543 0.631 0.608 0.379 0.509 0.574 0.581 0.603 0.56 0.581 0.587 0.6 0.62 0.578 0.573 0.58 0.529 0.587 0.576 0.548 0.54 0.513 0.517 0.534 0.642 0.627 0.623 0.595 0.627 0.592 0.651 0.65 0.659 0.655 0.646 0.628 0.654 0.64 0.633 0.611 0.633 0.641 0.632 0.615 0.637 0.642 0.628 0.624 0.559 0.566
0.623 0.63 0.6 0.55 0.595 0.593 0.63 0.616 0.614 0.65 0.693 0.694 0.728 0.704 0.733 0.72 0.718 0.725 0.717 0.725 0.722 0.684 0.622 0.474 0.603 0.591 0.561 0.539 0.517 0.506 0.649 0.68 0.581 0.615 0.623 0.602 0.596 0.623 0.6 0.598 0.575 0.593 0.58 0.587 0.6 0.569 0.58 0.57 0.524 0.595 0.519 0.527 0.578 0.675 0.683 0.607 0.632 0.64 0.638 0.569 0.643 0.646 0.645 0.646 0.628 0.677 0.659 0.608 0.639 0.645 0.565 0.605 0.652 0.593 0.575 0.546 0.569
0.627 0.632 0.607 0.61 0.597 0.646 0.655 0.642 0.638 0.69 0.674 0.684 0.695 0.703 0.724 0.705 0.71 0.72 0.74 0.726 0.73 0.723 0.732 0.671 0.621 0.577 0.516 0.574 0.577 0.542 0.539 0.609 0.583 0.618 0.641 0.609 0.609 0.632 0.618 0.529 0.598 0.571 0.587 0.61 0.59 0.483 0.537 0.551 0.617 0.659 0.576 0.468 0.473 0.584 0.556 0.598 0.593 0.617 0.646 0.641 0.656 0.655 0.651 0.652 0.65 0.659 0.647 0.645 0.642 0.621 0.629 0.622 0.605 0.584 0.574 0.552 0.599
0.671 0.658 0.651 0.663 0.677 0.683 0.694 0.705 0.693 0.626 0.663 0.625 0.596 0.561 0.574 0.657 0.728 0.741 0.71 0.686 0.641 0.704 0.721 0.706 0.675 0.705 0.708 0.726 0.693 0.715 0.63 0.566 0.536 0.594 0.608 0.636 0.64 0.635 0.604 0.56 0.631 0.633 0.64 0.581 0.557 0.57 0.64 0.602 0.668 0.545 0.505 0.538 0.602 0.577 0.537 0.543 0.572 0.536 0.543 0.601 0.637 0.657 0.622 0.639 0.635 0.582 0.561 0.63 0.56 0.538 0.598 0.549 0.543 0.565 0.568 0.566 0.54
0.688 0.665 0.681 0.688 0.668 0.679 0.683 0.696 0.694 0.701 0.641 0.629 0.597 0.589 0.573 0.602 0.665 0.699 0.676 0.639 0.733 0.716 0.715 0.701 0.703 0.689 0.7 0.731 0.698 0.614 0.606 0.514 0.537 0.609 0.574 0.629 0.628 0.646 0.607 0.573 0.635 0.628 0.622 0.608 0.553 0.461 0.582 0.607 0.643 0.684 0.626 0.598 0.563 0.534 0.516 0.513 0.527 0.502 0.552 0.585 0.629 0.64 0.55 0.555 0.589 0.598 0.625 0.601 0.578 0.591 0.547 0.566 0.559 0.587 0.584 0.588 0.571
0.73 0.697 0.701 0.707 0.721 0.687 0.69 0.686 0.697 0.671 0.703 0.668 0.68 0.662 0.643 0.639 0.656 0.62 0.685 0.725 0.736 0.726 0.707 0.719 0.727 0.713 0.728 0.723 0.738 0.717 0.593 0.642 0.624 0.559 0.575 0.596 0.612 0.581 0.551 0.582 0.618 0.601 0.593 0.606 0.566 0.564 0.601 0.639 0.558 0.581 0.671 0.634 0.589 0.634 0.596 0.553 0.544 0.544 0.542 0.57 0.546 0.587 0.561 0.556 0.556 0.576 0.577 0.561 0.576 0.608 0.564 0.511 0.485 0.579 0.594 0.571 0.554
0.711 0.73 0.739 0.741 0.743 0.694 0.678 0.674 0.701 0.687 0.699 0.72 0.69 0.629 0.67 0.648 0.658 0.691 0.734 0.744 0.706 0.729 0.676 0.643 0.698 0.725 0.744 0.75 0.715 0.729 0.652 0.674 0.626 0.564 0.581 0.618 0.541 0.45 0.537 0.625 0.588 0.584 0.567 0.507 0.584 0.596 0.606 0.644 0.588 0.631 0.608 0.647 0.675 0.723 0.593 0.409 0.436 0.457 0.486 0.593 0.544 0.609 0.55 0.563 0.553 0.517 0.489 0.531 0.525 0.548 0.536 0.534 0.515 0.565 0.573 0.524 0.536
0.695 0.697 0.727 0.694 0.701 0.671 0.683 0.67 0.673 0.66 0.679 0.717 0.7 0.691 0.686 0.678 0.701 0.714 0.707 0.706 0.606 0.565 0.559 0.616 0.677 0.684 0.729 0.736 0.715 0.713 0.717 0.714 0.739 0.65 0.599 0.532 0.382 0.458 0.621 0.603 0.58 0.589 0.596 0.587 0.595 0.57 0.551 0.557 0.618 0.6 0.58 0.641 0.684 0.699 0.685 0.594 0.571 0.586 0.529 0.51 0.531 0.529 0.534 0.579 0.56 0.565 0.51 0.522 0.494 0.498 0.487 0.528 0.536 0.522 0.53 0.519 0.505
0.695 0.708 0.698 0.66 0.687 0.703 0.705 0.672 0.685 0.678 0.681 0.693 0.669 0.685 0.691 0.681 0.699 0.692 0.69 0.703 0.683 0.683 0.699 0.684 0.693 0.686 0.689 0.689 0.653 0.691 0.697 0.733 0.729 0.672 0.67 0.618 0.619 0.516 0.557 0.557 0.67 0.644 0.621 0.595 0.582 0.61 0.611 0.574 0.554 0.584 0.563 0.593 0.585 0.665 0.63 0.644 0.672 0.636 0.584 0.61 0.569 0.607 0.521 0.546 0.502 0.492 0.496 0.539 0.625 0.567 0.588 0.544 0.566 0.493 0.494 0.532 0.505
0.691 0.693 0.695 0.692 0.689 0.702 0.687 0.692 0.706 0.704 0.684 0.689 0.723 0.691 0.706 0.675 0.684 0.681 0.696 0.692 0.709 0.696 0.699 0.698 0.667 0.699 0.689 0.69 0.66 0.674 0.712 0.701 0.697 0.654 0.612 0.623 0.615 0.561 0.579 0.578 0.642 0.679 0.59 0.624 0.643 0.61 0.589 0.626 0.574 0.57 0.547 0.573 0.59 0.57 0.615 0.644 0.688 0.564 0.645 0.678 0.59 0.634 0.615 0.546 0.541 0.535 0.533 0.586 0.584 0.479 0.607 0.634 0.687 0.634 0.547 0.514 0.519
0.72 0.704 0.692 0.677 0.671 0.699 0.693 0.701 0.708 0.692 0.69 0.701 0.729 0.7 0.686 0.675 0.664 0.681 0.699 0.677 0.727 0.711 0.686 0.672 0.649 0.679 0.684 0.683 0.686 0.68 0.7 0.708 0.707 0.691 0.619 0.63 0.635 0.618 0.548 0.521 0.582 0.625 0.626 0.621 0.657 0.707 0.628 0.586 0.577 0.464 0.578 0.554 0.533 0.516 0.547 0.627 0.616 0.494 0.614 0.59 0.599 0.684 0.655 0.653 0.594 0.649 0.621 0.593 0.627 0.613 0.704 0.726 0.681 0.69 0.614 0.592 0.561
0.692 0.709 0.677 0.677 0.655 0.656 0.674 0.659 0.664 0.695 0.717 0.652 0.621 0.705 0.712 0.698 0.675 0.736 0.714 0.717 0.731 0.733 0.729 0.707 0.725 0.678 0.658 0.667 0.696 0.712 0.71 0.715 0.709 0.706 0.687 0.647 0.703 0.612 0.624 0.575 0.564 0.605 0.691 0.687 0.658 0.674 0.624 0.589 0.6 0.585 0.53 0.51 0.501 0.506 0.483 0.527 0.55 0.518 0.556 0.538 0.654 0.705 0.641 0.715 0.548 0.674 0.731 0.688 0.642 0.649 0.658 0.681 0.665 0.643 0.693 0.696 0.667
0.742 0.741 0.701 0.676 0.716 0.69 0.712 0.693 0.683 0.68 0.674 0.663 0.69 0.716 0.711 0.714 0.713 0.71 0.729 0.71 0.737 0.704 0.735 0.713 0.706 0.663 0.67 0.686 0.686 0.711 0.727 0.729 0.72 0.697 0.674 0.636 0.671 0.658 0.617 0.636 0.574 0.611 0.62 0.672 0.713 0.653 0.664 0.669 0.644 0.629 0.537 0.494 0.542 0.518 0.497 0.48 0.498 0.54 0.53 0.562 0.644 0.716 0.625 0.59 0.64 0.705 0.69 0.674 0.666 0.697 0.694 0.637 0.61 0.605 0.716 0.67 0.751
0.604 0.646 0.631 0.688 0.677 0.658 0.643 0.655 0.655 0.645 0.606 0.584 0.619 0.685 0.716 0.728 0.739 0.728 0.7 0.714 0.749 0.717 0.698 0.687 0.707 0.742 0.731 0.736 0.714 0.691 0.72 0.701 0.705 0.692 0.669 0.675 0.636 0.654 0.598 0.593 0.586 0.576 0.603 0.609 0.659 0.713 0.705 0.608 0.645 0.671 0.62 0.568 0.595 0.593 0.536 0.501 0.621 0.668 0.587 0.54 0.524 0.512 0.607 0.628 0.636 0.545 0.671 0.678 0.705 0.724 0.668 0.651 0.68 0.689 0.702 0.707 0.682
0.597 0.621 0.635 0.663 0.654 0.678 0.671 0.658 0.659 0.658 0.617 0.585 0.581 0.556 0.608 0.704 0.754 0.728 0.715 0.737 0.74 0.716 0.682 0.648 0.682 0.717 0.707 0.708 0.715 0.696 0.684 0.705 0.726 0.7 0.654 0.737 0.654 0.638 0.591 0.579 0.544 0.535 0.586 0.617 0.713 0.698 0.69 0.593 0.643 0.608 0.61 0.595 0.529 0.545 0.524 0.505 0.613 0.661 0.547 0.556 0.502 0.473 0.603 0.575 0.526 0.562 0.634 0.616 0.681 0.702 0.638 0.686 0.723 0.719 0.692 0.708 0.706
0.579 0.6 0.614 0.587 0.603 0.638 0.614 0.665 0.643 0.655 0.619 0.618 0.624 0.604 0.591 0.665 0.616 0.629 0.632 0.66 0.688 0.733 0.689 0.665 0.672 0.728 0.751 0.72 0.725 0.704 0.681 0.705 0.71 0.706 0.714 0.731 0.694 0.638 0.674 0.684 0.505 0.547 0.608 0.564 0.617 0.723 0.701 0.66 0.589 0.581 0.563 0.551 0.489 0.539 0.518 0.5 0.578 0.67 0.614 0.531 0.519 0.539 0.614 0.572 0.538 0.476 0.567 0.645 0.677 0.605 0.655 0.727 0.723 0.7 0.712 0.69 0.673
0.557 0.578 0.608 0.602 0.605 0.671 0.639 0.605 0.604 0.578 0.591 0.588 0.583 0.663 0.538 0.625 0.637 0.638 0.64 0.618 0.72 0.675 0.688 0.645 0.708 0.707 0.726 0.716 0.719 0.719 0.71 0.645 0.704 0.717 0.701 0.707 0.727 0.626 0.626 0.637 0.566 0.423 0.573 0.659 0.57 0.719 0.662 0.671 0.569 0.566 0.546 0.553 0.519 0.494 0.505 0.519 0.517 0.602 0.621 0.574 0.541 0.515 0.534 0.577 0.512 0.542 0.659 0.681 0.657 0.567 0.709 0.68 0.659 0.729 0.706 0.711 0.698
0.578 0.601 0.582 0.596 0.591 0.663 0.674 0.651 0.635 0.605 0.531 0.557 0.595 0.553 0.547 0.632 0.584 0.562 0.569 0.574 0.633 0.649 0.649 0.679 0.704 0.728 0.71 0.701 0.698 0.674 0.691 0.64 0.697 0.72 0.72 0.612 0.668 0.523 0.56 0.567 0.55 0.589 0.569 0.586 0.683 0.534 0.576 0.654 0.598 0.558 0.532 0.545 0.526 0.488 0.511 0.508 0.525 0.521 0.538 0.566 0.537 0.511 0.538 0.51 0.518 0.535 0.598 0.662 0.636 0.547 0.684 0.645 0.68 0.673 0.714 0.721 0.72
0.587 0.606 0.597 0.6 0.592 0.613 0.601 0.6 0.627 0.614 0.639 0.561 0.589 0.65 0.678 0.7 0.631 0.658 0.676 0.675 0.641 0.646 0.679 0.648 0.644 0.628 0.689 0.718 0.699 0.653 0.738 0.714 0.569 0.659 0.6 0.645 0.601 0.626 0.617 0.625 0.502 0.534 0.585 0.594 0.582 0.562 0.554 0.547 0.555 0.55 0.532 0.535 0.531 0.547 0.504 0.434 0.477 0.489 0.486 0.417 0.517 0.504 0.504 0.535 0.516 0.624 0.677 0.617 0.634 0.668 0.653 0.626 0.669 0.638 0.678 0.734 0.737
0.614 0.611 0.603 0.611 0.579 0.607 0.682 0.669 0.65 0.657 0.646 0.641 0.664 0.681 0.673 0.697 0.679 0.683 0.681 0.693 0.687 0.656 0.659 0.667 0.72 0.619 0.694 0.674 0.597 0.627 0.691 0.712 0.638 0.551 0.578 0.635 0.634 0.648 0.641 0.621 0.582 0.565 0.581 0.604 0.574 0.568 0.561 0.58 0.544 0.51 0.527 0.529 0.512 0.55 0.563 0.442 0.472 0.399 0.458 0.436 -0.3 0.49 0.489 0.49 0.545 0.622 0.646 0.568 0.603 0.617 0.648 0.6 0.627 0.646 0.708 0.729 0.725
0.636 0.603 0.656 0.674 0.645 0.653 0.688 0.688 0.704 0.703 0.684 0.677 0.658 0.643 0.695 0.673 0.674 0.705 0.705 0.683 0.693 0.69 0.648 0.675 0.686 0.704 0.682 0.618 0.495 0.636 0.619 0.598 0.621 0.6 0.584 0.608 0.633 0.653 0.651 0.64 0.559 0.549 0.607 0.624 0.633 0.589 0.556 0.54 0.549 0.597 0.549 0.571 0.51 0.468 0.49 0.466 0.462 0.4 0.365 0.352 0.377 0.462 0.42 0.493 0.475 0.53 0.52 0.525 0.583 0.59 0.612 0.59 0.613 0.672 0.634 0.689 0.76
0.622 0.642 0.676 0.67 0.629 0.652 0.715 0.737 0.715 0.708 0.693 0.689 0.602 0.641 0.655 0.65 0.702 0.699 0.664 0.665 0.661 0.694 0.707 0.666 0.649 0.714 0.721 0.7 0.645 0.476 0.59 0.582 0.569 0.588 0.559 0.618 0.593 0.614 0.66 0.639 0.588 0.595 0.585 0.636 0.609 0.62 0.571 0.524 0.568 0.589 0.571 0.552 0.506 0.478 0.469 0.456 0.43 0.324 0.227 0.266 0.404 0.48 0.407 0.422 0.47 0.517 0.492 0.548 0.589 0.587 0.56 0.624 0.652 0.67 0.703 0.675 0.717
0.65 0.646 0.664 0.667 0.68 0.704 0.731 0.73 0.71 0.743 0.669 0.651 0.633 0.637 0.628 0.687 0.686 0.682 0.671 0.671 0.696 0.678 0.635 0.694 0.715 0.701 0.704 0.695 0.678 0.631 0.569 0.584 0.577 0.587 0.565 0.576 0.601 0.599 0.625 0.631 0.603 0.616 0.597 0.551 0.558 0.58 0.6 0.601 0.571 0.581 0.569 0.524 0.548 0.53 0.523 0.445 0.401 0.355 0.213 -0.3 0.472 0.428 0.476 0.446 0.538 0.502 0.575 0.57 0.566 0.535 0.639 0.663 0.69 0.606 0.63 0.631 0.649
0.664 0.674 0.657 0.599 0.7 0.702 0.698 0.706 0.675 0.604 0.605 0.647 0.659 0.708 0.686 0.661 0.677 0.651 0.662 0.649 0.668 0.662 0.677 0.662 0.704 0.668 0.67 0.691 0.628 0.607 0.578 0.54 0.535 0.593 0.573 0.547 0.542 0.5 0.469 0.531 0.594 0.587 0.569 0.597 0.608 0.597 0.628 0.602 0.558 0.542 0.569 0.558 0.557 0.506 0.542 0.469 0.378 0.471 0.499 0.452 0.435 -0.3 0.508 0.528 0.376 0.468 0.553 0.572 0.63 0.677 0.641 0.589 0.625 0.611 0.704 0.732 0.733
0.681 0.675 0.567 0.624 0.648 0.684 0.667 0.701 0.685 0.686 0.593 0.639 0.654 0.647 0.659 0.679 0.662 0.653 0.684 0.688 0.691 0.696 0.699 0.703 0.706 0.678 0.687 0.697 0.675 0.657 0.523 0.551 0.611 0.571 0.585 0.531 0.493 0.413 0.423 0.529 0.574 0.596 0.561 0.612 0.632 0.594 0.593 0.49 0.537 0.529 0.529 0.548 0.49 0.489 0.475 0.425 0.436 0.503 0.494 0.487 -0.3 0.503 0.499 0.511 0.522 0.394 0.489 0.57 0.571 0.553 0.58 0.587 0.59 0.661 0.718 0.627 0.618
0.683 0.688 0.689 0.681 0.715 0.699 0.725 0.716 0.682 0.662 0.649 0.66 0.681 0.671 0.702 0.665 0.699 0.712 0.702 0.691 0.693 0.707 0.688 0.691 0.704 0.689 0.692 0.684 0.68 0.671 0.662 0.638 0.616 0.545 0.612 0.611 0.552 0.511 0.548 0.614 0.554 0.586 0.595 0.622 0.618 0.582 0.59 0.554 0.576 0.56 0.52 0.539 0.478 0.496 0.427 0.483 0.52 -0.3 0.534 0.534 -0.3 0.47 0.542 0.532 0.517 0.467 0.514 0.45 0.511 0.542 0.63 0.634 0.684 0.72 0.623 0.59 0.505
0.684 0.707 0.715 0.717 0.724 0.719 0.731 0.731 0.719 0.656 0.657 0.655 0.698 0.7 0.683 0.699 0.751 0.711 0.689 0.72 0.744 0.718 0.7 0.72 0.721 0.728 0.707 0.696 0.704 0.682 0.661 0.615 0.615 0.543 0.564 0.564 0.572 0.507 0.625 0.628 0.627 0.639 0.619 0.619 0.596 0.58 0.591 0.583 0.61 0.564 0.579 0.541 0.526 0.51 0.52 0.509 0.573 0.505 0.53 0.497 0.536 0.522 0.596 0.52 0.525 0.519 0.53 0.527 0.465 0.483 0.522 0.564 0.634 0.625 0.565 0.578 0.569
0.717 0.68 0.671 0.701 0.698 0.694 0.738 0.699 0.703 0.703 0.681 0.674 0.705 0.695 0.693 0.733 0.709 0.715 0.697 0.717 0.747 0.727 0.703 0.726 0.725 0.741 0.709 0.713 0.687 0.686 0.652 0.63 0.617 0.59 0.573 0.561 0.573 0.566 0.569 0.564 0.645 0.608 0.603 0.595 0.595 0.538 0.55 0.596 0.545 0.558 0.532 0.481 0.432 0.413 0.463 0.481 0.537 -0.3 0.522 0.566 0.558 0.542 0.586 0.544 0.535 0.529 0.544 0.564 0.468 0.497 0.535 0.584 0.574 0.564 0.542 0.525 0.509
0.633 0.629 0.643 0.645 0.652 0.69 0.675 0.663 0.698 0.688 0.738 0.738 0.753 0.751 0.763 0.71 0.734 0.741 0.739 0.744 0.686 0.723 0.734 0.701 0.662 0.691 0.7 0.666 0.618 0.65 0.65 0.616 0.618 0.592 0.568 0.553 0.577 0.575 0.578 0.538 0.558 0.544 0.567 0.534 0.558 0.508 0.455 0.453 -0.3 -0.3 0.474 0.472 0.531 0.54 0.545 0.598 0.548 0.546 0.445 0.556 0.667 0.68 0.637 0.651 0.702 0.545 0.505 0.512 0.502 0.507 0.504 0.528 0.485 0.551 0.562 0.53 0.562
0.597 0.616 0.631 0.652 0.67 0.667 0.641 0.678 0.688 0.698 0.72 0.743 0.736 0.743 0.746 0.748 0.728 0.753 0.729 0.721 0.74 0.725 0.692 0.682 0.634 0.67 0.638 0.661 0.657 0.638 0.591 0.602 0.619 0.606 0.571 0.564 0.512 0.588 0.595 0.512 0.488 0.536 0.548 0.518 0.474 0.534 0.533 0.398 -0.3 0.489 0.471 0.576 0.546 0.591 0.613 0.653 0.607 0.637 0.591 0.605 0.681 0.729 0.695 0.581 0.614 0.572 0.532 0.519 0.615 0.602 0.6 0.47 0.49 0.514 0.587 0.491 0.499
0.59 0.614 0.655 0.65 0.681 0.644 0.645 0.668 0.702 0.657 0.674 0.719 0.74 0.757 0.718 0.735 0.71 0.707 0.72 0.718 0.713 0.689 0.697 0.682 0.67 0.662 0.681 0.67 0.649 0.646 0.556 0.568 0.596 0.575 0.466 0.575 0.575 0.584 0.597 0.561 0.592 0.492 0.516 0.539 0.536 0.52 0.515 0.458 0.47 0.408 0.45 0.555 0.633 0.643 0.504 0.69 0.723 0.726 0.675 0.66 0.688 0.66 0.618 0.656 0.634 0.659 0.655 0.654 0.653 0.693 0.716 0.672 0.599 0.555 0.359 0.528 0.487
0.598 0.634 0.646 0.636 0.636 0.615 0.674 0.705 0.664 0.644 0.662 0.696 0.726 0.735 0.701 0.643 0.667 0.73 0.707 0.707 0.708 0.71 0.721 0.726 0.692 0.673 0.655 0.635 0.617 0.623 0.546 0.565 0.536 0.54 0.466 0.582 0.618 0.621 0.579 0.595 0.546 0.589 0.636 0.602 0.615 0.539 0.55 0.502 0.419 0.569 0.572 0.577 0.594 0.656 0.735 0.705 0.757 0.699 0.601 0.655 0.612 0.652 0.679 0.67 0.639 0.608 0.624 0.659 0.707 0.71 0.668 0.642 0.645 0.604 0.539 0.688 0.461
0.594 0.632 0.642 0.58 0.619 0.694 0.686 0.644 0.626 0.605 0.631 0.706 0.69 0.702 0.68 0.663 0.651 0.674 0.68 0.667 0.683 0.707 0.682 0.648 0.621 0.627 0.645 0.629 0.602 0.578 0.642 0.603 0.604 0.589 0.546 0.574 0.595 0.597 0.595 0.604 0.542 0.554 0.604 0.518 0.547 0.464 0.533 0.472 0.48 0.581 0.669 0.707 0.682 0.729 0.716 0.565 0.566 0.655 0.656 0.64 0.679 0.662 0.666 0.669 0.604 0.674 0.667 0.684 0.712 0.735 0.671 0.727 0.747 0.691 0.648 0.637 0.303
