data/china_ndvi_max_2009.asc
ncols         710
nrows         510
xllcorner     70
yllcorner     10
cellsize      0.1
NODATA_value  -9999
[rows 170 to 203 of 510, columns 154 to 230 of 710]
0.449 0.418 0.462 0.434 0.356 0.421 0.388 0.313 0.318 0.238 0.232 0.183 0.193 0.183 0.171 0.215 0.147 0.184 0.214 0.226 0.19 0.218 0.239 0.176 0.226 0.298 0.437 0.368 0.299 0.109 0.127 0.154 0.295 0.366 0.315 0.261 0.202 0.202 0.187 0.213 0.268 0.21 0.273 0.259 0.265 0.253 0.233 0.164 0.184 0.217 0.145 0.12 0.102 0.097 0.098 0.097 0.098 0.109 0.129 0.138 0.119 0.134 0.208 0.186 0.124 0.131 0.147 0.138 0.101 0.09 0.089 0.113 0.133 0.099 0.07 0.079 0.102
0.292 0.274 0.192 0.34 0.438 0.475 0.463 0.402 0.429 0.451 0.424 0.277 0.276 0.25 0.189 0.159 0.173 0.215 0.158 0.134 0.143 0.179 0.206 0.208 0.262 0.38 0.282 0.207 0.141 0.033 0.061 0.091 0.169 0.241 0.335 0.351 0.301 0.313 0.241 0.23 0.253 0.255 0.294 0.242 0.268 0.236 0.221 0.207 0.219 0.228 0.154 0.113 0.112 0.099 0.099 0.085 0.097 0.117 0.129 0.141 0.113 0.104 0.103 0.106 0.14 0.101 0.108 0.109 0.096 0.097 0.094 0.133 0.108 0.099 0.087 0.064 0.125
0.18 0.097 0.148 0.308 0.281 0.261 0.371 0.396 0.389 0.321 0.43 0.447 0.446 0.419 0.288 0.211 0.178 0.144 0.135 0.13 0.177 0.17 0.161 0.171 0.189 0.19 0.161 0.162 0.176 0.156 0.165 0.153 0.139 0.117 0.122 0.12 0.394 0.39 0.408 0.396 0.4 0.298 0.273 0.267 0.291 0.284 0.343 0.366 0.375 0.249 0.202 0.153 0.129 0.122 0.125 0.104 0.107 0.136 0.16 0.131 0.11 0.077 0.097 0.08 0.097 0.105 0.135 0.134 0.123 0.101 0.098 0.097 0.093 0.131 0.053 0.122 0.232
0.001 0.16 0.228 0.253 0.173 0.091 0.219 0.266 0.201 0.261 0.444 0.442 0.354 0.333 0.365 0.287 0.199 0.164 0.146 0.17 0.206 0.153 0.208 0.14 0.097 0.08 0.094 0.099 0.111 0.134 0.135 0.174 0.194 0.202 0.134 0.109 0.146 0.172 0.244 0.388 0.491 0.414 0.331 0.319 0.312 0.369 0.452 0.419 0.381 0.353 0.346 0.295 0.23 0.244 0.181 0.135 0.168 0.186 0.147 0.117 0.085 0.06 0.05 0.06 0.099 0.094 0.134 0.135 0.114 0.118 0.118 0.114 0.108 0.142 -0.008 0.24 0.248
0.009 0.174 0.177 0.196 0.168 0.077 0.153 0.071 0.127 0.225 0.37 0.461 0.439 0.385 0.337 0.345 0.256 0.299 0.267 0.267 0.237 0.134 0.134 0.132 0.114 0.1 0.055 0.064 0.074 0.1 0.128 0.138 0.128 0.156 0.172 0.129 0.142 0.15 0.123 0.188 0.293 0.431 0.442 0.424 0.358 0.429 0.336 0.264 0.271 0.3 0.295 0.283 0.271 0.244 0.192 0.169 0.164 0.156 0.131 0.112 0.06 0.031 0.036 0.061 0.084 0.089 0.118 0.115 0.128 0.146 0.138 0.17 0.187 0.174 0.215 0.221 0.206
0.097 0.003 0.082 0.167 0.144 0.151 0.144 0.068 0.156 0.235 0.277 0.321 0.378 0.318 0.46 0.454 0.386 0.374 0.402 0.397 0.468 0.306 0.318 0.282 0.17 0.113 0.061 0.071 0.096 0.154 0.095 0.117 0.131 0.134 0.143 0.146 0.174 0.185 0.185 0.193 0.224 0.196 0.128 0.135 0.212 0.189 0.203 0.169 0.174 0.175 0.159 0.159 0.147 0.133 0.095 0.086 0.062 0.054 0.068 0.087 0.085 0.063 0.068 0.065 0.072 0.07 0.082 0.073 0.088 0.082 0.085 0.106 0.091 0.089 0.107 0.131 0.193
0.051 0.093 0.102 0.127 0.149 0.146 0.213 0.219 0.219 0.232 0.184 0.3 0.309 0.244 0.361 0.258 0.348 0.373 0.299 0.342 0.328 0.213 0.213 0.185 0.134 0.106 0.08 0.074 0.078 0.11 0.1 0.099 0.089 0.072 0.089 0.077 0.114 0.123 0.152 0.181 0.128 0.162 0.198 0.208 0.174 0.155 0.144 0.122 0.121 0.125 0.127 0.094 0.079 0.063 0.071 0.072 0.065 0.079 0.071 0.072 0.083 0.075 0.078 0.068 0.069 0.077 0.083 0.07 0.072 0.071 0.082 0.086 0.076 0.066 0.069 0.076 0.131
0.109 0.087 0.135 0.107 0.116 0.146 0.146 0.17 0.172 0.247 0.173 0.233 0.222 0.193 0.166 0.199 0.285 0.34 0.335 0.245 0.299 0.163 0.106 0.122 0.124 0.105 0.089 0.063 0.055 0.059 0.058 0.05 0.043 0.052 0.081 0.087 0.077 0.084 0.08 0.077 0.076 0.088 0.117 0.11 0.115 0.105 0.09 0.083 0.099 0.086 0.074 0.075 0.059 0.051 0.057 0.055 0.054 0.055 0.055 0.053 0.068 0.069 0.081 0.07 0.063 0.073 0.064 0.063 0.052 0.052 0.066 0.071 0.061 0.064 0.088 0.066 0.065
0.192 0.244 0.241 0.24 0.228 0.195 0.165 0.163 0.176 0.128 0.097 0.122 0.127 0.132 0.101 0.208 0.324 0.297 0.166 0.115 0.14 0.187 0.136 0.113 0.092 0.097 0.057 0.05 0.061 0.042 0.057 0.066 0.051 0.06 0.059 0.051 0.067 0.059 0.07 0.054 0.044 0.064 0.071 0.068 0.079 0.091 0.071 0.062 0.065 0.065 0.066 0.055 0.057 0.055 0.058 0.052 0.059 0.065 0.061 0.061 0.062 0.075 0.083 0.067 0.063 0.069 0.058 0.066 0.048 0.054 0.062 0.063 0.071 0.065 0.061 0.049 0.057
0.176 0.26 0.238 0.2 0.191 0.178 0.182 0.192 0.184 0.19 0.224 0.231 0.219 0.246 0.242 0.164 0.15 0.173 0.189 0.169 0.164 0.132 0.091 0.078 0.075 0.068 0.046 0.055 0.061 0.059 0.045 0.037 0.041 0.076 0.055 0.057 0.056 0.065 0.084 0.06 0.045 0.08 0.063 0.063 0.067 0.058 0.058 0.049 0.053 0.064 0.057 0.09 0.116 0.099 0.063 0.066 0.071 0.071 0.055 0.06 0.069 0.072 0.07 0.077 0.068 0.069 0.056 0.058 0.043 0.048 0.049 0.05 0.055 0.06 0.072 0.172 0.081
0.157 0.221 0.263 0.255 0.164 0.187 0.218 0.244 0.217 0.213 0.182 0.26 0.275 0.296 0.31 0.27 0.214 0.239 0.206 0.17 0.136 0.123 0.111 0.096 0.066 0.066 0.05 0.038 0.055 0.05 0.024 0.053 0.128 0.184 0.091 0.078 0.235 0.095 0.222 0.217 0.148 0.242 0.091 0.087 0.089 0.135 0.101 0.066 0.189 0.254 0.139 0.075 0.07 0.067 0.072 0.073 0.069 0.074 0.07 0.056 0.061 0.058 0.056 0.072 0.066 0.062 0.054 0.057 0.058 0.046 0.041 0.058 0.065 0.059 0.116 0.126 0.079
0.235 0.255 0.278 0.277 0.243 0.217 0.156 0.19 0.215 0.203 0.181 0.297 0.239 0.22 0.185 0.22 0.27 0.245 0.227 0.226 0.215 0.213 0.182 0.147 0.07 0.083 0.043 0.041 0.038 0.041 0.108 0.325 0.267 0.288 0.22 0.107 0.135 0.168 0.174 0.144 0.188 0.171 0.259 0.208 0.114 0.111 0.078 0.105 0.106 0.096 0.097 0.085 0.075 0.074 0.072 0.069 0.069 0.077 0.064 0.054 0.06 0.054 0.061 0.059 0.048 0.044 0.055 0.054 0.063 0.049 0.049 0.065 0.071 0.058 0.064 0.066 0.08
0.107 0.203 0.18 0.207 0.211 0.228 0.168 0.163 0.173 0.17 0.219 0.289 0.266 0.17 0.242 0.236 0.203 0.221 0.266 0.271 0.269 0.284 0.276 0.222 0.194 0.103 0.05 0.047 0.038 0.037 0.038 0.066 0.041 0.082 0.177 0.124 0.115 0.075 0.093 0.089 0.097 0.104 0.146 0.242 0.24 0.074 0.064 0.066 0.071 0.077 0.082 0.085 0.076 0.069 0.071 0.069 0.07 0.065 0.055 0.048 0.056 0.047 0.042 0.041 0.042 0.04 0.042 0.06 0.058 0.053 0.049 0.053 0.059 0.067 0.065 0.066 0.08
0.145 0.063 0.084 0.124 0.125 0.136 0.172 0.187 0.163 0.142 0.194 0.265 0.209 0.245 0.244 0.233 0.227 0.276 0.291 0.299 0.295 0.321 0.322 0.249 0.154 0.131 0.104 0.049 0.044 0.047 0.042 0.046 0.048 0.038 0.038 0.041 0.054 0.049 0.058 0.053 0.064 0.083 0.091 0.097 0.14 0.074 0.056 0.055 0.059 0.066 0.066 0.074 0.074 0.068 0.072 0.072 0.073 0.077 0.069 0.055 0.06 0.047 0.043 0.039 0.034 0.029 0.04 0.034 0.043 0.044 0.036 0.045 0.051 0.058 0.067 0.065 0.072
0.102 0.073 0.189 0.122 0.126 0.146 0.148 0.159 0.132 0.122 0.203 0.214 0.203 0.232 0.252 0.201 0.281 0.284 0.283 0.266 0.251 0.225 0.232 0.218 0.221 0.185 0.13 0.106 0.074 0.068 0.052 0.036 0.036 0.04 0.045 0.049 0.042 0.044 0.048 0.044 0.051 0.059 0.077 0.079 0.101 0.115 0.048 0.047 0.05 0.053 0.057 0.066 0.064 0.068 0.07 0.071 0.072 0.071 0.077 0.07 0.063 0.051 0.046 0.049 0.044 0.032 0.048 0.052 0.044 0.042 0.041 0.045 0.05 0.057 0.061 0.062 0.052
0.125 0.084 0.088 0.086 0.079 0.065 0.09 0.21 0.073 0.121 0.102 0.062 0.064 0.075 0.076 0.056 0.108 0.122 0.132 0.148 0.146 0.11 0.106 0.095 0.069 0.047 0.046 0.048 0.049 0.053 0.055 0.072 0.066 0.061 0.047 0.055 0.049 0.055 0.056 0.054 0.054 0.05 0.05 0.056 0.074 0.073 0.061 0.057 0.056 0.065 0.066 0.063 0.063 0.06 0.059 0.058 0.07 0.068 0.068 0.074 0.066 0.059 0.053 0.055 0.058 0.041 0.08 0.061 0.059 0.057 0.041 0.054 0.054 0.056 0.06 0.066 0.065
0.17 0.095 0.083 0.075 0.067 0.065 0.254 0.293 0.205 0.216 0.238 0.247 0.178 0.165 0.175 0.137 0.141 0.145 0.091 0.101 0.119 0.113 0.108 0.102 0.085 0.062 0.052 0.054 0.055 0.053 0.056 0.054 0.054 0.053 0.052 0.046 0.053 0.051 0.045 0.043 0.039 0.06 0.054 0.06 0.066 0.059 0.061 0.063 0.059 0.057 0.064 0.063 0.064 0.061 0.059 0.06 0.071 0.07 0.061 0.062 0.061 0.059 0.057 0.057 0.047 0.051 0.056 0.057 0.061 0.06 0.044 0.052 0.054 0.057 0.059 0.058 0.06
0.155 0.191 0.168 0.115 0.101 0.095 0.122 0.129 0.2 0.306 0.332 0.329 0.255 0.274 0.316 0.265 0.275 0.266 0.179 0.187 0.19 0.076 0.079 0.081 0.081 0.084 0.068 0.068 0.066 0.079 0.119 0.054 0.065 0.062 0.056 0.056 0.041 0.043 0.042 0.046 0.043 0.05 0.053 0.055 0.052 0.056 0.058 0.054 0.049 0.045 0.053 0.058 0.052 0.051 0.053 0.057 0.065 0.064 0.068 0.061 0.056 0.063 0.049 0.047 0.055 0.057 0.058 0.06 0.049 0.048 0.049 0.053 0.056 0.055 0.064 0.067 0.059
0.194 0.233 0.217 0.167 0.127 0.107 0.087 0.061 0.089 0.145 0.301 0.292 0.286 0.255 0.374 0.273 0.115 0.094 0.238 0.151 0.213 0.07 0.077 0.072 0.071 0.08 0.063 0.048 0.052 0.049 0.057 0.067 0.056 0.049 0.063 0.063 0.053 0.052 0.039 0.039 0.035 0.041 0.042 0.044 0.049 0.055 0.062 0.046 0.056 0.061 0.056 0.072 0.069 0.062 0.071 0.071 0.062 0.065 0.068 0.067 0.068 0.058 0.076 0.049 0.05 0.053 0.045 0.045 0.057 0.043 0.045 0.05 0.048 0.051 0.046 0.058 0.05
0.123 0.128 0.163 0.178 0.161 0.14 0.082 0.076 0.091 0.211 0.236 0.289 0.298 0.298 0.359 -0.3 -0.3 0.135 0.118 0.127 0.088 0.068 0.068 0.067 0.071 0.077 0.06 0.06 0.058 0.064 0.06 0.067 0.06 0.059 0.068 0.058 0.047 0.047 0.042 0.05 0.054 0.047 0.045 0.052 0.054 0.054 0.048 0.056 0.066 0.073 0.077 0.066 0.055 0.056 0.055 0.056 0.061 0.069 0.067 0.062 0.066 0.057 0.062 0.057 0.058 0.056 0.053 0.048 0.044 0.041 0.04 0.052 0.048 0.051 0.056 0.065 0.064
0.068 0.278 0.294 0.149 0.051 0.064 0.076 0.067 0.065 0.065 0.109 0.357 0.329 0.345 -0.3 0.077 0.076 0.084 0.096 0.111 -0.3 0.08 0.077 0.074 0.079 0.084 0.084 0.099 0.085 0.075 0.1 0.079 0.071 0.068 0.07 0.069 0.064 0.064 0.062 0.063 0.056 0.043 0.054 0.053 0.055 0.06 0.055 0.064 0.064 0.059 0.063 0.062 0.058 0.056 0.051 0.056 0.053 0.049 0.054 0.057 0.056 0.058 0.054 0.053 0.057 0.061 0.063 0.051 0.049 0.059 0.058 0.065 0.057 0.062 0.067 0.067 0.061
0.053 0.333 0.313 0.285 0.274 0.29 0.296 0.17 0.099 0.074 0.176 0.341 0.273 0.216 0.106 0.095 0.123 0.115 0.097 0.087 0.084 0.093 0.089 0.083 0.09 0.071 0.094 0.101 0.096 0.092 0.084 0.073 0.071 0.066 0.068 0.074 0.062 0.059 0.055 0.056 0.056 0.049 0.052 0.055 0.056 0.056 0.056 0.059 0.053 0.06 0.063 0.063 0.06 0.058 0.051 0.054 0.054 0.052 0.056 0.059 0.065 0.051 0.051 0.057 0.054 0.045 0.068 0.058 0.056 0.059 0.053 0.059 0.055 0.057 0.061 0.061 0.064
0.043 0.056 0.058 0.056 0.277 0.342 0.349 0.326 0.146 0.053 0.04 0.064 0.073 0.079 0.135 0.089 0.077 0.086 0.095 0.073 0.072 0.065 0.065 0.067 0.064 0.07 0.066 0.075 0.086 0.085 0.078 0.071 0.079 0.08 0.084 0.083 0.066 0.072 0.062 0.058 0.051 0.057 0.072 0.065 0.057 0.054 0.056 0.059 0.063 0.059 0.061 0.061 0.057 0.056 0.053 0.044 0.053 0.053 0.052 0.054 0.055 0.055 0.049 0.058 0.056 0.051 0.051 0.05 0.05 0.043 0.046 0.062 0.058 0.051 0.057 0.058 0.058
0.044 0.043 0.042 0.047 0.253 0.257 0.369 0.202 0.209 0.043 0.035 0.062 0.065 0.063 0.073 0.093 0.101 0.104 0.089 0.076 0.075 0.079 0.077 0.073 0.075 0.082 0.072 0.067 0.079 0.08 0.078 0.077 0.066 0.066 0.074 0.078 0.059 0.052 0.061 0.065 0.065 0.059 0.057 0.059 0.059 0.058 0.058 0.061 0.06 0.066 0.06 0.061 0.062 0.062 0.065 0.048 0.056 0.053 0.057 0.055 0.055 0.054 0.052 0.057 0.05 0.055 0.054 0.046 0.041 0.051 0.053 0.065 0.063 0.057 0.061 0.065 0.068
0.043 0.042 0.039 0.051 0.219 0.262 0.355 0.284 0.161 0.057 0.036 0.042 0.051 0.054 0.058 0.06 0.093 0.117 0.106 0.101 0.108 0.105 0.096 0.098 0.079 0.09 0.081 0.078 0.078 0.079 0.068 0.067 0.069 0.065 0.056 0.054 0.051 0.045 0.05 0.059 0.056 0.055 0.053 0.059 0.061 0.067 0.064 0.063 0.061 0.056 0.053 0.053 0.06 0.064 0.074 0.054 0.055 0.054 0.052 0.045 0.051 0.055 0.044 0.054 0.047 0.052 0.057 0.068 0.052 0.051 0.05 0.054 0.056 0.056 0.059 0.063 0.057
0.071 0.066 0.069 0.129 0.336 0.347 0.303 0.339 0.319 0.188 0.146 0.054 0.055 0.048 0.044 0.046 0.047 0.082 0.083 0.074 0.072 0.099 0.113 0.101 0.088 0.125 0.114 0.103 0.107 0.104 0.115 0.061 0.062 0.062 0.054 0.046 0.052 0.054 0.06 0.062 0.061 0.069 0.058 0.061 0.06 0.06 0.059 0.06 0.056 0.05 0.045 0.049 0.05 0.054 0.064 0.063 0.065 0.065 0.06 0.062 0.072 0.057 0.083 0.052 0.054 0.05 0.055 0.052 0.054 0.047 0.051 0.051 0.052 0.05 0.053 0.054 0.055
0.103 0.116 0.115 0.113 0.175 0.285 0.16 0.181 0.259 0.308 0.249 0.151 0.163 0.13 0.079 0.06 0.048 0.055 0.06 0.06 0.064 0.09 0.094 0.077 0.075 0.08 0.087 0.078 0.072 0.069 0.071 0.059 0.054 0.049 0.046 0.047 0.051 0.045 0.054 0.053 0.073 0.058 0.057 0.062 0.057 0.054 0.059 0.06 0.061 0.061 0.052 0.054 0.048 0.049 0.057 0.056 0.055 0.055 0.054 0.062 0.078 0.056 0.062 0.059 0.051 0.053 0.068 0.066 0.065 0.062 0.061 0.057 0.055 0.052 0.052 0.052 0.052
0.07 0.063 0.082 0.074 0.081 0.092 0.194 0.161 0.137 0.165 0.189 0.106 0.09 0.092 0.099 0.105 0.072 0.059 0.042 0.039 0.039 0.044 0.045 0.053 0.068 0.064 0.069 0.073 0.07 0.064 0.066 0.054 0.05 0.053 0.053 0.054 0.051 0.048 0.048 0.049 0.051 0.06 0.065 0.072 0.074 0.076 0.067 0.063 0.069 0.058 0.051 0.051 0.047 0.044 0.048 0.045 0.046 0.049 0.055 0.052 0.061 0.06 0.065 0.066 0.07 0.07 0.069 0.065 0.062 0.069 0.067 0.057 0.055 0.053 0.054 0.049 0.05
0.07 0.08 0.097 0.127 0.126 0.112 0.133 0.131 0.154 0.102 0.125 0.086 0.06 0.055 0.058 0.072 0.071 0.069 0.064 0.035 0.032 0.037 0.035 0.038 0.038 0.036 0.044 0.053 0.057 0.064 0.046 0.055 0.054 0.076 0.056 0.052 0.058 0.049 0.05 0.046 0.043 0.051 0.054 0.061 0.069 0.058 0.058 0.051 0.058 0.05 0.054 0.05 0.05 0.061 0.046 0.047 0.058 0.048 0.056 0.054 0.061 0.056 0.056 0.063 0.068 0.066 0.064 0.06 0.057 0.056 0.064 0.056 0.051 0.052 0.043 0.046 0.051
0.095 0.106 0.154 0.159 0.116 0.099 0.108 0.101 0.131 0.143 0.13 0.13 0.114 0.061 0.053 0.056 0.07 0.062 0.059 0.063 0.07 0.045 0.046 0.056 0.045 0.044 0.034 0.047 0.05 0.056 0.057 0.053 0.042 0.046 0.05 0.049 0.052 0.048 0.045 0.043 0.045 0.057 0.06 0.056 0.053 0.058 0.066 0.064 0.062 0.051 0.051 0.052 0.052 0.06 0.056 0.06 0.056 0.058 0.065 0.054 0.056 0.059 0.064 0.064 0.064 0.062 0.058 0.06 0.059 0.06 0.053 0.054 0.056 0.049 0.041 0.045 0.05
0.068 0.069 0.071 0.059 0.06 0.064 0.053 0.053 0.052 0.052 0.053 0.05 0.047 0.054 0.085 0.131 0.148 0.124 0.06 0.043 0.043 0.054 0.051 0.042 0.042 0.038 0.038 0.044 0.041 0.046 0.052 0.041 0.039 0.046 0.047 0.045 0.047 0.052 0.049 0.041 0.044 0.047 0.054 0.057 0.055 0.057 0.054 0.057 0.058 0.051 0.043 0.053 0.054 0.057 0.052 0.058 0.065 0.065 0.059 0.059 0.055 0.046 0.057 0.058 0.068 0.066 0.064 0.054 0.05 0.055 0.04 0.038 0.036 0.04 0.038 0.053 0.048
0.061 0.059 0.057 0.059 0.056 0.052 0.052 0.051 0.05 0.05 0.05 0.046 0.046 0.049 0.052 0.063 0.164 0.192 0.181 0.093 0.045 0.045 0.054 0.052 0.043 0.047 0.035 0.033 0.036 0.044 0.042 0.038 0.04 0.045 0.048 0.043 0.05 0.047 0.044 0.044 0.05 0.056 0.062 0.059 0.055 0.056 0.056 0.055 -0.3 0.054 0.051 0.052 0.047 0.05 0.057 0.066 0.068 0.066 0.059 0.058 0.06 0.053 0.063 0.064 0.062 0.063 0.064 0.055 0.054 0.054 0.053 0.05 0.046 0.045 0.041 0.044 0.044
0.055 0.057 0.054 0.051 0.051 0.049 0.049 0.049 0.049 0.048 0.048 0.046 0.046 0.047 0.05 0.05 0.059 0.081 0.121 0.125 0.077 0.089 0.115 0.16 0.167 0.137 0.04 0.036 0.034 0.036 0.044 0.041 0.04 0.045 0.045 0.043 0.047 0.043 0.043 0.046 0.046 0.053 0.056 0.052 0.046 0.045 0.056 -0.3 -0.3 0.037 0.05 0.047 0.049 0.052 0.057 0.062 0.067 0.063 0.055 0.053 0.057 0.06 0.064 0.055 0.052 0.052 0.049 0.05 0.052 0.047 0.044 0.04 0.038 0.038 0.037 0.039 0.047
0.051 0.051 0.053 0.051 0.049 0.048 0.048 0.048 0.049 0.048 0.047 0.048 0.048 0.049 0.049 0.049 0.05 0.051 0.05 0.068 0.124 0.112 0.076 0.143 0.215 0.118 0.05 0.039 0.034 0.034 0.039 0.032 0.029 0.036 0.038 0.039 0.038 0.043 0.043 0.043 0.046 0.047 0.044 0.045 0.047 0.05 0.054 0.055 -0.3 0.029 0.053 0.05 0.053 0.054 0.058 0.061 0.057 0.055 0.052 0.051 0.042 0.049 0.047 0.047 0.051 0.051 0.048 0.046 0.047 0.043 0.035 0.04 0.04 0.037 0.041 0.038 0.047
