data/china_ndvi_max_1983.asc
ncols         710
nrows         510
xllcorner     70
yllcorner     10
cellsize      0.1
NODATA_value  -9999
[rows 102 to 135 of 510, columns 539 to 615 of 710]
0.509 0.481 0.542 0.458 0.444 0.466 0.495 0.48 0.485 0.497 0.496 0.498 0.46 0.468 0.481 0.464 0.482 0.516 0.494 0.474 0.499 0.487 0.475 0.481 0.452 0.477 0.465 0.47 0.484 0.504 0.469 0.505 0.476 0.469 -9999 -9999 -9999 -9999 -9999 -9999 -9999 -9999 -9999 -9999 -9999 -9999 -9999 -9999 -9999 -9999 -9999 -9999 -9999 -9999 -9999 -9999 -9999 -9999 -9999 -9999 -9999 -9999 -9999 -9999 -9999 -9999 -9999 -9999 -9999 -9999 -9999 -9999 -9999 -9999 -9999 -9999 -9999
0.529 0.523 0.536 0.482 0.467 0.469 0.458 0.54 0.477 0.501 0.524 0.5 0.5 0.464 0.462 0.512 0.494 0.471 0.487 0.497 0.523 0.446 0.434 0.475 0.49 0.499 0.489 0.495 0.483 0.473 0.484 0.515 0.516 0.483 0.466 -9999 -9999 -9999 -9999 -9999 -9999 -9999 -9999 -9999 -9999 -9999 -9999 -9999 -9999 -9999 -9999 -9999 -9999 -9999 -9999 -9999 -9999 -9999 -9999 -9999 -9999 -9999 -9999 -9999 -9999 -9999 -9999 -9999 -9999 -9999 -9999 -9999 -9999 -9999 -9999 -9999 -9999
0.466 0.528 0.538 0.488 0.451 0.481 0.468 0.488 0.487 0.49 0.498 0.479 0.484 0.475 0.495 0.483 0.507 0.494 0.482 0.426 0.439 0.452 0.47 0.468 0.467 0.479 0.483 0.485 0.512 0.501 0.479 0.456 0.489 0.474 -9999 -9999 -9999 -9999 -9999 -9999 -9999 -9999 -9999 -9999 -9999 -9999 -9999 -9999 -9999 -9999 -9999 -9999 -9999 -9999 -9999 -9999 -9999 -9999 -9999 -9999 -9999 -9999 -9999 -9999 -9999 -9999 -9999 -9999 -9999 -9999 -9999 -9999 -9999 -9999 -9999 -9999 -9999
0.528 0.495 0.377 0.431 0.476 0.482 0.465 0.524 0.467 0.491 0.458 0.454 0.484 0.456 0.475 0.547 0.471 0.452 0.443 0.445 0.469 0.437 0.445 0.454 0.452 0.493 0.486 0.47 0.499 0.569 0.493 0.474 0.478 0.488 0.454 -9999 -9999 -9999 -9999 -9999 -9999 -9999 -9999 -9999 -9999 -9999 -9999 -9999 -9999 -9999 -9999 -9999 -9999 -9999 -9999 -9999 -9999 -9999 -9999 -9999 -9999 -9999 -9999 -9999 -9999 -9999 -9999 -9999 -9999 -9999 -9999 -9999 -9999 -9999 -9999 -9999 -9999
0.501 0.512 0.473 0.477 0.463 0.474 0.468 0.498 0.49 0.456 0.475 0.483 0.462 0.478 0.491 0.511 0.426 0.455 0.466 0.468 0.479 0.449 0.449 0.474 0.504 0.488 0.469 0.519 0.546 0.548 0.589 0.501 0.5 0.492 0.475 -9999 -9999 -9999 -9999 -9999 -9999 -9999 -9999 -9999 -9999 -9999 -9999 -9999 -9999 -9999 -9999 -9999 -9999 -9999 -9999 -9999 -9999 -9999 -9999 -9999 -9999 -9999 -9999 -9999 -9999 -9999 -9999 -9999 -9999 -9999 -9999 -9999 -9999 -9999 -9999 -9999 -9999
0.539 0.506 0.503 0.466 0.479 0.465 0.455 0.477 0.461 0.457 0.447 0.496 0.499 0.475 0.49 0.461 0.467 0.507 0.463 0.444 0.462 0.461 0.472 0.451 0.462 0.511 0.516 0.545 0.523 0.497 0.513 0.465 0.472 0.495 0.471 0.435 0.317 -9999 -9999 -9999 -9999 -9999 -9999 -9999 -9999 -9999 -9999 -9999 -9999 -9999 -9999 -9999 -9999 -9999 -9999 -9999 -9999 -9999 -9999 -9999 -9999 -9999 -9999 -9999 -9999 -9999 -9999 -9999 -9999 -9999 -9999 -9999 -9999 -9999 -9999 -9999 -9999
0.558 0.543 0.535 0.495 0.47 0.51 0.466 0.466 0.478 0.452 0.445 0.457 0.464 0.506 0.471 0.463 0.476 0.486 0.428 0.4 0.457 0.455 0.48 0.484 0.536 0.543 0.502 0.47 0.486 0.513 0.464 0.447 0.468 0.465 0.473 0.466 0.357 -9999 -9999 -9999 -9999 -9999 -9999 -9999 -9999 -9999 -9999 -9999 -9999 -9999 -9999 -9999 -9999 -9999 -9999 -9999 -9999 -9999 -9999 -9999 -9999 -9999 -9999 -9999 -9999 -9999 -9999 -9999 -9999 -9999 -9999 -9999 -9999 -9999 -9999 -9999 -9999
0.509 0.508 0.518 0.512 0.44 0.48 0.499 0.473 0.465 0.482 0.449 0.456 0.454 0.479 0.444 0.489 0.496 0.447 0.457 0.443 0.472 0.458 0.443 0.484 0.491 0.474 0.475 0.475 0.471 0.454 0.46 0.449 0.445 0.446 0.451 0.392 -9999 -9999 -9999 -9999 -9999 -9999 -9999 -9999 -9999 -9999 -9999 -9999 -9999 -9999 -9999 -9999 -9999 -9999 -9999 -9999 -9999 -9999 -9999 -9999 -9999 -9999 -9999 -9999 -9999 -9999 -9999 -9999 -9999 -9999 -9999 -9999 -9999 -9999 -9999 -9999 -9999
0.511 0.489 0.53 0.482 0.442 0.492 0.467 0.468 0.453 0.441 0.435 0.5 0.445 0.453 0.496 0.484 0.447 0.444 0.472 0.492 0.454 0.47 0.477 0.469 0.471 0.449 0.456 0.486 0.491 0.482 0.54 0.433 0.543 0.492 0.457 0.406 0.365 -9999 -9999 -9999 -9999 -9999 -9999 -9999 -9999 -9999 -9999 -9999 -9999 -9999 -9999 -9999 -9999 -9999 -9999 -9999 -9999 -9999 -9999 -9999 -9999 -9999 -9999 -9999 -9999 -9999 -9999 -9999 -9999 -9999 -9999 -9999 -9999 -9999 -9999 -9999 -9999
0.513 0.511 0.502 0.469 0.515 0.495 0.462 0.472 0.462 0.448 0.454 0.429 0.497 0.458 0.488 0.497 0.455 0.46 0.475 0.449 0.485 0.477 0.477 0.464 0.496 0.482 0.492 0.475 0.462 0.507 0.518 0.496 0.523 0.498 0.479 0.451 0.374 -9999 -9999 -9999 -9999 -9999 -9999 -9999 -9999 -9999 -9999 -9999 -9999 -9999 -9999 -9999 -9999 -9999 -9999 -9999 -9999 -9999 -9999 -9999 -9999 -9999 -9999 -9999 -9999 -9999 -9999 -9999 -9999 -9999 -9999 -9999 -9999 -9999 -9999 -9999 -9999
0.512 0.516 0.484 0.493 0.449 0.444 0.428 0.385 0.435 0.407 0.431 0.481 0.47 0.475 0.495 0.449 0.434 0.437 0.437 0.459 0.474 0.467 0.464 0.459 0.482 0.482 0.495 0.497 0.505 0.5 0.519 0.495 0.492 0.471 0.467 0.483 0.453 0.442 -9999 -9999 -9999 -9999 -9999 -9999 -9999 -9999 -9999 -9999 -9999 -9999 -9999 -9999 -9999 -9999 -9999 -9999 -9999 -9999 -9999 -9999 -9999 -9999 -9999 -9999 -9999 -9999 -9999 -9999 -9999 -9999 -9999 -9999 -9999 -9999 -9999 -9999 -9999
0.491 0.488 0.485 0.477 0.457 0.433 0.417 0.421 0.414 0.43 0.42 0.457 0.402 0.411 0.47 0.433 0.441 0.436 0.421 0.431 0.443 0.441 0.443 0.452 0.456 0.466 0.558 0.496 0.507 0.49 0.517 0.448 0.461 0.455 0.444 0.482 0.499 0.516 0.41 -9999 -9999 -9999 -9999 -9999 -9999 -9999 -9999 -9999 -9999 -9999 -9999 -9999 -9999 -9999 -9999 -9999 -9999 -9999 -9999 -9999 -9999 -9999 -9999 -9999 -9999 -9999 -9999 -9999 -9999 -9999 -9999 -9999 -9999 -9999 -9999 -9999 -9999
0.486 0.468 0.468 0.469 0.461 0.437 0.426 0.432 0.41 0.417 0.409 0.421 0.443 0.418 0.398 0.417 0.434 0.459 0.433 0.462 0.456 0.476 0.458 0.425 0.44 0.445 0.509 0.509 0.485 0.505 0.561 0.466 0.448 0.446 0.435 0.463 0.487 0.494 0.467 0.434 0.419 0.359 0.387 0.388 0.416 0.413 0.438 0.42 0.362 -9999 -9999 -9999 -9999 -9999 -9999 -9999 -9999 -9999 -9999 -9999 -9999 -9999 -9999 -9999 -9999 -9999 -9999 -9999 -9999 -9999 -9999 -9999 -9999 -9999 -9999 -9999 -9999
0.502 0.509 0.478 0.513 0.516 0.44 0.448 0.42 0.431 0.487 0.492 0.425 0.397 0.395 0.366 0.378 0.427 0.423 0.425 0.468 0.443 0.452 0.431 0.469 0.502 0.514 0.465 0.435 0.485 0.479 0.464 0.449 0.424 0.448 0.421 0.437 0.461 0.46 0.447 0.466 0.418 0.427 0.417 0.428 0.432 0.449 0.41 0.431 0.489 0.51 0.509 0.408 -9999 -9999 -9999 0.398 0.429 -9999 -9999 -9999 -9999 -9999 -9999 -9999 -9999 -9999 -9999 -9999 -9999 -9999 -9999 -9999 -9999 -9999 -9999 -9999 -9999
0.503 0.483 0.491 0.461 0.464 0.445 0.437 0.435 0.445 0.466 0.472 0.468 0.426 0.37 0.373 0.404 0.432 0.431 0.432 0.443 0.426 0.439 0.442 0.472 0.501 0.495 0.455 0.48 0.48 0.446 0.436 0.453 0.472 0.449 0.438 0.442 0.446 0.441 0.463 0.455 0.451 0.451 0.439 0.437 0.439 0.437 0.457 0.447 0.484 0.465 0.494 0.491 0.507 0.506 0.526 0.49 0.44 -9999 -9999 -9999 -9999 -9999 -9999 -9999 -9999 -9999 -9999 -9999 -9999 -9999 -9999 -9999 -9999 -9999 -9999 -9999 -9999
0.499 0.496 0.484 0.5 0.465 0.467 0.471 0.44 0.435 0.472 0.44 0.41 0.408 0.334 0.39 0.412 0.463 0.422 0.432 0.419 0.415 0.432 0.425 0.45 0.485 0.456 0.417 0.454 0.437 0.437 0.442 0.413 0.431 0.45 0.47 0.452 0.436 0.419 0.467 0.466 0.487 0.445 0.406 0.449 0.473 0.416 0.501 0.487 0.502 0.476 0.575 0.502 0.521 0.494 0.546 0.553 0.503 0.525 0.446 -9999 -9999 -9999 -9999 -9999 -9999 -9999 -9999 -9999 -9999 -9999 -9999 -9999 -9999 -9999 -9999 -9999 -9999
0.505 0.513 0.484 0.481 0.489 0.497 0.459 0.466 0.489 0.44 0.408 0.39 0.366 0.365 0.424 0.405 0.459 0.424 0.42 0.417 0.414 0.401 0.407 0.411 0.44 0.463 0.446 0.48 0.45 0.419 0.473 0.444 0.408 0.408 0.457 0.446 0.41 0.472 0.494 0.524 0.543 0.416 0.435 0.492 0.467 0.426 0.521 0.525 0.504 0.527 0.464 0.515 0.553 0.537 0.533 0.489 0.499 0.565 0.495 0.4 -9999 -9999 -9999 -9999 -9999 -9999 -9999 -9999 -9999 -9999 -9999 -9999 -9999 -9999 -9999 -9999 -9999
0.471 0.478 0.47 0.464 0.471 0.504 0.473 0.468 0.484 0.421 0.429 0.423 0.393 0.393 0.418 0.44 0.451 0.445 0.437 0.425 0.429 0.433 0.424 0.433 0.464 0.477 0.459 0.469 0.449 0.435 0.459 0.453 0.429 0.428 0.419 0.396 0.502 0.522 0.52 0.545 0.527 0.432 0.47 0.52 0.466 0.523 0.489 0.506 0.474 0.454 0.494 0.493 0.491 0.479 0.475 0.461 0.48 0.499 0.482 0.484 0.414 0.415 -9999 -9999 -9999 -9999 -9999 -9999 -9999 -9999 -9999 -9999 -9999 -9999 -9999 -9999 -9999
0.473 0.441 0.44 0.435 0.466 0.435 0.451 0.481 0.413 0.463 0.419 0.392 0.416 0.403 0.376 0.442 0.45 0.416 0.419 0.431 0.458 0.426 0.441 0.427 0.435 0.437 0.472 0.483 0.454 0.429 0.413 0.44 0.431 0.409 0.432 0.474 0.468 0.475 0.558 0.561 0.562 0.555 0.539 0.537 0.501 0.506 0.458 0.438 0.468 0.455 0.538 0.498 0.532 0.575 0.557 0.522 0.558 0.563 0.582 0.581 0.595 0.405 0.404 -9999 -9999 0.392 -9999 -9999 -9999 -9999 -9999 -9999 -9999 -9999 -9999 -9999 -9999
0.431 0.441 0.449 0.452 0.448 0.44 0.447 0.414 0.371 0.391 0.393 0.38 0.397 0.386 0.394 0.425 0.427 0.47 0.455 0.475 0.469 0.448 0.407 0.43 0.454 0.44 0.431 0.459 0.435 0.427 0.429 0.427 0.429 0.448 0.468 0.47 0.462 0.465 0.54 0.567 0.545 0.521 0.478 0.502 0.492 0.485 0.468 0.5 0.461 0.421 0.442 0.445 0.491 0.556 0.557 0.583 0.578 0.606 0.583 0.613 0.64 0.486 0.451 0.474 0.476 0.496 0.499 0.488 -9999 -9999 -9999 -9999 -9999 -9999 -9999 -9999 -9999
0.46 0.428 0.447 0.424 0.428 0.47 0.428 0.302 0.368 0.365 0.395 0.371 0.386 0.401 0.422 0.445 0.402 0.442 0.474 0.477 0.463 0.441 0.361 0.373 0.446 0.497 0.414 0.406 0.388 0.422 0.41 0.44 0.435 0.474 0.487 0.455 0.524 0.519 0.521 0.616 0.545 0.496 0.485 0.515 0.454 0.483 0.496 0.492 0.47 0.458 0.427 0.439 0.417 0.485 0.522 0.632 0.63 0.626 0.54 0.603 0.646 0.521 0.602 0.532 0.478 0.477 0.426 -9999 -9999 -9999 -9999 -9999 -9999 -9999 -9999 -9999 -9999
0.449 0.43 0.393 0.39 0.401 0.445 0.327 0.349 0.374 0.378 0.376 0.38 0.39 0.391 0.412 0.412 0.41 0.437 0.442 0.439 0.417 0.395 0.385 0.416 0.445 0.45 0.403 0.361 0.414 0.413 0.421 0.532 0.492 0.494 0.509 0.521 0.546 0.532 0.495 0.529 0.51 0.512 0.558 0.524 0.513 0.552 0.49 0.528 0.446 0.436 0.452 0.517 0.586 0.594 0.558 0.533 0.542 0.546 0.59 0.576 0.608 0.559 0.54 0.498 0.445 0.452 0.391 -9999 -9999 -9999 -9999 -9999 -9999 -9999 -9999 -9999 -9999
0.39 0.402 0.409 0.363 0.402 0.413 0.34 0.341 0.387 0.379 0.374 0.372 0.399 0.391 0.38 0.381 0.361 0.383 0.393 0.394 0.399 0.392 0.409 0.386 0.44 0.421 0.43 0.419 0.445 0.425 0.455 0.422 0.44 0.465 0.493 0.483 0.531 0.499 0.487 0.51 0.498 0.551 0.559 0.516 0.504 0.501 0.479 0.468 0.444 0.502 0.617 0.618 0.57 0.58 0.584 0.608 0.5 0.513 0.547 0.581 0.639 0.564 0.531 0.485 0.449 0.42 0.501 0.436 0.496 -9999 -9999 -9999 -9999 -9999 -9999 -9999 -9999
0.393 0.408 0.392 0.375 0.359 0.362 0.324 0.353 0.383 0.381 0.384 0.38 0.418 0.427 0.411 0.427 0.418 0.406 0.441 0.474 0.447 0.435 0.434 0.466 0.449 0.431 0.426 0.456 0.486 0.463 0.438 0.451 0.458 0.45 0.458 0.499 0.524 0.502 0.541 0.538 0.516 0.485 0.516 0.523 0.614 0.592 0.6 0.581 0.608 0.579 0.609 0.664 0.665 0.548 0.635 0.708 0.585 0.549 0.519 0.549 0.573 0.429 0.444 0.452 0.473 0.561 0.561 0.559 0.547 -9999 -9999 -9999 -9999 -9999 -9999 -9999 -9999
0.396 0.353 0.389 0.415 0.385 0.377 0.307 0.373 0.373 0.374 0.394 0.418 0.431 0.421 0.422 0.426 0.428 0.456 0.411 0.436 0.444 0.453 0.463 0.434 0.429 0.431 0.409 0.377 0.387 0.458 0.478 0.472 0.468 0.477 0.436 0.442 0.528 0.555 0.481 0.501 0.488 0.487 0.48 0.487 0.535 0.578 0.558 0.569 0.562 0.642 0.681 0.627 0.615 0.578 0.598 0.571 0.422 0.482 0.532 0.573 0.603 0.506 0.522 0.501 0.519 0.6 0.498 0.525 0.556 0.507 -9999 -9999 -9999 -9999 -9999 -9999 -9999
0.387 0.411 0.414 0.426 0.382 0.414 0.317 0.335 0.373 0.374 0.386 0.396 0.421 0.411 0.431 0.44 0.434 0.438 0.432 0.44 0.425 0.504 0.448 0.44 0.425 0.398 0.372 0.384 0.399 0.409 0.432 0.411 0.435 0.471 0.504 0.454 0.53 0.534 0.51 0.504 0.496 0.507 0.492 0.559 0.569 0.587 0.534 0.535 0.48 0.568 0.611 0.606 0.593 0.604 0.556 0.468 0.534 0.577 0.597 0.61 0.623 0.475 0.495 0.469 0.505 0.636 0.553 0.558 0.524 -9999 -9999 -9999 -9999 -9999 -9999 -9999 -9999
0.387 0.397 0.403 0.41 0.412 0.42 0.35 0.351 0.37 0.389 0.395 0.393 0.411 0.415 0.44 0.435 0.44 0.437 0.414 0.42 0.458 0.402 0.399 0.389 0.421 0.411 0.406 0.402 0.411 0.415 0.429 0.4 0.406 0.414 0.488 0.524 0.494 0.508 0.516 0.51 0.491 0.489 0.506 0.526 0.57 0.567 0.561 0.559 0.483 0.542 0.584 0.672 0.667 0.609 0.533 0.56 0.578 0.594 0.652 0.577 0.586 0.503 0.462 0.523 0.535 0.61 0.593 0.563 -9999 -9999 -9999 -9999 -9999 -9999 -9999 -9999 -9999
0.394 0.379 0.378 0.413 0.377 0.301 0.37 0.365 0.375 0.391 0.396 0.413 0.375 0.381 0.389 0.398 0.417 0.405 0.416 0.396 0.355 0.405 0.408 0.4 0.407 0.402 0.429 0.417 0.412 0.434 0.396 0.436 0.47 0.453 0.484 0.527 0.46 0.523 0.534 0.513 0.517 0.532 0.54 0.602 0.533 0.554 0.578 0.594 0.544 0.59 0.609 0.557 0.562 0.554 0.602 0.646 0.57 0.545 0.604 0.578 0.601 0.543 0.533 0.576 0.577 0.582 0.557 0.582 0.527 -9999 -9999 -9999 -9999 -9999 -9999 -9999 -9999
0.438 0.368 0.407 0.366 0.282 0.34 0.399 0.419 0.433 0.409 0.371 0.409 0.4 0.416 0.355 0.377 0.363 0.39 0.39 0.398 0.391 0.407 0.408 0.41 0.394 0.409 0.484 0.41 0.419 0.443 0.422 0.443 0.459 0.466 0.464 0.453 0.527 0.511 0.489 0.56 0.59 0.49 0.513 0.51 0.596 0.596 0.58 0.635 0.522 0.412 0.421 0.605 0.584 0.611 0.586 0.545 0.593 0.555 0.547 0.544 0.542 0.522 0.568 0.546 0.543 0.579 0.521 0.535 0.583 0.461 -9999 -9999 -9999 -9999 -9999 -9999 -9999
0.41 0.383 0.373 0.378 0.33 0.342 0.413 0.382 0.397 0.393 0.379 0.377 0.382 0.362 0.345 0.337 0.397 0.401 0.396 0.393 0.381 0.393 0.402 0.401 0.414 0.414 0.483 0.426 0.412 0.414 0.413 0.439 0.415 0.431 0.433 0.429 0.498 0.562 0.549 0.582 0.583 0.499 0.559 0.584 0.585 0.577 0.627 0.602 0.526 0.495 0.476 0.472 0.546 0.6 0.55 0.53 0.65 0.606 0.611 0.549 0.567 0.57 0.578 0.504 0.589 0.602 0.564 0.543 0.462 0.495 0.372 -9999 -9999 -9999 -9999 -9999 -9999
0.361 0.375 0.376 0.345 0.362 0.366 0.388 0.402 0.37 0.388 0.384 0.356 0.361 0.365 0.363 0.372 0.391 0.398 0.397 0.386 0.404 0.405 0.395 0.431 0.42 0.414 0.427 0.429 0.426 0.406 0.403 0.419 0.407 0.401 0.449 0.443 0.472 0.494 0.548 0.554 0.449 0.495 0.552 0.6 0.586 0.573 0.576 0.526 0.486 0.492 0.524 0.548 0.612 0.589 0.575 0.635 0.626 0.593 0.65 0.64 0.6 0.588 0.573 0.492 0.559 0.565 0.452 0.444 0.436 0.5 0.423 -9999 -9999 0.341 0.32 0.337 0.314
0.354 0.35 0.329 0.324 0.416 0.378 0.366 0.347 0.392 0.387 0.399 0.367 0.387 0.374 0.385 0.383 0.406 0.396 0.416 0.386 0.403 0.356 0.389 0.413 0.423 0.418 0.414 0.422 0.422 0.427 0.445 0.421 0.434 0.426 0.465 0.451 0.497 0.506 0.485 0.499 0.454 0.527 0.557 0.59 0.604 0.568 0.557 0.6 0.637 0.559 0.596 0.574 0.533 0.514 0.563 0.628 0.606 0.618 0.608 0.616 0.63 0.577 0.63 0.625 0.505 0.542 0.399 0.47 0.4 0.392 0.401 0.357 0.347 0.375 0.377 0.376 0.327
0.375 0.309 0.313 0.31 0.354 0.357 0.397 0.379 0.387 0.365 0.413 0.361 0.355 0.365 0.366 0.381 0.372 0.376 0.367 0.394 0.389 0.368 0.389 0.399 0.402 0.423 0.422 0.431 0.428 0.414 0.427 0.44 0.417 0.411 0.441 0.429 0.489 0.461 0.452 0.431 0.493 0.548 0.564 0.571 0.582 0.553 0.574 0.625 0.552 0.58 0.646 0.587 0.599 0.589 0.516 0.56 0.664 0.593 0.651 0.623 0.627 0.574 0.571 0.581 0.519 0.486 0.392 0.402 0.38 0.383 0.363 0.38 0.359 0.346 0.35 0.358 0.375
0.286 0.32 0.36 0.311 0.308 0.314 0.351 0.372 0.406 0.395 0.351 0.368 0.372 0.361 0.374 0.364 0.368 0.375 0.384 0.399 0.401 0.404 0.391 0.37 0.405 0.423 0.396 0.429 0.425 0.429 0.4 0.437 0.425 0.442 0.41 0.454 0.456 0.487 0.542 0.515 0.489 0.514 0.546 0.552 0.568 0.574 0.57 0.605 0.593 0.589 0.608 0.629 0.64 0.617 0.594 0.562 0.594 0.6 0.646 0.689 0.672 0.584 0.553 0.564 0.358 0.453 0.394 0.392 0.386 0.391 0.367 0.419 0.391 0.412 0.411 0.401 0.387
