data/china_ndvi_max_2000.asc
ncols         710
nrows         510
xllcorner     70
yllcorner     10
cellsize      0.1
NODATA_value  -9999
[rows 170 to 203 of 510, columns 462 to 538 of 710]
0.213 0.241 0.238 0.245 0.256 0.276 0.331 0.313 0.3 0.274 0.275 0.279 0.326 0.38 0.363 0.323 0.333 0.326 0.341 0.357 0.322 0.241 0.287 0.315 0.293 0.277 0.315 0.315 0.302 0.417 0.316 0.277 0.278 0.323 0.345 0.289 0.254 0.256 0.255 0.263 0.263 0.256 0.268 0.281 0.312 0.267 0.228 0.233 0.293 0.335 0.285 0.268 0.264 0.357 0.33 0.325 0.313 0.303 0.298 0.299 0.286 0.289 0.332 0.312 0.328 0.296 0.311 0.31 0.316 0.294 0.298 0.291 0.302 0.29 0.289 0.293 0.32
0.227 0.231 0.233 0.252 0.249 0.299 0.282 0.262 0.314 0.32 0.317 0.324 0.375 0.376 0.357 0.354 0.343 0.321 0.384 0.354 0.297 0.28 0.253 0.266 0.271 0.296 0.27 0.301 0.27 0.276 0.264 0.267 0.273 0.289 0.308 0.336 0.296 0.248 0.256 0.279 0.278 0.246 0.265 0.256 0.249 0.255 0.293 0.257 0.243 0.256 0.277 0.319 0.357 0.296 0.302 0.299 0.282 0.275 0.306 0.304 0.308 0.349 0.384 0.341 0.379 0.382 0.375 0.339 0.318 0.302 0.345 0.344 0.285 0.315 0.28 0.295 0.312
0.227 0.205 0.221 0.273 0.241 0.254 0.288 0.295 0.347 0.328 0.333 0.359 0.413 0.397 0.363 0.368 0.449 0.414 0.307 0.297 0.306 0.317 0.269 0.241 0.317 0.38 0.289 0.291 0.262 0.25 0.273 0.318 0.284 0.271 0.289 0.28 0.285 0.309 0.248 0.273 0.283 0.264 0.265 0.247 0.261 0.25 0.25 0.261 0.294 0.33 0.377 0.35 0.316 0.305 0.301 0.311 0.337 0.361 0.345 0.349 0.354 0.353 0.369 0.352 0.318 0.333 0.363 0.379 0.343 0.344 0.345 0.356 0.352 0.329 0.339 0.327 0.357
0.217 0.221 0.215 0.231 0.241 0.227 0.235 0.246 0.295 0.279 0.29 0.362 0.4 0.413 0.419 0.376 0.386 0.289 0.297 0.318 0.314 0.291 0.328 0.349 0.325 0.284 0.274 0.246 0.243 0.249 0.28 0.271 0.281 0.259 0.28 0.264 0.27 0.318 0.259 0.224 0.269 0.276 0.261 0.262 0.259 0.262 0.244 0.272 0.353 0.36 0.323 0.302 0.357 0.267 0.3 0.312 0.341 0.296 0.314 0.328 0.338 0.249 0.38 0.332 0.304 0.316 0.282 0.276 0.329 0.33 0.361 0.358 0.346 0.351 0.352 0.365 0.396
0.236 0.231 0.219 0.226 0.23 0.262 0.278 0.272 0.303 0.346 0.309 0.32 0.343 0.411 0.425 0.505 0.358 0.311 0.341 0.319 0.293 0.25 0.249 0.278 0.299 0.279 0.285 0.271 0.234 0.269 0.256 0.264 0.25 0.219 0.252 0.279 0.278 0.241 0.263 0.243 0.223 0.236 0.241 0.241 0.273 0.292 0.326 0.329 0.35 0.376 0.349 0.337 0.32 0.312 0.311 0.328 0.29 0.308 0.356 0.38 0.351 0.381 0.343 0.297 0.28 0.319 0.306 0.298 0.302 0.303 0.321 0.344 0.37 0.334 0.347 0.362 0.401
0.264 0.26 0.25 0.26 0.227 0.182 0.245 0.258 0.32 0.29 0.296 0.389 0.397 0.328 0.314 0.412 0.348 0.263 0.329 0.306 0.302 0.292 0.273 0.235 0.267 0.349 0.279 0.271 0.24 0.234 0.253 0.228 0.226 0.198 0.194 0.201 0.292 0.292 0.205 0.253 0.32 0.282 0.251 0.35 0.36 0.361 0.339 0.297 0.296 0.304 0.311 0.321 0.353 0.338 0.331 0.262 0.31 0.3 0.337 0.33 0.294 0.281 0.276 0.286 0.285 0.307 0.31 0.291 0.31 0.305 0.318 0.311 0.342 0.347 0.389 0.38 0.384
0.239 0.251 0.257 0.262 -0.3 -0.3 0.223 0.236 0.315 0.265 0.297 0.355 0.354 0.281 0.371 0.395 0.431 0.341 0.324 0.349 0.28 0.266 0.256 0.241 0.259 0.242 0.248 0.274 0.228 0.236 0.252 0.247 0.222 0.237 0.283 0.3 0.279 0.275 0.261 0.255 0.269 0.276 0.264 0.302 0.321 0.277 0.241 0.25 0.241 0.295 0.321 0.321 0.304 0.296 0.253 0.273 0.27 0.266 0.271 0.259 0.282 0.29 0.3 0.286 0.271 0.276 0.306 0.294 0.291 0.324 0.286 0.31 0.347 0.368 0.393 0.392 0.369
0.222 0.228 0.268 0.262 0.23 0.22 0.253 0.266 0.246 0.239 0.219 0.249 0.26 0.274 0.279 0.261 0.252 0.253 0.262 0.275 0.293 0.281 0.288 0.268 0.293 0.243 0.196 0.185 0.203 0.222 0.229 0.193 0.222 0.259 0.253 0.252 0.242 0.24 0.198 0.201 0.273 0.217 0.192 0.241 0.173 0.205 0.23 0.233 0.333 0.306 0.313 0.279 0.26 0.247 0.264 0.259 0.268 0.271 0.28 0.267 0.292 0.281 0.27 0.285 0.294 0.276 0.269 0.27 0.306 0.282 0.302 0.322 0.345 0.362 0.41 0.368 0.38
0.197 0.202 0.242 0.247 0.235 0.239 0.262 0.263 0.233 0.262 0.251 0.264 0.309 0.267 0.237 0.257 0.273 0.296 0.264 0.28 0.266 0.266 0.274 0.259 0.289 0.337 0.287 0.229 0.171 0.16 0.181 0.192 0.175 0.209 0.191 0.176 0.161 0.16 0.186 0.186 0.185 0.17 0.2 0.153 0.206 0.243 0.255 0.305 0.284 0.266 0.272 0.259 0.248 0.256 0.256 0.256 0.272 0.287 0.294 0.311 0.287 0.288 0.286 0.303 0.294 0.28 0.308 0.318 0.308 0.329 0.311 0.36 0.328 0.385 0.402 0.389 0.395
0.242 0.266 0.273 0.231 0.246 0.234 0.225 0.242 0.239 0.265 0.261 0.243 0.254 0.283 0.279 0.342 0.398 0.439 0.282 0.271 0.276 0.286 0.268 0.285 0.268 0.273 0.272 0.289 0.252 0.188 0.185 0.185 0.153 0.188 0.212 0.193 0.173 0.176 0.157 0.164 0.18 0.25 0.253 0.194 0.211 0.234 0.286 0.296 0.257 0.258 0.253 0.255 0.27 0.26 0.27 0.263 0.269 0.28 0.283 0.314 0.299 0.299 0.311 0.291 0.302 0.31 0.323 0.327 0.318 0.324 0.339 0.364 0.362 0.403 0.398 0.383 0.385
0.216 0.228 0.203 0.25 0.26 0.241 0.269 0.292 0.277 0.296 0.29 0.452 0.444 0.41 0.384 0.338 0.35 0.365 0.315 0.315 0.301 0.275 0.276 0.259 0.267 0.245 0.246 0.274 0.292 0.281 0.259 0.273 0.252 0.224 0.25 0.243 0.267 0.279 0.249 0.252 0.307 0.333 0.287 0.301 0.277 0.262 0.278 0.258 0.243 0.251 0.256 0.259 0.221 0.191 0.208 0.204 0.202 0.199 0.267 0.287 0.281 0.316 0.313 0.333 0.358 0.33 0.324 0.33 0.365 0.378 0.393 0.403 0.405 0.413 0.375 0.413 0.386
0.257 0.267 0.2 0.231 0.254 0.278 0.253 0.273 0.307 0.369 0.323 0.357 0.42 0.447 0.362 0.383 0.335 0.353 0.333 0.319 0.299 0.28 0.286 0.29 0.277 0.281 0.258 0.262 0.247 0.271 0.254 0.259 0.248 0.234 0.243 0.317 0.333 0.31 0.263 0.282 0.313 0.289 0.291 0.226 0.273 0.317 0.306 0.268 0.253 0.264 0.296 0.293 0.302 0.301 0.272 0.28 0.286 0.266 0.27 0.319 0.364 0.31 0.306 0.335 0.354 0.364 0.362 0.342 0.388 0.362 0.391 0.385 0.369 0.411 0.394 0.399 0.403
0.266 0.241 0.19 0.248 0.258 0.257 0.272 0.267 0.336 0.339 0.304 0.341 0.399 0.396 0.358 0.344 0.369 0.371 0.345 0.331 0.349 0.286 0.267 0.258 0.256 0.247 0.231 0.234 0.261 0.265 0.275 0.239 0.231 0.301 0.281 0.236 0.301 0.289 0.286 0.299 0.302 0.313 0.324 0.31 0.324 0.345 0.307 0.327 0.341 0.349 0.319 0.301 0.303 0.283 0.277 0.284 0.314 0.341 0.354 0.319 0.351 0.353 0.336 0.356 0.327 0.337 0.365 0.359 0.397 0.386 0.384 0.328 0.36 0.396 0.387 0.397 0.402
0.214 0.192 0.22 0.246 0.265 0.275 0.253 0.264 0.307 0.266 0.3 0.394 0.459 0.362 0.353 0.415 0.397 0.403 0.381 0.358 0.354 0.325 0.29 0.278 0.242 0.263 0.268 0.352 0.273 0.234 0.256 0.283 0.248 0.242 0.262 0.348 0.292 0.266 0.285 0.285 0.296 0.278 0.294 0.35 0.333 0.343 0.325 0.319 0.312 0.316 0.289 0.305 0.329 0.267 0.267 0.312 0.333 0.351 0.359 0.361 0.363 0.399 0.375 0.369 0.365 0.356 0.349 0.346 0.399 0.402 0.394 0.351 0.374 0.384 0.396 0.405 0.412
0.269 0.232 0.235 0.25 0.286 0.264 0.265 0.281 0.288 0.368 0.372 0.384 0.443 0.429 0.384 0.402 0.421 0.399 0.347 0.341 0.339 0.312 0.288 0.284 0.265 0.287 0.262 0.244 0.229 0.218 0.226 0.233 0.264 0.332 0.37 0.32 0.28 0.258 0.278 0.285 0.285 0.286 0.351 0.344 0.306 0.321 0.315 0.298 0.275 0.299 0.308 0.32 0.341 0.296 0.306 0.308 0.351 0.36 0.346 0.348 0.361 0.343 0.375 0.384 0.373 0.37 0.364 0.373 0.398 0.404 0.392 0.389 0.387 0.372 0.399 0.417 0.433
0.292 0.27 0.237 0.326 0.273 0.277 0.33 0.343 0.379 0.388 0.379 0.464 0.447 0.437 0.431 0.43 0.376 0.336 0.346 0.331 0.345 0.339 0.38 0.289 0.249 0.276 0.3 0.328 0.223 0.284 0.337 0.327 0.337 0.323 0.311 0.27 0.286 0.289 0.276 0.279 0.268 0.302 0.273 0.294 0.278 0.296 0.291 0.275 0.33 0.337 0.347 0.334 0.336 0.33 0.344 0.347 0.35 0.347 0.364 0.348 0.338 0.366 0.368 0.315 0.37 0.392 0.398 0.386 0.383 0.365 0.384 0.351 0.36 0.391 0.398 0.395 0.415
0.298 0.3 0.312 0.322 0.257 0.293 0.321 0.294 0.373 0.372 0.384 0.401 0.403 0.48 0.429 0.413 0.407 0.406 0.381 0.381 0.36 0.337 0.296 0.262 0.319 0.284 0.283 0.35 0.34 0.319 0.301 0.273 0.298 0.228 0.26 0.268 0.273 0.275 0.282 0.29 0.3 0.315 0.297 0.313 0.287 0.308 0.317 0.308 0.322 0.339 0.317 0.343 0.306 0.35 0.324 0.31 0.342 0.346 0.376 0.342 0.378 0.372 0.358 0.353 0.374 0.371 0.373 0.385 0.387 0.358 0.379 0.377 0.394 0.411 0.395 0.396 0.363
0.257 0.261 0.265 0.294 0.284 0.283 0.305 0.305 0.333 0.32 0.416 0.491 0.486 0.435 0.477 0.428 0.427 0.443 0.399 0.386 0.365 0.349 0.365 0.303 0.286 0.282 0.282 0.307 0.251 0.248 0.286 0.286 0.28 0.263 0.273 0.263 0.283 0.286 0.28 0.296 0.301 0.306 0.331 0.299 0.3 0.316 0.324 0.319 0.343 0.344 0.33 0.326 0.316 0.326 0.355 0.358 0.364 0.392 0.345 0.37 0.354 0.356 0.352 0.371 0.377 0.368 0.35 0.351 0.364 0.367 0.38 0.39 0.384 0.415 0.435 0.411 0.432
0.289 0.284 0.302 0.246 0.258 0.25 0.284 0.295 0.305 0.413 0.523 0.495 0.521 0.444 0.421 0.408 0.407 0.378 0.391 0.405 0.355 0.435 0.482 0.32 0.306 0.319 0.317 0.283 0.295 0.306 0.317 0.327 0.316 0.294 0.296 0.287 0.302 0.31 0.338 0.313 0.312 0.326 0.327 0.347 0.322 0.338 0.345 0.332 0.347 0.301 0.321 0.361 0.347 0.328 0.337 0.362 0.379 0.389 0.347 0.345 0.351 0.369 0.363 0.369 0.369 0.366 0.373 0.398 0.388 0.404 0.385 0.391 0.402 0.435 0.394 0.431 0.459
0.294 0.292 0.306 0.299 0.279 0.289 0.276 0.435 0.477 0.492 0.476 0.464 0.449 0.438 0.391 0.406 0.416 0.389 0.447 0.463 0.418 0.413 0.366 0.402 0.326 0.332 0.338 0.301 0.31 0.305 0.303 0.311 0.388 0.318 0.303 0.292 0.328 0.297 0.329 0.336 0.33 0.347 0.363 0.406 0.339 0.366 0.345 0.339 0.305 0.276 0.293 0.333 0.35 0.354 0.302 0.278 0.311 0.405 0.348 0.357 0.371 0.364 0.349 0.386 0.385 0.389 0.373 0.407 0.398 0.393 0.423 0.41 0.405 0.418 0.404 0.48 0.502
0.298 0.301 0.282 0.313 0.327 0.353 0.447 0.435 0.423 0.476 0.411 0.444 0.414 0.428 0.496 0.495 0.439 0.425 0.442 0.419 0.431 0.391 0.428 0.397 0.358 0.376 0.447 0.452 0.317 0.357 0.304 0.359 0.287 0.295 0.347 0.35 0.312 0.357 0.319 0.301 0.365 0.431 0.41 0.323 0.305 0.322 0.338 0.33 0.362 0.329 0.34 0.362 0.345 0.334 0.335 0.368 0.454 0.389 0.361 0.351 0.385 0.405 0.368 0.389 0.396 0.416 0.406 0.37 0.428 0.423 0.397 0.4 0.336 0.371 0.424 0.391 0.401
0.296 0.258 0.289 0.391 0.405 0.388 0.449 0.486 0.481 0.475 0.481 0.461 0.457 0.502 0.541 0.486 0.379 0.436 0.452 0.487 0.45 0.457 0.455 0.434 0.405 0.432 0.46 0.382 0.346 0.315 0.355 0.354 0.32 0.292 0.311 0.316 0.344 0.347 0.299 0.324 0.395 0.335 0.352 0.322 0.321 0.301 0.301 0.323 0.347 0.369 0.409 0.37 0.34 0.372 0.361 0.435 0.455 0.411 0.361 0.378 0.379 0.362 0.382 0.413 0.429 0.407 0.383 0.401 0.394 0.413 0.353 0.255 0.182 0.311 0.366 0.388 0.317
0.302 0.338 0.341 0.471 0.497 0.487 0.466 0.498 0.503 0.52 0.469 0.43 0.438 0.467 0.507 0.499 0.423 0.42 0.493 0.543 0.557 0.486 0.395 0.493 0.438 0.458 0.385 0.337 0.333 0.307 0.288 0.328 0.296 0.343 0.332 0.347 0.372 0.347 0.323 0.363 0.332 0.326 0.308 0.322 0.327 0.331 0.358 0.325 0.347 0.377 0.433 0.349 0.365 0.35 0.38 0.508 0.433 0.359 0.357 0.342 0.362 0.367 0.371 0.393 0.405 0.391 0.393 0.369 0.422 0.387 0.353 0.326 0.31 0.36 0.383 0.376 0.43
0.354 0.359 0.338 0.444 0.457 0.506 0.474 0.448 0.434 0.476 0.512 0.541 0.525 0.484 0.501 0.49 0.404 0.476 0.531 0.549 0.554 0.487 0.469 0.494 0.438 0.427 0.34 0.344 0.313 0.292 0.351 0.359 0.333 0.3 0.303 0.331 0.33 0.302 0.316 0.336 0.333 0.333 0.286 0.307 0.349 0.346 0.355 0.364 0.371 0.395 0.357 0.342 0.364 0.38 0.429 0.455 0.344 0.347 0.365 0.343 0.38 0.384 0.389 0.42 0.411 0.402 0.401 0.394 0.419 0.39 0.442 0.391 0.387 0.378 0.413 0.478 0.525
0.395 0.366 0.401 0.448 0.42 0.46 0.498 0.462 0.44 0.461 0.462 0.461 0.464 0.472 0.469 0.385 0.379 0.462 0.514 0.497 0.551 0.545 0.539 0.461 0.401 0.363 0.328 0.312 0.346 0.377 0.406 0.314 0.348 0.306 0.342 0.32 0.316 0.375 0.381 0.349 0.325 0.31 0.295 0.345 0.351 0.347 0.328 0.334 0.359 0.332 0.331 0.348 0.372 0.462 0.474 0.371 0.319 0.353 0.39 0.392 0.392 0.413 0.383 0.419 0.394 0.379 0.402 0.394 0.417 0.413 0.402 0.398 0.394 0.366 0.389 0.422 0.498
0.471 0.452 0.445 0.373 0.357 0.421 0.451 0.42 0.47 0.48 0.452 0.458 0.455 0.397 0.352 0.446 0.439 0.538 0.468 0.476 0.48 0.552 0.555 0.477 0.41 0.418 0.387 0.334 0.329 0.328 0.317 0.308 0.33 0.34 0.276 0.312 0.315 0.304 0.322 0.321 0.341 0.385 0.368 0.341 0.352 0.36 0.374 0.34 0.397 0.406 0.368 0.359 0.359 0.417 0.393 0.412 0.389 0.406 0.397 0.396 0.395 0.393 0.397 0.431 0.423 0.425 0.408 0.411 0.416 0.425 0.417 0.428 0.415 0.476 0.52 0.5 0.504
0.488 0.495 0.498 0.354 0.39 0.474 0.434 0.488 0.463 0.442 0.393 0.427 0.435 0.466 0.446 0.364 0.394 0.385 0.419 0.484 0.477 0.47 0.547 0.494 0.438 0.402 0.378 0.373 0.391 0.338 0.322 0.338 0.335 0.404 0.434 0.451 0.35 0.328 0.32 0.33 0.423 0.367 0.355 0.343 0.354 0.359 0.379 0.367 0.404 0.408 0.386 0.352 0.354 0.351 0.387 0.41 0.367 0.357 0.407 0.425 0.398 0.406 0.422 0.409 0.429 0.416 0.414 0.396 0.408 0.367 0.272 0.387 0.353 0.459 0.488 0.394 0.387
0.486 0.504 0.511 0.353 0.346 0.422 0.421 0.46 0.455 0.446 0.422 0.454 0.426 0.468 0.47 0.44 0.436 0.441 0.443 0.447 0.454 0.487 0.524 0.486 0.426 0.406 0.387 0.383 0.404 0.352 0.356 0.368 0.338 0.367 0.38 0.369 0.363 0.356 0.364 0.398 0.432 0.368 0.361 0.362 0.37 0.385 0.365 0.376 0.416 0.393 0.357 0.377 0.306 0.392 0.423 0.441 0.445 0.374 0.338 0.347 0.388 0.417 0.421 0.42 0.439 0.411 0.397 0.376 0.319 0.353 0.336 0.392 0.412 0.459 0.455 0.468 0.537
0.45 0.533 0.525 0.424 0.353 0.501 0.502 0.472 0.445 0.492 0.413 0.427 0.47 0.431 0.412 0.385 0.466 0.475 0.423 0.412 0.455 0.483 0.516 0.49 0.43 0.426 0.382 0.404 0.364 0.364 0.393 0.379 0.361 0.389 0.386 0.344 0.348 0.349 0.426 0.43 0.395 0.375 0.391 0.383 0.377 0.398 0.453 0.442 0.356 0.177 0.307 0.358 0.351 0.355 0.383 0.426 0.428 0.393 0.275 0.345 0.387 0.404 0.399 0.425 0.438 0.399 0.396 0.405 0.305 0.333 0.466 0.483 0.474 0.436 0.514 0.506 0.495
0.495 0.501 0.484 0.449 0.475 0.529 0.45 0.418 0.428 0.421 0.487 0.475 0.449 0.409 0.465 0.434 0.442 0.454 0.435 0.458 0.439 0.465 0.521 0.461 0.444 0.384 0.412 0.399 0.349 0.365 0.378 0.391 0.437 0.362 0.344 0.354 0.361 0.367 0.459 0.385 0.384 0.371 0.39 0.396 0.379 0.383 0.396 0.39 0.339 0.292 0.353 0.367 0.355 0.357 0.38 0.404 -9999 0.383 0.354 0.386 0.411 0.41 0.411 0.389 0.414 0.408 0.397 0.374 0.362 0.453 0.524 0.514 0.512 0.508 0.525 0.532 0.504
0.394 0.447 0.481 0.518 0.5 0.487 0.483 0.488 0.437 0.49 0.456 0.433 0.473 0.446 0.485 0.428 0.395 0.354 0.421 0.412 0.403 0.429 0.48 0.44 0.373 0.394 0.4 0.404 0.455 0.469 0.444 0.41 0.365 0.414 0.363 0.371 0.414 0.37 0.371 0.359 0.369 0.442 0.425 0.419 0.383 0.407 0.385 0.339 -0.3 -0.3 -9999 -9999 -9999 -9999 0.286 -9999 -9999 -9999 0.38 0.401 0.396 0.369 0.407 0.392 0.325 0.334 0.327 0.361 0.503 0.514 0.528 0.547 0.564 0.597 0.603 0.573 0.569
0.415 0.431 0.439 0.481 0.497 0.426 0.493 0.489 0.427 0.464 0.454 0.455 0.445 0.567 0.548 0.504 0.476 0.399 0.404 0.443 0.429 0.485 0.495 0.436 0.395 0.472 0.488 0.48 0.452 0.443 0.444 0.367 0.358 0.373 0.37 0.415 0.388 0.423 0.385 0.36 0.397 0.443 0.401 0.388 0.405 0.402 0.332 0.34 -9999 -9999 -9999 -9999 -9999 -9999 -9999 -9999 -9999 -9999 0.318 0.339 0.355 0.365 0.394 0.401 0.341 0.358 0.369 0.389 0.529 0.506 0.521 0.54 0.573 0.588 0.552 0.572 0.561
0.477 0.493 0.432 0.435 0.455 0.491 0.509 0.509 0.498 0.449 0.405 0.421 0.443 0.536 0.507 0.508 0.497 0.517 0.475 0.444 0.516 0.526 0.502 0.488 0.464 0.486 0.46 0.451 0.453 0.405 0.421 0.43 0.432 0.409 0.404 0.398 0.394 0.384 0.403 0.444 0.438 0.444 0.429 0.361 0.408 0.373 0.343 0.344 -9999 -9999 -9999 -9999 -9999 -9999 -9999 -9999 -9999 -9999 -9999 -9999 0.27 0.305 0.322 0.352 0.423 0.384 0.426 0.415 0.492 0.537 0.518 0.508 0.503 0.515 0.55 0.553 0.544
0.472 0.53 0.563 0.492 0.475 0.463 0.481 0.433 0.444 0.391 0.419 0.389 0.473 0.564 0.554 0.538 0.493 0.551 0.435 0.391 0.469 0.465 0.498 0.428 0.478 0.483 0.48 0.473 0.401 0.406 0.479 0.443 0.411 0.411 0.404 0.424 0.459 0.416 0.389 0.433 0.412 0.408 0.346 0.352 0.365 0.288 -9999 -9999 -9999 -9999 -9999 -9999 -9999 -9999 -9999 -9999 -9999 -9999 -9999 -9999 0.204 0.229 0.284 0.228 0.358 0.454 0.513 0.38 0.514 0.54 0.527 0.499 0.464 0.512 0.525 0.537 0.57
