data/china_ndvi_max_1992.asc
ncols         710
nrows         510
xllcorner     70
yllcorner     10
cellsize      0.1
NODATA_value  -9999
[rows 272 to 305 of 510, columns 77 to 153 of 710]
-9999 -9999 -9999 -9999 -9999 -9999 -9999 -9999 -9999 -9999 -9999 -0.3 0.043 0.078 0.067 0.069 0.067 0.07 0.072 0.075 0.089 0.089 0.076 0.094 0.104 0.098 0.096 0.112 0.103 0.097 0.068 0.08 0.085 0.069 0.036 0.049 0.068 0.054 0.086 0.05 0.107 0.083 0.089 0.085 0.078 0.09 0.082 0.022 0.069 0.088 0.052 0.093 0.075 0.114 0.127 0.107 0.107 0.1 0.098 0.121 0.125 0.117 0.126 0.108 0.104 0.085 0.076 0.049 0.086 0.097 0.116 0.111 0.1 0.092 0.039 0.09 0.116
-9999 -9999 -9999 -9999 -9999 -9999 -9999 -9999 -9999 -9999 -9999 0.071 0.076 0.078 0.05 0.074 0.075 0.077 0.087 0.073 0.078 0.09 0.074 0.085 0.097 0.116 0.12 0.097 0.096 0.102 0.087 0.079 0.087 0.088 0.082 0.08 0.081 0.108 0.073 0.063 0.07 0.089 0.052 0.051 0.072 0.086 0.082 0.087 0.108 0.097 0.103 0.097 0.08 0.088 0.088 0.054 0.102 0.114 0.113 0.111 0.1 0.13 0.138 0.122 0.11 0.09 0.074 0.071 0.092 0.103 0.121 0.13 0.108 0.114 0.115 0.108 0.11
-9999 -9999 -9999 -9999 -9999 -9999 -9999 -9999 -9999 -9999 -9999 0.092 0.1 0.081 0.068 0.076 0.083 0.077 0.089 0.081 0.075 0.037 -0.3 0.083 0.08 0.076 0.071 0.068 0.1 0.11 0.095 0.104 0.106 0.1 0.104 0.081 0.103 0.114 0.077 0.096 0.099 0.101 0.111 0.102 0.1 0.077 0.069 0.084 0.088 0.089 0.093 0.092 0.071 0.097 0.11 0.1 0.09 0.115 0.107 0.112 0.095 0.09 0.108 0.11 0.11 0.095 0.115 0.125 0.05 -0.026 0.072 0.101 0.144 0.132 0.128 0.113 0.105
-9999 -9999 -9999 -9999 -9999 -9999 -9999 -9999 -9999 -9999 -9999 -9999 -9999 0.061 0.082 0.08 0.074 0.062 0.088 0.105 0.087 0.099 0.123 0.081 0.064 0.083 0.113 0.111 0.059 0.089 0.11 0.125 0.112 0.112 0.107 0.104 0.12 0.129 0.114 0.111 0.116 0.111 0.099 0.082 0.096 0.111 0.104 0.085 0.057 0.057 0.06 0.095 0.101 0.059 0.083 0.091 0.101 0.102 0.111 0.093 0.084 0.102 0.107 0.077 0.065 -0.23 0.069 0.079 0.138 0.132 0.111 0.086 0.083 0.098 0.1 0.139 0.122
-9999 -9999 -9999 -9999 -9999 -9999 -9999 -9999 -9999 -9999 -9999 -9999 -9999 -9999 0.08 0.077 0.08 0.073 0.078 0.104 0.1 0.104 0.115 0.113 0.093 0.09 0.094 0.12 0.104 0.12 0.097 0.12 0.109 0.123 0.109 0.099 0.11 0.117 0.113 0.111 0.087 0.112 0.11 0.112 0.118 0.105 0.099 0.105 0.1 0.067 0.068 0.077 0.088 0.081 0.082 0.094 0.104 0.108 0.11 0.103 0.101 0.12 0.108 0.067 0.122 0.069 0.097 0.086 0.119 0.128 0.147 0.061 0.089 0.118 0.138 0.082 0.087
-9999 -9999 -9999 -9999 -9999 -9999 -9999 -9999 -9999 -9999 -9999 -9999 -9999 -9999 -9999 0.072 0.068 0.054 0.037 0.063 0.088 0.077 0.105 0.112 0.093 0.093 0.072 0.083 0.068 0.092 0.077 0.06 0.073 0.092 0.106 0.112 0.092 0.091 0.084 0.065 0.069 0.102 0.11 0.112 0.117 0.108 0.109 0.101 0.113 0.115 0.114 0.082 0.087 0.084 0.09 0.099 0.113 0.14 0.119 0.126 0.116 0.113 0.116 0.095 0.088 0.114 0.127 0.121 0.122 0.122 0.126 0.128 0.11 0.117 0.13 0.134 0.134
-9999 -9999 -9999 -9999 -9999 -9999 -9999 -9999 -9999 -9999 -9999 -9999 -9999 -9999 -9999 0.095 0.127 0.132 0.044 0.058 0.108 0.103 0.09 0.146 0.15 0.115 0.07 0.064 0.071 0.058 0.065 0.067 0.073 0.088 0.092 0.102 0.078 0.067 0.076 0.061 0.073 0.076 0.081 0.098 0.098 0.105 0.112 0.106 0.12 0.132 0.12 0.082 0.091 0.107 0.121 0.111 0.088 0.103 0.138 0.125 0.102 0.117 0.115 0.118 0.113 0.118 0.117 0.121 0.117 0.096 0.122 0.125 0.121 0.11 0.096 0.099 0.1
-9999 -9999 -9999 -9999 -9999 -9999 -9999 -9999 -9999 -9999 -9999 -9999 -9999 -9999 -9999 0.073 0.089 0.111 0.099 0.104 0.116 0.088 0.085 0.086 0.079 0.105 0.102 0.084 0.02 -0.079 0.043 0.047 0.049 0.07 0.07 0.106 0.123 0.116 0.084 0.083 0.077 0.082 0.085 0.056 0.1 0.117 0.11 0.079 0.09 0.1 0.091 0.069 0.084 0.118 0.124 0.114 0.093 0.107 0.128 0.125 0.113 0.115 0.107 0.097 0.105 0.119 0.112 0.116 0.123 0.125 0.127 0.115 0.112 0.113 0.106 0.101 0.099
-9999 -9999 -9999 -9999 -9999 -9999 -9999 -9999 -9999 -9999 -9999 -9999 -9999 -9999 -9999 -9999 0.074 0.07 0.1 0.071 0.084 0.07 0.072 0.11 0.108 0.069 0.088 0.11 0.124 0.126 0.107 0.069 0.065 0.085 0.107 0.09 0.068 0.095 0.11 0.111 0.074 0.061 0.063 0.076 0.046 0.007 0.052 0.048 0.082 0.081 0.068 0.068 0.072 0.102 0.13 0.122 0.095 0.113 0.139 0.148 0.123 0.109 0.102 0.095 0.077 0.085 0.112 0.133 0.134 0.124 0.128 0.126 0.115 0.114 0.126 0.125 0.121
-9999 -9999 -9999 -9999 -9999 -9999 -9999 -9999 -9999 -9999 -9999 -9999 -9999 -9999 -9999 -9999 0.103 0.08 0.086 0.061 0.077 0.071 0.101 0.091 0.114 0.119 0.109 0.103 0.118 0.096 0.095 0.077 0.113 -0.006 0.046 0.088 0.11 0.082 0.08 0.075 0.028 0.077 0.081 0.077 0.079 -0.052 0.037 0.052 0.046 0.054 0.067 0.08 0.09 0.111 0.12 0.124 0.122 0.125 0.104 0.121 0.103 0.093 0.064 0.081 0.091 0.093 0.114 0.129 0.139 0.127 0.134 0.136 0.136 0.138 0.135 0.135 0.13
-9999 -9999 -9999 -9999 -9999 -9999 -9999 -9999 -9999 -9999 -9999 -9999 -9999 -9999 -9999 -9999 0.09 0.087 0.091 0.088 0.092 0.093 0.106 0.095 0.098 0.106 0.114 0.094 0.068 0.069 0.082 0.089 0.087 0.064 0.068 0.088 0.099 0.087 0.098 0.125 0.126 0.08 0.104 0.059 0.064 0.09 0.08 0.077 0.066 0.062 0.058 0.059 0.069 0.085 0.072 0.074 0.097 0.085 0.102 0.117 0.111 0.1 0.09 0.099 0.111 0.09 0.09 0.126 0.129 0.128 0.125 0.13 0.137 0.132 0.143 0.136 0.122
-9999 -9999 -9999 -9999 -9999 -9999 -9999 -9999 -9999 0.048 0.04 -9999 -9999 -9999 -9999 -9999 -9999 0.127 0.078 0.09 0.08 0.081 0.099 0.087 0.097 0.068 0.08 0.071 0.066 0.081 0.091 0.092 0.105 0.1 0.098 0.108 0.109 0.117 0.079 0.084 0.106 0.094 0.068 0.067 0.073 0.063 0.052 0.051 0.062 0.077 0.088 0.073 0.064 0.111 0.075 0.072 0.077 0.082 0.106 0.133 0.124 0.107 0.101 0.107 0.121 0.113 0.099 0.107 0.127 0.105 0.111 0.124 0.123 0.129 0.146 0.139 0.123
-9999 -9999 -9999 -9999 -9999 -9999 -9999 -9999 0.056 0.053 0.048 -9999 -9999 -9999 -9999 0.099 0.04 0.049 0.092 0.073 0.086 0.071 0.075 0.071 0.081 0.066 0.067 0.055 0.083 0.087 0.093 0.095 0.117 0.101 0.104 0.107 0.09 0.09 0.103 0.079 0.076 0.089 0.062 0.137 0.131 0.101 0.049 -0.008 0.071 0.071 0.064 0.069 0.065 0.101 0.1 0.071 0.074 0.09 0.111 0.107 0.111 0.112 0.113 0.121 0.131 0.127 0.099 0.109 0.125 0.123 0.128 0.114 0.126 0.138 0.152 0.145 0.126
-9999 -9999 -9999 -9999 -9999 -9999 -9999 -9999 0.026 0.037 0.074 0.044 -9999 -9999 -9999 0.104 0.129 0.088 0.016 -0 0.03 0.165 0.068 0.061 0.086 0.095 0.096 0.115 0.093 0.093 0.078 0.114 0.122 0.144 0.114 0.093 0.111 0.111 0.098 0.097 0.104 0.09 0.114 0.089 0.087 0.106 0.13 0.179 0.126 0.147 0.141 0.107 0.127 0.117 0.131 0.138 0.087 0.125 0.121 0.131 0.086 0.071 0.075 0.093 0.092 0.107 0.085 0.108 0.126 0.125 0.142 0.136 0.119 0.141 0.14 0.12 0.114
-9999 -9999 -9999 -9999 -9999 -9999 -9999 -9999 -9999 0.024 0.075 0.049 0.031 0.077 0.094 0.137 0.113 0.094 0.104 0.08 0.024 0.042 0.087 0.086 0.104 0.112 0.115 0.083 0.096 0.109 0.093 0.111 0.12 0.125 0.118 0.079 0.092 0.088 0.109 0.108 0.099 0.096 0.09 0.101 0.097 0.063 0.087 0.095 0.12 0.113 0.116 0.108 0.132 0.129 0.102 0.151 0.139 0.134 0.13 0.141 0.133 0.049 0.076 0.09 0.089 0.097 0.106 0.099 0.1 0.089 0.094 0.106 0.127 0.116 0.103 0.098 0.098
-9999 -9999 -9999 -9999 -9999 -9999 -9999 -9999 0.024 0.06 0.11 0.053 0.092 0.048 0.101 0.077 0.077 0.099 0.127 0.113 0.086 0.006 0.051 0.118 0.119 0.089 0.07 0.079 0.094 0.102 0.09 0.061 0.054 0.089 0.094 0.11 0.102 0.083 0.108 0.118 0.11 0.097 0.09 0.099 0.098 0.111 0.104 0.094 0.11 0.109 0.104 0.124 0.123 0.104 0.09 0.096 0.108 0.132 0.1 0.135 0.124 0.135 0.141 0.138 0.13 0.122 0.119 0.123 0.101 0.093 0.007 0.098 0.088 0.076 -0.012 0.092 0.114
-9999 -9999 -9999 -9999 -9999 -9999 -9999 -9999 -9999 0.113 0.119 0.069 0.071 0.111 0.094 0.1 0.103 0.109 0.108 0.113 0.126 0.014 -0.013 0.12 0.091 0.121 0.101 0.093 0.093 0.095 0.1 0.106 0.084 0.07 0.083 0.097 0.106 0.11 0.126 0.13 0.113 0.109 0.105 0.091 0.106 0.129 0.105 0.118 0.122 0.12 0.115 0.133 0.122 0.112 0.091 0.09 0.121 0.155 -0.3 0.085 0.124 0.113 0.127 0.114 0.128 0.124 0.128 0.127 0.114 0.12 0.08 0.058 0.095 0.095 0.109 0.114 0.123
-9999 -9999 -9999 -9999 -9999 -9999 -9999 -9999 -9999 -9999 0.078 0.04 0.027 0.105 0.074 0.078 0.07 0.076 0.112 0.113 0.132 0.062 -0 0.053 0.07 0.101 0.108 0.093 0.095 0.093 0.109 0.112 0.097 0.067 0.08 0.112 0.119 0.105 0.115 0.132 0.117 0.095 0.099 0.058 0.095 0.099 0.097 0.116 0.133 0.13 0.125 0.132 0.133 0.111 0.116 0.105 0.101 0.123 0.108 0.101 0.109 0.127 0.135 0.132 -0.3 0.065 0.109 0.111 0.127 0.131 0.117 0.119 0.115 0.1 0.102 0.094 0.119
-9999 -9999 -9999 -9999 -9999 -9999 -9999 -9999 -9999 -9999 -9999 0.058 0.131 0.068 0.096 0.12 0.095 0.063 0.082 0.081 0.071 0.119 0.118 0.078 0.077 0.077 0.107 0.106 0.077 0.126 0.097 0.087 0.084 0.098 0.093 0.108 0.118 0.13 0.113 0.127 0.137 0.107 0.121 0.123 0.103 0.105 0.139 0.118 0.098 0.131 0.127 0.097 0.145 0.086 -0.021 -0.068 0.08 0.103 0.033 0.083 0.135 0.116 0.13 0.114 0.117 0.113 0.123 0.123 0.114 0.123 0.114 0.122 0.135 0.131 0.128 0.117 0.149
-9999 -9999 -9999 -9999 -9999 -9999 -9999 -9999 -9999 -9999 0.119 0.107 0.074 0.114 0.153 0.142 0.101 0.075 0.067 0.065 0.089 0.098 0.084 0.085 0.083 0.068 0.076 0.11 0.062 0.108 0.133 0.097 0.101 0.098 0.098 0.102 0.12 0.144 0.129 0.127 0.129 0.111 0.119 0.11 0.117 0.134 0.147 0.099 0.137 0.133 0.146 0.137 0.143 0.098 0.091 0.014 0.108 0.122 0.041 0.082 0.09 0.112 0.126 0.13 0.132 0.11 0.12 0.133 0.117 0.127 0.12 0.126 0.14 0.136 0.126 0.125 0.13
-9999 -9999 -9999 -9999 -9999 -9999 -9999 -9999 -9999 -9999 -9999 0.039 0.054 0.09 0.106 0.094 0.063 0.066 0.064 0.062 0.062 0.072 0.078 0.079 0.067 0.055 0.062 0.09 0.128 0.105 0.08 0.114 0.096 0.092 0.099 0.094 0.11 0.112 0.13 0.127 0.113 0.113 0.113 0.141 0.14 0.131 0.074 0.039 0.119 0.123 0.109 0.106 0.092 0.108 0.092 0.125 0.149 0.157 0.052 0.086 0.096 0.115 0.138 0.114 0.141 0.135 0.127 0.118 0.093 0.118 0.124 0.131 0.133 0.055 0.118 0.14 0.131
-9999 -9999 -9999 -9999 -9999 -9999 -9999 -9999 -9999 -9999 -9999 -9999 0.045 0.101 0.14 0.113 0.084 0.07 0.063 0.054 0.05 0.067 0.089 0.091 0.054 0.049 0.056 0.068 0.134 0.142 0.086 0.086 0.112 0.12 0.08 0.09 0.1 0.104 0.13 0.123 0.122 0.134 0.117 0.133 0.134 0.152 0.049 0.049 0.103 0.101 0.094 0.096 0.075 -0.3 0.047 0.127 0.158 0.122 0.089 0.075 0.109 0.135 0.132 0.115 0.124 0.114 0.112 0.106 0.115 0.133 0.154 0.13 0.137 0.119 0.005 0.133 0.121
-9999 -9999 -9999 -9999 -9999 -9999 -9999 -9999 -9999 -9999 -9999 0.049 0.03 0.11 0.133 0.124 0.114 0.102 0.058 0.054 0.052 0.063 0.067 0.098 0.078 0.047 0.074 0.067 0.132 0.142 0.132 0.074 0.094 0.127 0.117 0.114 0.106 0.107 0.113 0.1 0.125 0.12 0.13 0.139 0.131 0.143 0.082 0.108 0.111 0.127 0.119 0.102 -0.3 -0.3 -0.3 0.056 0.134 0.076 0.098 0.093 0.105 0.13 0.122 0.102 0.111 0.094 0.102 0.113 0.114 0.14 0.15 0.137 0.138 0.123 0.008 0.136 0.124
-9999 -9999 -9999 -9999 -9999 -9999 -9999 -9999 -9999 -9999 -9999 0.05 0.042 0.095 0.127 0.124 0.078 0.093 0.111 0.106 0.088 0.084 0.074 0.077 0.095 0.12 0.113 0.098 0.126 0.148 0.164 0.155 0.138 0.117 0.135 0.118 0.13 0.135 0.125 0.112 0.124 0.107 0.13 0.112 0.113 0.111 0.08 0.091 0.119 0.09 0.099 0.154 0.075 0.095 0.101 0.141 0.164 0.15 0.119 0.145 0.089 0.139 0.148 -0.156 -0.026 0.067 0.123 0.126 0.147 0.11 0.126 0.114 0.115 0.083 0.103 0.146 0.155
-9999 -9999 -9999 -9999 -9999 -9999 -9999 -9999 -9999 -9999 -9999 -9999 0.002 0.052 0.13 0.097 0.09 0.065 0.128 0.113 0.12 0.1 0.081 0.081 0.094 0.113 0.129 0.122 0.095 0.128 0.143 0.072 0.11 0.078 0.08 0.128 0.12 0.13 0.135 0.132 0.123 0.099 0.115 0.104 0.115 0.113 0.103 0.112 0.12 0.096 0.084 0.122 0.115 0.101 0.085 0.103 0.112 0.081 0.141 0.126 0.15 0.14 0.141 -0.051 0.102 0.125 0.109 0.104 0.11 0.113 0.132 0.12 0.118 0.153 0.096 0.136 0.141
-9999 -9999 -9999 -9999 -9999 -9999 -9999 -9999 -9999 -9999 -9999 -9999 -9999 0.058 0.048 0.03 0.042 0.088 0.125 0.106 0.117 0.124 0.117 0.104 0.092 0.101 0.11 0.102 0.13 0.125 0.117 0.152 0.14 0.101 0.054 0.092 0.109 0.126 0.117 0.12 0.135 0.134 0.128 0.127 0.13 0.12 0.062 0.037 0.136 0.128 0.12 0.104 0.097 0.115 0.102 0.126 0.132 0.121 0.126 0.134 0.162 0.136 0.163 0.11 0.126 0.121 0.108 0.119 0.108 0.133 0.15 0.17 0.146 0.128 0.195 0.169 0.158
-9999 -9999 -9999 -9999 -9999 -9999 -9999 -9999 -9999 -9999 -9999 -9999 -9999 0.126 0.095 0.071 -0.01 -0.017 0.097 0.097 0.066 0.086 0.154 0.124 0.108 0.096 0.095 0.09 0.13 0.106 0.112 0.12 0.132 0.178 0.125 0.058 0.081 0.102 0.082 0.091 0.153 0.145 0.147 0.138 0.12 0.128 0.125 -0.032 0.1 0.131 0.109 0.105 0.101 0.106 0.1 0.128 0.176 0.149 0.116 0.178 0.133 0.125 0.144 -0.3 -0.3 -0.3 0.1 0.126 0.124 0.143 0.146 0.144 0.14 0.157 0.157 0.175 0.15
-9999 -9999 -9999 -9999 -9999 -9999 -9999 -9999 -9999 -9999 -9999 -9999 -9999 -9999 0.01 -9999 0.014 -9999 -9999 0.012 0.023 0.019 0.066 0.144 0.142 0.091 0.077 0.096 0.117 0.123 0.107 0.125 0.123 0.14 0.163 0.149 0.078 0.117 0.058 0.097 0.105 0.128 0.164 0.122 0.14 0.139 0.142 0.066 0.06 0.13 0.11 0.122 0.134 0.096 0.105 0.123 0.125 0.128 0.08 0.166 0.137 0.122 0.135 0.181 0.16 0.141 0.129 0.131 0.024 0.08 0.127 0.142 0.124 0.136 0.108 0.111 0.122
-9999 -9999 -9999 -9999 -9999 -9999 -9999 -9999 -9999 -9999 -9999 -9999 -9999 -9999 -9999 -9999 -9999 -9999 -9999 -9999 -9999 0.053 0.049 0.068 0.112 0.124 0.133 0.122 0.119 0.116 0.126 0.119 0.129 0.113 0.113 0.103 0.092 0.121 0.101 0.071 0.18 0.153 0.122 0.095 0.138 0.117 0.112 0.116 0.117 0.087 0.007 0.118 0.141 0.041 0.089 0.134 0.131 0.063 0.051 0.031 0.111 0.126 0.1 0.099 0.099 0.123 0.145 0.138 0.137 0.128 0.11 0.088 0.107 0.129 0.08 0.12 0.151
-9999 -9999 -9999 -9999 -9999 -9999 -9999 -9999 -9999 -9999 -9999 -9999 -9999 -9999 -9999 -9999 -9999 -9999 -9999 -9999 -9999 -9999 0.098 0.079 0.076 0.097 0.124 0.101 0.122 0.115 0.128 0.118 0.087 0.136 0.089 0.109 0.093 -0.008 0.15 0.153 0.146 0.154 0.16 0.095 0.096 0.101 0.144 0.151 0.082 0.075 -0.017 0.052 0.146 0.085 0.076 0.101 0.077 0.031 0.116 0.138 0.119 0.103 0.048 0.087 0.106 0.12 0.094 0.112 0.112 0.135 0.127 0.064 0.106 0.117 0.095 0.12 0.139
-9999 -9999 -9999 -9999 -9999 -9999 -9999 -9999 -9999 -9999 -9999 -9999 -9999 -9999 -9999 -9999 -9999 -9999 -9999 -9999 -9999 -9999 -9999 0.147 0.103 0.092 0.076 0.062 0.113 0.133 0.121 0.084 0.106 0.151 0.141 -0.3 0.088 0.097 -0.3 0.14 0.165 0.145 0.134 0.129 0.127 0.129 0.123 0.085 0.114 0.082 0.1 0.066 0.126 0.126 0.138 0.14 0.039 0.012 0.152 0.132 0.109 0.133 0.074 0.085 0.081 0.088 0.135 0.103 0.124 0.143 0.14 0.139 0.129 0.115 0.126 0.107 0.105
-9999 -9999 -9999 -9999 -9999 -9999 -9999 -9999 -9999 -9999 -9999 -9999 -9999 -9999 -9999 -9999 -9999 -9999 -9999 -9999 -9999 -9999 -9999 -9999 0.111 0.016 0.016 0.023 0.054 0.091 0.122 0.141 0.137 0.07 0.094 -0.3 -0.3 0.128 0.127 0.14 0.163 0.121 0.085 0.148 0.115 0.109 0.128 0.128 0.127 0.123 0.136 0.105 0.154 0.139 0.092 0.096 0.047 -0.009 0.157 0.164 0.143 0.135 0.137 0.099 0.103 0.08 0.113 0.106 0.102 0.127 0.138 0.134 0.135 0.127 0.113 0.149 0.133
-9999 -9999 -9999 -9999 -9999 -9999 -9999 -9999 -9999 -9999 -9999 -9999 -9999 -9999 -9999 -9999 -9999 -9999 -9999 -9999 -9999 -9999 -9999 -9999 -9999 -9999 -9999 -9999 0.031 0.028 0.065 0.104 0.128 0.123 0.093 0.082 0.077 0.126 0.174 0.165 0.153 0.121 0.119 0.087 0.067 0.109 0.142 0.139 0.134 0.129 0.106 0.111 0.194 0.09 0.063 0.129 0.057 0.032 0.109 0.143 0.15 0.112 0.094 0.134 0.112 0.016 0.109 0.12 0.115 0.11 0.126 0.144 0.128 0.127 0.106 0.11 0.1
-9999 -9999 -9999 -9999 -9999 -9999 -9999 -9999 -9999 -9999 -9999 -9999 -9999 -9999 -9999 -9999 -9999 -9999 -9999 -9999 -9999 -9999 -9999 -9999 -9999 -9999 -9999 -9999 -9999 -9999 -9999 -0.006 0.023 0.105 0.103 0.091 0.037 -9999 0.1 -9999 -9999 0.066 -0.008 0.027 0.114 0.117 0.097 0.12 0.13 0.138 0.142 0.133 0.156 0.139 0.117 0.135 0.171 0.138 0.111 0.097 0.148 0.102 0.096 0.191 0.135 0.109 0.13 0.149 0.034 0.143 0.142 0.089 0.067 0.126 0.127 0.127 0.131
