data/china_ndvi_max_1997.asc
ncols         710
nrows         510
xllcorner     70
yllcorner     10
cellsize      0.1
NODATA_value  -9999
[rows 204 to 237 of 510, columns 231 to 307 of 710]
0.046 0.031 0.026 0.039 0.047 0.053 0.05 0.044 0.037 0.037 0.033 0.039 0.044 0.05 0.058 0.053 0.052 0.077 0.086 0.117 0.086 0.072 0.06 0.058 0.077 0.115 0.161 0.114 0.062 0.131 0.108 0.08 0.05 0.088 0.123 0.133 0.124 0.164 0.084 0.058 0.059 0.064 0.054 0.059 0.052 0.055 0.06 0.069 0.062 0.069 0.067 0.069 0.084 0.081 0.07 0.07 0.071 0.073 0.081 0.072 0.076 0.07 0.066 0.071 0.059 0.054 0.054 0.06 0.058 0.052 0.052 0.051 0.052 0.052 0.052 0.052 0.053
0.064 0.05 0.051 0.062 0.039 0.056 0.047 0.057 0.083 0.055 0.034 0.035 0.031 0.069 0.087 0.066 0.114 0.075 0.062 0.083 0.1 0.085 0.05 0.04 0.056 0.118 0.06 0.06 0.062 0.11 0.138 0.155 0.084 0.064 0.05 0.047 0.045 0.046 0.133 0.24 0.201 0.147 0.063 0.066 0.102 0.115 0.092 0.071 0.058 0.06 0.077 0.072 0.052 0.043 0.045 0.051 0.052 0.047 0.06 0.085 0.073 0.08 0.066 0.064 0.088 0.206 0.135 0.04 0.043 0.052 0.052 0.055 0.063 0.067 0.069 0.071 0.072
0.07 0.059 0.06 0.065 0.046 0.048 0.079 0.077 0.071 0.043 0.041 0.034 0.033 0.031 0.064 0.114 0.217 0.175 0.073 0.068 0.069 0.081 0.07 0.042 0.073 0.091 0.074 0.077 0.091 0.127 0.146 0.14 0.068 0.053 0.057 0.053 0.057 0.056 0.056 0.185 0.163 0.102 0.056 0.071 0.053 0.055 0.151 0.129 0.065 0.053 0.053 0.046 0.052 0.049 0.066 0.099 0.07 0.052 0.056 0.063 0.069 0.06 0.057 0.065 0.143 0.06 0.041 0.039 0.046 0.057 0.059 0.061 0.065 0.066 0.07 0.072 0.073
0.078 0.07 0.065 0.036 0.045 0.043 0.038 0.035 0.049 0.027 0.029 0.03 0.027 0.034 0.063 0.259 0.279 0.231 0.152 0.054 0.047 0.043 0.044 0.041 0.05 0.067 0.047 0.046 0.043 0.065 0.043 0.045 0.053 0.059 0.062 0.063 0.062 0.055 0.051 0.062 0.051 0.052 0.075 0.063 0.063 0.056 0.09 0.054 0.092 0.092 0.087 0.06 0.034 0.033 0.042 0.073 0.157 0.179 0.192 0.188 0.13 0.057 0.045 0.061 0.036 0.036 0.04 0.052 0.054 0.059 0.062 0.064 0.066 0.068 0.072 0.074 0.076
0.103 0.119 0.047 0.035 0.037 0.036 0.035 0.039 0.031 0.042 0.026 0.026 0.029 0.029 0.087 0.273 0.183 0.029 0.035 0.054 0.049 0.045 0.04 0.032 0.037 0.041 0.049 0.064 0.051 0.058 0.056 0.059 0.059 0.065 0.066 0.067 0.074 0.07 0.058 0.059 0.061 0.058 0.059 0.06 0.069 0.067 0.058 0.054 0.05 0.067 0.059 0.059 0.035 0.035 0.039 0.037 0.067 0.23 0.233 0.111 0.046 0.044 0.036 0.078 0.034 0.043 0.052 0.06 0.06 0.067 0.067 0.066 0.065 0.067 0.075 0.076 0.077
0.04 0.045 0.046 0.044 0.038 0.037 0.039 0.039 0.033 0.037 0.028 0.029 0.032 0.036 0.061 0.07 0.054 0.047 0.056 0.055 0.043 0.041 0.043 0.043 0.054 0.094 0.076 0.055 0.066 0.066 0.054 0.058 0.069 0.089 0.076 0.063 0.053 0.063 0.067 0.072 0.072 0.067 0.064 0.082 0.073 0.073 0.071 0.059 0.052 0.055 0.059 0.056 0.043 0.039 0.04 0.041 0.043 0.125 0.207 0.104 0.049 0.047 0.04 0.083 0.049 0.057 0.062 0.063 0.06 0.07 0.07 0.067 0.069 0.067 0.071 0.076 0.079
0.045 0.044 0.049 0.045 0.047 0.047 0.044 0.048 0.043 0.059 0.148 0.058 0.049 0.041 0.05 0.054 0.065 0.073 0.074 0.056 0.058 0.058 0.056 0.054 0.056 0.069 0.064 0.059 0.065 0.07 0.097 0.11 0.083 0.078 0.077 0.078 0.095 0.141 0.063 0.111 0.101 0.089 0.077 0.067 0.054 0.062 0.069 0.065 0.06 0.088 0.076 0.086 0.054 0.069 0.174 0.092 0.061 0.088 0.065 0.072 0.072 0.062 0.049 0.049 0.064 0.067 0.068 0.057 0.058 0.068 0.069 0.074 0.076 0.078 0.071 0.073 0.074
0.063 0.062 0.058 0.056 0.058 0.056 0.049 0.052 0.054 0.045 0.051 0.056 0.051 0.046 0.042 0.039 0.043 0.066 0.067 0.072 0.071 0.065 0.068 0.078 0.101 0.099 0.102 0.09 0.082 0.083 0.082 0.093 0.098 0.082 0.065 0.063 0.078 0.079 0.07 0.116 0.122 0.123 0.103 0.096 0.085 0.074 0.078 0.07 0.064 0.058 0.061 0.067 0.1 0.081 0.268 0.281 0.227 0.206 0.107 0.08 0.077 0.07 0.057 0.053 0.068 0.07 0.068 0.064 0.061 0.059 0.06 0.065 0.068 0.072 0.074 0.076 0.08
0.06 0.054 0.051 0.044 0.04 0.044 0.042 0.047 0.047 0.05 0.059 0.065 0.07 0.064 0.057 0.054 0.044 0.065 0.082 0.088 0.088 0.089 0.102 0.101 0.087 0.084 0.085 0.094 0.089 0.101 0.1 0.111 0.142 0.131 0.082 0.087 0.088 0.103 0.106 0.112 0.117 0.121 0.131 0.115 0.124 0.116 0.104 0.096 0.088 0.067 0.069 0.072 0.097 0.196 0.179 0.276 0.265 0.158 0.087 0.079 0.098 0.087 0.062 0.08 0.134 0.111 0.064 0.068 0.07 0.07 0.062 0.059 0.065 0.067 0.069 0.067 0.068
0.048 0.049 0.05 0.047 0.042 0.045 0.046 0.05 0.049 0.051 0.062 0.066 0.072 0.069 0.077 0.074 0.066 0.077 0.086 0.12 0.139 0.125 0.105 0.087 0.104 0.101 0.096 0.099 0.105 0.114 0.159 0.191 0.134 0.139 0.113 0.102 0.104 0.114 0.11 0.127 0.137 0.13 0.13 0.122 0.103 0.143 0.142 0.162 0.159 0.092 0.095 0.1 0.073 0.081 0.11 0.214 0.288 0.19 0.091 0.086 0.113 0.055 0.058 0.095 0.061 0.189 0.083 0.06 0.065 0.081 0.072 0.06 0.067 0.072 0.077 0.075 0.066
0.057 0.055 0.061 0.056 0.06 0.056 0.058 0.056 0.052 0.057 0.059 0.062 0.059 0.073 0.088 0.085 0.081 0.081 0.12 0.131 0.122 0.073 0.065 0.072 0.085 0.082 0.091 0.121 0.124 0.131 0.135 0.096 0.039 0.069 0.088 0.115 0.131 0.094 0.098 0.11 0.13 0.131 0.142 0.165 0.119 0.112 0.125 0.117 0.115 0.133 0.153 0.124 0.107 0.096 0.091 0.16 0.175 0.105 0.106 0.106 0.043 0.059 0.067 0.084 0.066 0.15 0.098 0.061 0.065 0.062 0.063 0.072 0.073 0.076 0.071 0.072 0.076
0.085 0.091 0.089 0.091 0.09 0.153 0.094 0.1 0.106 0.115 0.142 0.146 0.147 0.115 0.074 0.075 0.082 0.104 0.136 0.108 0.101 0.086 0.077 0.088 0.071 0.076 0.068 0.073 0.102 0.071 0.082 0.083 0.081 0.084 0.045 -0.007 0.002 0.07 0.103 0.148 0.148 0.168 0.16 0.111 0.089 0.115 0.097 0.095 0.121 0.118 0.13 0.096 0.205 0.144 0.264 0.228 0.18 0.158 0.198 0.165 0.137 0.076 0.065 0.099 0.137 0.314 0.345 0.315 0.246 0.198 0.191 0.12 0.087 0.084 0.09 0.088 0.082
0.09 0.091 0.11 0.104 0.069 0.029 0.026 0.033 0.071 0.093 0.094 0.091 0.078 0.076 0.077 0.073 0.073 0.068 0.075 0.1 0.114 0.087 0.095 0.089 0.086 0.084 0.073 0.073 0.081 0.083 0.11 0.137 0.134 0.099 0.074 0.051 0.054 0.069 0.113 0.116 0.128 0.126 0.119 0.092 0.088 0.104 0.128 0.121 0.118 0.105 0.09 0.068 0.084 0.136 0.172 0.174 0.22 0.168 0.2 0.123 0.174 0.14 0.087 0.083 0.087 0.105 0.129 0.189 0.208 0.221 0.236 0.289 0.167 0.087 0.087 0.095 0.096
0.103 0.093 0.059 0.068 0.052 0.045 0.063 0.059 0.056 0.051 0.037 0.028 0.038 0.051 0.056 0.058 0.057 0.062 0.066 0.093 0.088 0.062 0.02 0.073 0.072 0.063 0.076 0.073 0.078 0.089 0.083 0.077 0.097 0.118 0.077 0.087 0.08 0.086 0.077 0.078 0.072 0.06 0.047 0.062 0.111 0.116 0.114 0.086 0.124 0.131 0.125 0.066 0.078 0.107 0.098 0.083 0.189 0.161 0.205 0.216 0.158 0.116 0.109 0.114 0.103 0.12 0.127 0.095 0.106 0.25 0.257 0.254 0.217 0.12 0.094 0.094 0.097
0.048 0.046 0.048 0.045 0.049 0.04 0.046 0.057 0.053 0.051 0.041 0.048 0.046 0.054 0.051 0.057 0.059 0.063 0.056 0.07 0.058 0.066 0.079 0.039 0.05 0.07 0.065 0.104 0.065 0.089 0.08 0.078 0.087 0.098 0.113 0.082 0.08 0.075 0.116 0.082 0.091 0.096 0.093 0.091 0.115 0.124 0.114 0.125 0.123 0.159 0.159 0.169 0.167 0.136 0.068 0.053 0.144 0.164 0.2 0.174 0.193 0.255 0.185 0.154 0.12 0.137 0.132 0.139 0.131 0.068 0.127 0.321 0.368 0.4 0.096 0.116 0.118
0.039 0.04 0.046 0.049 0.051 0.05 0.057 0.063 0.059 0.047 0.05 0.119 0.133 0.068 0.054 0.058 0.064 0.063 0.059 0.066 0.08 0.078 0.098 0.108 0.046 0.074 0.091 0.082 0.127 0.076 0.093 0.087 0.074 0.076 0.103 0.143 0.115 0.104 0.109 0.112 0.106 0.116 0.114 0.115 0.105 0.111 0.12 0.128 0.13 0.125 0.124 0.148 0.151 0.15 0.163 0.146 0.137 0.102 0.091 0.22 0.212 0.212 0.265 0.253 0.172 0.142 0.141 0.128 0.127 0.091 0.169 0.204 0.296 0.305 0.168 0.115 0.138
0.054 0.045 0.062 0.077 0.043 0.038 0.038 -0.018 -0.077 0.135 0.12 0.133 0.099 0.058 0.049 0.051 0.052 0.048 0.049 0.067 0.085 0.051 0.056 0.058 0.08 0.073 0.075 0.107 0.12 0.067 0.053 0.076 0.088 0.092 0.106 0.115 0.124 0.129 0.137 0.108 0.118 0.078 0.093 0.067 0.153 0.124 0.126 0.151 0.124 0.149 0.187 0.167 0.141 0.154 0.21 0.139 0.247 0.254 0.255 0.253 0.19 0.279 0.306 0.149 0.251 0.162 0.164 0.171 0.165 0.139 0.119 0.165 0.203 0.377 0.328 0.328 0.219
0.051 0.046 0.043 0.052 0.034 0.047 0.056 0.038 0.049 0.041 0.072 0.109 0.132 0.057 0.051 0.052 0.05 0.05 0.055 0.057 0.056 0.059 0.056 0.061 0.082 0.085 0.077 0.056 0.071 0.091 0.068 0.068 0.072 0.079 0.095 0.097 0.121 0.129 0.103 0.073 0.074 0.092 0.119 0.125 0.149 0.131 0.142 0.171 0.128 0.09 0.082 0.217 0.219 0.183 0.248 0.24 0.22 0.276 0.354 0.277 0.303 0.231 0.258 0.319 0.296 0.256 0.356 0.364 0.305 0.209 0.136 0.141 0.289 0.357 0.128 0.138 0.109
0.05 0.048 0.036 0.059 0.046 0.059 0.053 0.051 0.051 0.044 0.043 0.036 0.035 0.039 0.049 0.048 0.051 0.076 0.058 0.059 0.064 0.063 0.074 0.08 0.087 0.073 0.074 0.086 0.087 0.025 0.053 0.079 0.11 0.109 0.11 0.109 0.123 0.139 0.128 0.086 0.048 0.037 0.037 0.111 0.105 0.041 0.047 0.162 0.172 0.159 0.155 0.159 0.151 0.312 0.309 0.293 0.266 0.165 0.21 0.255 0.227 0.264 0.267 0.24 0.301 0.361 0.408 0.463 0.429 0.224 0.196 0.209 0.155 0.148 0.129 0.132 0.154
0.054 0.053 0.045 0.051 0.039 0.052 0.056 0.062 0.065 0.061 0.076 0.06 0.049 0.046 0.051 0.054 0.063 0.072 0.072 0.068 0.068 0.069 0.111 0.128 0.09 0.077 0.087 0.081 0.075 0.089 0.072 0.006 0.065 0.109 0.146 0.124 0.119 0.13 0.123 0.1 0.1 0.1 0.045 -0.022 0.096 0.111 -0.011 0.079 0.188 0.167 0.161 0.16 0.078 0.145 0.275 0.293 0.363 0.321 0.243 0.235 0.344 0.358 0.313 0.306 0.287 0.305 0.299 0.316 0.278 0.212 0.231 0.272 0.271 0.213 0.192 0.265 0.196
0.047 0.051 0.049 0.042 0.053 0.047 0.059 0.059 0.057 0.048 0.052 0.069 0.056 0.044 0.052 0.06 0.075 0.079 0.081 0.076 0.073 0.075 0.093 0.095 0.104 0.118 0.131 0.139 0.12 0.084 0.08 0.085 0.08 0.088 0.115 0.138 0.131 0.15 0.101 0.097 0.099 0.108 0.083 0.072 0.112 0.064 -0.016 0.078 0.083 0.22 0.194 0.17 0.178 0.181 0.146 0.192 0.227 0.299 0.287 0.185 0.158 0.188 0.238 0.307 0.268 0.26 0.363 0.34 0.324 0.327 0.411 0.411 0.359 0.285 0.262 0.245 0.226
0.045 0.05 0.049 0.049 0.04 0.035 0.049 0.049 0.042 0.057 0.056 0.057 0.056 0.046 0.07 0.082 0.082 0.073 0.064 0.086 0.077 0.102 0.099 0.121 0.069 0.044 0.023 0.054 0.086 0.09 0.101 0.089 0.085 0.074 0.087 0.096 0.091 0.071 0.079 0.105 0.114 0.103 0.104 0.13 -0.3 -0.062 0.116 0.132 0.082 0.091 0.189 0.196 0.206 0.22 0.252 0.219 0.257 0.289 0.318 0.31 0.323 0.356 0.404 0.383 0.344 0.393 0.329 0.301 0.287 0.321 0.278 0.275 0.134 0.295 0.452 0.427 0.395
0.045 0.046 0.041 0.043 0.048 0.045 0.04 0.042 0.042 0.048 0.016 0.036 0.062 0.043 0.051 0.049 0.056 0.062 0.068 0.082 0.075 0.073 0.084 0.09 0.086 0.036 0.08 0.086 0.034 0.099 0.109 0.153 0.143 0.141 0.101 0.11 0.117 0.098 0.09 0.093 0.097 0.091 0.104 0.101 -0.3 -0.3 -0.3 0.129 0.159 0.159 0.136 0.167 0.19 0.249 0.193 0.182 0.126 0.165 0.157 0.205 0.245 0.269 0.349 0.344 0.234 0.249 0.287 0.343 0.336 0.33 0.287 0.306 0.209 0.161 0.152 0.246 0.286
0.045 0.05 0.046 0.046 0.05 0.049 0.048 0.037 0.035 0.043 0.053 0.057 0.063 0.137 0.053 0.05 0.056 0.06 0.072 0.07 0.076 0.078 0.074 0.072 0.1 0.083 0.078 0.086 0.076 0.046 0.015 0.009 0.002 -0.006 0.074 0.082 0.087 0.09 0.129 0.119 0.11 0.132 0.103 0.114 0.123 -0.3 -0.3 0.104 0.086 0.117 0.163 0.163 0.141 0.152 0.142 0.166 0.104 0.139 0.155 0.322 0.313 0.26 0.323 0.252 0.237 0.286 0.323 0.294 0.173 0.366 0.345 0.314 0.386 0.424 0.332 0.171 0.343
0.04 0.046 0.049 0.043 0.049 0.05 0.052 0.048 0.043 0.042 0.052 0.056 0.096 0.122 0.052 0.057 0.071 0.065 0.067 0.074 0.087 0.069 0.068 0.078 0.07 0.067 0.082 0.094 0.09 0.109 0.109 0.091 0.074 0.023 0.104 0.126 0.102 0.084 0.076 0.107 0.11 0.123 0.123 0.135 0.126 0.124 0.121 0.133 0.135 0.141 0.157 0.191 0.173 0.183 0.205 0.208 0.193 0.207 0.234 0.223 0.356 0.362 0.365 0.377 0.339 0.348 0.363 0.262 0.164 0.282 0.281 0.33 0.425 0.44 0.379 0.28 0.379
0.045 0.045 0.05 0.05 0.047 0.05 0.052 0.053 0.051 0.043 0.055 0.047 0.081 0.129 0.102 0.049 0.054 0.062 0.063 0.072 0.081 0.093 0.069 0.087 0.079 0.088 0.064 0.077 0.093 0.104 0.115 0.115 0.126 0.093 0.116 0.117 0.111 0.088 0.089 0.093 0.092 0.077 0.096 0.098 0.134 0.141 0.131 0.137 0.143 0.142 0.171 0.175 0.187 0.22 0.218 0.167 0.172 0.255 0.255 0.253 0.264 0.308 0.391 0.385 0.379 0.365 0.351 0.346 0.345 0.272 0.25 0.239 0.35 0.436 0.423 0.366 0.367
0.053 0.051 0.054 0.052 0.046 0.047 0.046 0.048 0.049 0.053 0.048 0.047 0.053 0.054 0.051 0.055 0.052 0.046 0.045 0.063 0.068 -0.004 0.081 0.068 0.081 0.111 0.088 0.106 0.099 0.093 0.1 0.091 0.113 0.123 0.133 0.107 0.082 0.088 0.087 0.096 0.096 0.104 0.114 0.117 0.124 0.161 0.142 0.146 0.123 0.157 0.127 0.14 0.168 0.222 0.168 0.178 0.355 0.388 0.253 0.274 0.332 0.312 0.305 0.287 0.257 0.191 0.257 0.303 0.341 0.379 0.407 0.375 0.409 0.418 0.284 0.232 0.263
0.057 0.052 0.053 0.053 0.051 0.046 0.047 0.047 0.049 0.051 0.052 0.052 0.051 0.051 0.047 0.048 0.054 0.054 0.048 0.056 0.057 0.032 0.072 0.071 0.073 0.071 0.098 0.093 0.077 0.07 0.065 0.081 0.095 0.113 0.133 0.133 0.121 0.127 0.107 0.133 0.119 0.121 0.119 0.12 0.128 0.166 0.135 0.154 0.125 0.127 0.135 0.137 0.182 0.2 0.278 0.295 0.276 0.332 0.281 0.32 0.344 0.361 0.346 0.322 0.235 0.218 0.179 0.227 0.258 0.317 0.31 0.31 0.374 0.312 0.429 0.384 0.346
0.058 0.059 0.053 -0.3 0.038 0.051 0.049 0.049 0.05 0.054 0.053 0.051 0.053 0.053 0.044 0.045 0.052 0.055 0.058 0.059 0.06 0.065 0.062 0.057 0.07 0.061 0.078 0.076 0.077 0.082 0.096 0.093 0.084 0.08 0.105 0.108 0.101 0.117 0.114 0.091 0.111 0.122 0.128 0.137 0.156 0.188 0.198 0.152 0.147 0.119 0.128 0.166 0.185 0.216 0.301 0.311 0.327 0.311 0.302 0.293 0.352 0.361 0.395 0.374 0.385 0.301 0.306 0.343 0.339 0.367 0.365 0.368 0.428 0.32 0.406 0.451 0.454
0.059 0.061 0.059 0.069 0.061 0.05 0.039 0.04 0.047 0.054 0.053 0.051 0.051 0.055 0.049 0.046 0.051 0.058 0.058 0.067 0.057 0.06 0.053 0.073 0.059 0.081 0.086 0.092 0.095 0.084 0.089 0.08 0.073 0.096 0.116 0.111 0.124 0.126 0.112 0.121 0.11 0.093 0.085 0.095 0.166 0.19 0.191 0.167 0.218 0.134 0.186 0.143 0.151 0.145 0.267 0.273 0.323 0.287 0.263 0.354 0.36 0.404 0.395 0.407 0.325 0.302 0.314 0.369 0.341 0.422 0.356 0.295 0.337 0.374 0.386 0.386 0.408
0.06 0.055 0.058 0.063 0.069 0.073 0.063 0.011 -0.178 0.052 0.054 0.053 0.052 0.052 0.051 0.05 0.051 0.053 0.058 0.06 0.067 0.071 0.058 0.07 0.034 0.057 0.067 0.084 0.082 0.085 0.073 0.08 0.08 0.098 0.115 0.122 0.127 0.118 0.12 0.129 0.136 0.133 0.118 0.126 0.134 0.155 0.156 0.166 0.15 0.145 0.166 0.137 0.193 0.196 0.3 0.279 0.286 0.323 0.277 0.363 0.378 0.392 0.387 0.411 0.466 0.369 0.363 0.401 0.388 0.438 0.456 0.429 0.389 0.37 0.259 0.355 0.41
0.063 0.059 0.06 0.064 0.061 0.074 0.07 0.064 0.064 0.053 0.057 0.055 0.056 0.055 0.055 0.052 0.05 0.051 0.054 0.056 0.057 0.053 0.061 0.066 0.063 0.073 0.058 0.078 0.069 0.083 0.082 0.072 0.092 0.108 0.106 0.083 0.097 0.092 0.086 0.078 0.08 0.078 0.118 0.167 0.116 0.09 0.129 0.128 0.14 0.123 0.126 0.156 0.192 0.187 0.211 0.27 0.296 0.301 0.255 0.305 0.324 0.342 0.361 0.341 0.397 0.451 0.44 0.454 0.437 0.464 0.422 0.459 0.444 0.456 0.433 0.373 0.368
0.065 0.071 0.102 0.116 0.067 0.066 0.06 0.063 0.063 0.063 0.061 0.058 0.055 0.056 0.06 0.058 0.058 0.053 0.055 0.054 0.056 0.053 0.051 0.054 0.047 0.062 0.058 0.066 0.064 0.057 0.061 0.06 0.065 0.088 0.138 0.112 0.102 0.091 0.062 0.097 0.095 0.139 0.107 0.1 0.113 0.123 0.133 0.139 0.133 0.171 0.198 0.179 0.192 0.181 0.211 0.185 0.209 0.289 0.334 0.262 0.277 0.317 0.309 0.334 0.38 0.416 0.386 0.329 0.299 0.315 0.295 0.322 0.328 0.357 0.401 0.441 0.448
0.13 0.098 0.074 0.066 0.077 0.052 0.051 0.059 0.066 0.064 0.063 0.062 0.064 0.06 0.057 0.063 0.055 0.056 0.059 0.052 0.051 0.056 0.052 0.05 0.047 0.044 0.045 0.055 0.059 0.078 0.084 0.083 0.069 0.07 0.072 0.08 0.079 0.07 0.056 0.19 0.178 0.114 0.09 0.092 0.086 0.087 0.097 0.144 0.148 0.183 0.178 0.213 0.173 0.165 0.229 0.209 0.236 0.252 0.365 0.385 0.374 0.332 0.296 0.282 0.302 0.285 0.28 -0.029 0.339 0.303 0.299 0.287 0.301 0.297 0.304 0.343 0.416
