data/china_ndvi_max_2005.asc
ncols         710
nrows         510
xllcorner     70
yllcorner     10
cellsize      0.1
NODATA_value  -9999
[rows 170 to 203 of 510, columns 231 to 307 of 710]
0.134 0.187 0.219 0.224 0.151 0.163 0.166 0.061 0.041 0.043 0.045 0.052 0.042 0.056 0.056 0.047 0.066 0.069 0.063 0.057 0.074 0.067 0.081 0.07 0.084 -9999 -9999 -9999 -9999 -9999 -9999 -9999 -9999 -9999 -9999 -9999 -9999 -9999 -9999 -9999 -9999 -9999 -9999 -9999 -9999 -9999 -9999 -9999 -9999 -9999 -9999 -9999 -9999 -9999 -9999 -9999 -9999 -9999 -9999 -9999 -9999 -9999 -9999 -9999 -9999 -9999 -9999 -9999 -9999 -9999 -9999 -9999 -9999 -9999 -9999 -9999 -9999
0.1 0.126 0.144 0.178 0.165 0.149 0.138 0.097 0.062 0.048 0.057 0.044 0.032 0.036 0.024 0.032 0.036 0.038 0.075 0.138 0.083 0.065 0.076 0.083 0.076 0.062 -9999 -9999 -9999 -9999 -9999 -9999 -9999 -9999 -9999 -9999 -9999 -9999 -9999 -9999 -9999 -9999 -9999 -9999 -9999 -9999 -9999 -9999 -9999 -9999 -9999 -9999 -9999 -9999 -9999 -9999 -9999 -9999 -9999 -9999 -9999 -9999 -9999 -9999 -9999 -9999 -9999 -9999 -9999 -9999 -9999 -9999 -9999 -9999 -9999 -9999 -9999
0.204 0.171 0.116 0.097 0.17 0.178 0.14 0.144 0.114 0.074 0.061 0.074 0.048 0.031 0.03 0.035 0.033 0.042 0.04 0.059 0.082 0.081 0.063 0.051 0.063 0.062 -9999 -9999 -9999 -9999 -9999 -9999 -9999 -9999 -9999 -9999 -9999 -9999 -9999 -9999 -9999 -9999 -9999 -9999 -9999 -9999 -9999 -9999 -9999 -9999 -9999 -9999 -9999 -9999 -9999 -9999 -9999 -9999 -9999 -9999 -9999 -9999 -9999 -9999 -9999 -9999 -9999 -9999 -9999 -9999 -9999 -9999 -9999 -9999 -9999 -9999 -9999
0.278 0.239 0.211 0.131 0.074 0.155 0.19 0.148 0.12 0.172 0.105 0.066 0.072 0.054 0.047 0.042 0.035 0.052 0.041 0.035 0.032 0.04 0.079 0.066 0.066 0.078 0.066 -9999 -9999 -9999 -9999 -9999 -9999 -9999 -9999 -9999 -9999 -9999 -9999 -9999 -9999 -9999 -9999 -9999 -9999 -9999 -9999 -9999 -9999 -9999 -9999 -9999 -9999 -9999 -9999 -9999 -9999 -9999 -9999 -9999 -9999 -9999 -9999 -9999 -9999 -9999 -9999 -9999 -9999 -9999 -9999 -9999 -9999 -9999 -9999 -9999 -9999
0.227 0.22 0.193 0.157 0.105 0.101 0.135 0.144 0.132 0.154 0.169 0.133 0.117 0.117 0.058 0.029 0.033 0.05 0.048 0.049 0.046 0.047 0.047 0.056 0.075 0.09 0.079 0.075 -9999 -9999 -9999 -9999 -9999 -9999 -9999 -9999 -9999 -9999 -9999 -9999 -9999 -9999 -9999 -9999 -9999 -9999 -9999 -9999 -9999 -9999 -9999 -9999 -9999 -9999 -9999 -9999 -9999 -9999 -9999 -9999 -9999 -9999 -9999 -9999 -9999 -9999 -9999 -9999 -9999 -9999 -9999 -9999 -9999 -9999 -9999 -9999 -9999
0.222 0.229 0.226 0.036 0.305 0.27 0.24 0.245 0.305 0.151 0.091 0.065 0.072 0.139 0.1 0.096 0.098 0.073 0.063 0.059 0.055 0.054 0.059 0.063 0.081 0.075 0.076 0.083 -9999 -9999 -9999 -9999 -9999 -9999 -9999 -9999 -9999 -9999 -9999 -9999 -9999 -9999 -9999 -9999 -9999 -9999 -9999 -9999 -9999 -9999 -9999 -9999 -9999 -9999 -9999 -9999 -9999 -9999 -9999 -9999 -9999 -9999 -9999 -9999 -9999 -9999 -9999 -9999 -9999 -9999 -9999 -9999 -9999 -9999 -9999 -9999 -9999
0.126 0.145 0.192 0.239 0.222 0.236 0.28 0.292 0.308 0.213 0.159 0.131 0.133 0.105 0.097 0.096 0.096 0.102 0.068 0.071 0.059 0.058 0.061 0.055 0.054 0.044 0.069 0.067 -9999 -9999 -9999 -9999 -9999 -9999 -9999 -9999 -9999 -9999 -9999 -9999 -9999 -9999 -9999 -9999 -9999 -9999 -9999 -9999 -9999 -9999 -9999 -9999 -9999 -9999 -9999 -9999 -9999 -9999 -9999 -9999 -9999 -9999 -9999 -9999 -9999 -9999 -9999 -9999 -9999 -9999 -9999 -9999 -9999 -9999 -9999 -9999 -9999
0.058 0.062 0.057 0.092 0.104 0.124 0.161 0.169 0.162 0.206 0.22 0.173 0.146 0.165 0.108 0.103 0.121 0.076 0.067 0.072 0.063 0.053 0.055 0.04 0.052 0.043 0.041 0.042 0.061 -9999 -9999 -9999 -9999 -9999 -9999 -9999 -9999 -9999 -9999 -9999 -9999 -9999 -9999 -9999 -9999 -9999 -9999 -9999 -9999 -9999 -9999 -9999 -9999 -9999 -9999 -9999 -9999 -9999 -9999 -9999 -9999 -9999 -9999 -9999 -9999 -9999 -9999 -9999 -9999 -9999 -9999 -9999 -9999 -9999 -9999 -9999 -9999
0.043 0.045 0.041 0.051 0.044 0.052 0.08 0.117 0.155 0.187 0.214 0.136 0.005 0.075 0.18 0.153 0.148 0.112 0.11 0.07 0.054 0.046 0.044 0.054 0.049 0.048 0.041 0.043 0.057 0.052 -9999 -9999 -9999 -9999 -9999 -9999 -9999 -9999 -9999 -9999 -9999 -9999 -9999 -9999 -9999 -9999 -9999 -9999 -9999 -9999 -9999 -9999 -9999 -9999 -9999 -9999 -9999 -9999 -9999 -9999 -9999 -9999 -9999 -9999 -9999 -9999 -9999 -9999 -9999 -9999 -9999 -9999 -9999 -9999 -9999 -9999 -9999
0.032 0.025 0.036 0.031 0.04 0.046 0.077 0.098 0.104 0.162 0.191 0.198 0.098 0.017 0.123 0.193 0.202 0.178 0.156 0.084 0.055 0.07 0.088 0.087 0.076 0.07 0.06 0.061 0.061 0.061 0.067 0.064 -9999 -9999 -9999 -9999 -9999 -9999 -9999 -9999 -9999 -9999 -9999 -9999 -9999 -9999 -9999 -9999 -9999 -9999 -9999 -9999 -9999 -9999 -9999 -9999 -9999 -9999 -9999 -9999 -9999 -9999 -9999 -9999 -9999 -9999 -9999 -9999 -9999 -9999 -9999 -9999 -9999 -9999 -9999 -9999 -9999
0.107 0.095 0.142 0.199 0.206 0.066 0.056 0.041 0.073 0.084 0.099 0.108 0.137 0.101 0.146 0.138 0.152 0.173 0.152 0.096 0.101 0.098 0.093 0.082 0.08 0.075 0.065 0.059 0.071 0.064 0.062 0.067 0.054 -9999 -9999 -9999 -9999 -9999 -9999 -9999 -9999 -9999 -9999 -9999 -9999 -9999 -9999 -9999 -9999 -9999 -9999 -9999 -9999 -9999 -9999 -9999 -9999 -9999 -9999 -9999 -9999 -9999 -9999 -9999 -9999 -9999 -9999 -9999 -9999 -9999 -9999 -9999 -9999 -9999 -9999 -9999 -9999
0.068 0.078 0.108 0.153 0.262 0.213 0.157 0.126 0.037 0.039 0.049 0.043 0.056 0.071 0.122 0.112 0.092 0.081 0.082 0.085 0.08 0.08 0.078 0.08 0.068 0.066 0.067 0.068 0.065 0.055 0.055 0.053 0.054 -9999 -9999 -9999 -9999 -9999 -9999 -9999 -9999 -9999 -9999 -9999 -9999 -9999 -9999 -9999 -9999 -9999 -9999 -9999 -9999 -9999 -9999 -9999 -9999 -9999 -9999 -9999 -9999 -9999 -9999 -9999 -9999 -9999 -9999 -9999 -9999 -9999 -9999 -9999 -9999 -9999 -9999 -9999 -9999
0.086 0.072 0.068 0.057 0.085 0.114 0.095 0.095 0.167 0.06 0.033 0.035 0.054 0.067 0.086 0.076 0.067 0.06 0.045 0.063 0.068 0.058 0.064 0.061 0.069 0.063 0.063 0.06 0.054 0.054 0.056 0.056 0.065 0.06 0.061 0.059 0.053 0.057 0.059 0.06 0.066 0.072 0.077 0.082 0.078 0.076 0.073 0.068 -9999 -9999 -9999 -9999 -9999 -9999 -9999 -9999 -9999 -9999 -9999 -9999 -9999 -9999 -9999 -9999 -9999 -9999 -9999 -9999 -9999 -9999 -9999 -9999 -9999 -9999 -9999 -9999 -9999
0.08 0.081 0.072 0.058 0.076 0.063 0.067 0.065 0.098 0.177 0.047 0.054 0.051 0.049 0.059 0.064 0.053 0.055 0.049 0.063 0.058 0.054 0.073 0.081 0.062 0.062 0.062 0.063 0.063 0.065 0.071 0.067 0.068 0.062 0.058 0.057 0.058 0.057 0.049 0.063 0.07 0.069 0.076 0.074 0.066 0.065 0.072 0.075 0.067 0.069 0.063 0.07 0.062 0.051 0.063 0.063 0.057 0.054 0.062 0.065 -9999 -9999 -9999 -9999 -9999 -9999 -9999 0.064 0.059 0.061 0.06 0.053 0.053 0.062 0.054 0.055 0.051
0.05 0.057 0.06 0.085 0.082 0.083 0.078 0.08 0.082 0.103 0.125 0.069 0.055 0.055 0.04 0.044 0.049 0.062 0.059 0.061 0.057 0.061 0.069 0.064 0.064 0.063 0.065 0.068 0.067 0.079 0.082 0.07 0.073 0.052 0.053 0.065 0.062 0.067 0.06 0.051 0.061 0.061 0.061 0.054 0.054 0.055 0.051 0.051 0.053 0.055 0.058 0.064 0.063 0.057 0.065 0.065 0.055 0.053 0.053 0.041 0.036 0.038 0.046 0.045 0.052 0.067 0.073 0.064 0.053 0.059 0.055 0.053 0.06 0.067 0.053 0.051 0.057
0.063 0.063 0.069 0.081 0.085 0.083 0.075 0.072 0.073 0.07 0.073 0.08 0.074 0.075 0.08 0.068 0.058 0.05 0.055 0.045 0.048 0.064 0.078 0.071 0.067 0.064 0.066 0.071 0.08 0.079 0.087 0.083 0.079 0.08 0.061 0.065 0.067 0.071 0.061 0.065 0.069 0.062 0.067 0.066 0.063 0.085 0.089 0.09 0.075 0.069 0.067 0.069 0.068 0.061 0.063 0.067 0.059 0.06 0.056 0.057 0.05 0.06 0.064 0.056 0.052 0.05 0.046 0.051 0.053 0.058 0.052 0.054 0.058 0.051 0.052 0.043 0.052
0.063 0.065 0.068 0.075 0.068 0.062 0.064 0.07 0.065 0.075 0.07 0.065 0.07 0.077 0.047 0.034 0.029 0.037 0.049 0.055 0.055 0.064 0.077 0.066 0.068 0.072 0.067 0.066 0.067 0.081 0.077 0.086 0.08 0.083 0.084 0.079 0.08 0.085 0.08 0.076 0.072 0.066 0.063 0.066 0.066 0.081 0.079 0.071 0.069 0.079 0.085 0.077 0.075 0.072 0.072 0.065 0.063 0.061 0.059 0.057 0.057 0.058 0.059 0.056 0.053 0.049 0.04 0.036 0.041 0.051 0.051 0.058 0.055 0.045 0.041 0.037 0.042
0.055 0.056 0.054 0.051 0.056 0.057 0.047 0.057 0.062 0.061 0.066 0.063 0.069 0.061 0.06 0.056 0.054 0.057 0.064 0.065 0.06 0.073 0.073 0.076 0.071 0.071 0.075 0.067 0.065 0.075 0.078 0.082 0.082 0.088 0.085 0.086 0.082 0.074 0.089 0.081 0.086 0.081 0.074 0.07 0.08 0.072 0.069 0.067 0.07 0.079 0.076 0.083 0.078 0.075 0.078 0.078 0.069 0.064 0.065 0.058 0.052 0.053 0.045 0.055 0.07 0.056 0.047 0.043 0.045 0.048 0.048 0.055 0.05 0.046 0.042 0.044 0.045
0.05 0.05 0.042 0.059 0.063 0.046 0.075 0.051 0.037 0.033 0.041 0.038 0.054 0.062 0.056 0.055 0.039 0.049 0.052 0.069 0.072 0.069 0.067 0.07 0.075 0.07 0.07 0.08 0.074 0.085 0.089 0.091 0.099 0.089 0.088 0.083 0.085 0.079 0.074 0.068 0.065 0.08 0.076 0.071 0.076 0.073 0.075 0.075 0.068 0.066 0.068 0.074 0.078 0.069 0.074 0.08 0.083 0.071 0.064 0.065 0.067 0.069 0.063 0.052 0.052 0.067 0.053 0.048 0.05 0.054 0.053 0.051 0.048 0.048 0.043 0.048 0.054
0.058 0.05 0.051 0.061 0.065 0.065 0.066 0.072 0.071 0.041 0.042 0.044 0.046 0.05 0.058 0.052 0.047 0.054 0.079 0.078 0.069 0.067 0.061 0.064 0.072 0.094 0.104 0.087 0.082 0.097 0.101 0.094 0.095 0.074 0.078 0.077 0.075 0.07 0.07 0.071 0.07 0.079 0.092 0.086 0.072 0.074 0.071 0.066 0.064 0.069 0.069 0.068 0.067 0.07 0.079 0.081 0.079 0.071 0.07 0.063 0.062 0.07 0.053 0.054 0.047 0.045 0.041 0.057 0.069 0.05 0.051 0.052 0.05 0.051 0.047 0.058 0.065
0.051 0.062 0.065 0.059 0.065 0.072 0.065 0.062 0.056 0.053 0.049 0.051 0.053 0.053 0.051 0.054 0.057 0.056 0.046 0.069 0.073 0.065 0.088 0.103 0.086 0.084 0.088 0.096 0.1 0.078 0.079 0.079 0.062 0.055 0.067 0.067 0.07 0.079 0.077 0.074 0.079 0.076 0.079 0.084 0.079 0.085 0.087 0.07 0.066 0.075 0.071 0.073 0.076 0.073 0.073 0.071 0.066 0.067 0.066 0.064 0.067 0.064 0.063 0.061 0.045 0.045 0.06 0.055 0.064 0.053 0.06 0.064 0.064 0.062 0.063 0.104 0.065
0.056 0.058 0.057 0.059 0.057 0.065 0.059 0.057 0.059 0.055 0.052 0.056 0.063 0.065 0.061 0.062 0.06 0.057 0.054 0.059 0.063 0.059 0.066 0.07 0.072 0.072 0.069 0.064 0.068 0.073 0.071 0.062 0.059 0.059 0.058 0.066 0.067 0.068 0.068 0.07 0.069 0.073 0.077 0.083 0.088 0.089 0.086 0.072 0.067 0.074 0.073 0.074 0.07 0.072 0.073 0.071 0.074 0.072 0.074 0.065 0.065 0.062 0.066 0.065 0.064 0.068 0.064 0.06 0.055 0.055 0.056 0.059 0.063 0.062 0.082 0.075 0.063
0.048 0.06 0.059 0.06 0.048 0.057 0.058 0.059 0.06 0.052 0.052 0.055 0.071 0.067 0.064 0.05 0.052 0.052 0.056 0.068 0.063 0.064 0.064 0.068 0.072 0.07 0.057 0.061 0.056 0.066 0.064 0.065 0.073 0.072 0.063 0.076 0.071 0.068 0.069 0.065 0.066 0.07 0.078 0.075 0.074 0.07 0.075 0.068 0.068 0.064 0.066 0.071 0.072 0.07 0.068 0.075 0.071 0.069 0.076 0.069 0.066 0.066 0.072 0.071 0.068 0.068 0.07 0.061 0.059 0.058 0.061 0.061 0.061 0.059 0.088 0.067 0.066
0.047 0.059 0.058 0.066 0.052 0.059 0.058 0.065 0.063 0.051 0.052 0.056 0.062 0.063 0.062 0.056 0.058 0.059 0.061 0.064 0.063 0.064 0.062 0.06 0.052 0.064 0.062 0.053 0.05 0.069 0.065 0.069 0.066 0.069 0.059 0.067 0.069 0.064 0.068 0.074 0.065 0.065 0.077 0.075 0.071 0.06 0.069 0.067 0.078 0.067 0.082 0.067 0.073 0.071 0.063 0.075 0.075 0.067 0.072 0.071 0.071 0.064 0.062 0.065 0.061 0.059 0.064 0.064 0.062 0.062 0.061 0.062 0.066 0.063 0.092 0.069 0.064
0.045 0.053 0.057 0.058 0.059 0.062 0.061 0.059 0.062 0.058 0.056 0.055 0.05 0.048 0.052 0.054 0.05 0.048 0.059 0.078 0.085 0.067 0.07 0.052 0.048 0.039 0.053 0.057 0.066 0.064 0.069 0.071 0.077 0.089 0.073 0.071 0.075 0.076 0.078 0.072 0.08 0.081 0.076 0.084 0.069 0.074 0.074 0.069 0.068 0.072 0.07 0.066 0.066 0.058 0.064 0.067 0.072 0.069 0.07 0.074 0.066 0.063 0.058 0.057 0.059 0.058 0.059 0.064 0.068 0.061 0.06 0.061 0.064 0.065 0.084 0.064 0.067
0.049 0.057 0.066 0.065 0.061 0.06 0.063 0.055 0.059 0.052 0.054 0.06 0.055 0.053 0.061 0.052 0.058 0.06 0.058 0.062 0.073 0.063 0.052 0.054 0.059 0.064 0.076 0.084 0.089 0.076 0.071 0.078 0.089 0.094 0.073 0.077 0.069 0.064 0.061 0.07 0.067 0.075 0.087 0.06 0.074 0.078 0.068 0.059 0.079 0.077 0.08 0.062 0.056 0.061 0.066 0.078 0.071 0.078 0.085 0.073 0.072 0.066 0.067 0.065 0.056 0.057 0.059 0.059 0.064 0.069 0.071 0.07 0.063 0.056 0.067 0.064 0.054
0.053 0.056 0.063 0.062 0.063 0.065 0.069 0.065 0.058 0.058 0.06 0.058 0.047 0.048 0.058 0.057 0.05 0.051 0.058 0.062 0.059 0.066 0.071 0.068 0.064 0.07 0.069 0.065 0.069 0.062 0.072 0.077 0.1 0.109 0.07 0.067 0.068 0.065 0.055 0.069 0.076 0.075 0.073 0.072 0.077 0.08 0.077 0.076 0.069 0.066 0.074 0.067 0.062 0.057 0.066 0.075 0.075 0.071 0.079 0.082 0.075 0.072 0.066 0.059 0.047 0.042 0.052 0.057 0.06 0.064 0.064 0.067 0.065 0.055 0.077 0.057 0.052
0.05 0.05 0.054 0.057 0.06 0.063 0.06 0.059 0.056 0.059 0.054 0.05 0.049 0.043 0.053 0.059 0.061 0.061 0.059 0.073 0.066 0.066 0.069 0.064 0.07 0.071 0.068 0.057 0.055 0.06 0.056 0.07 0.077 0.085 0.075 0.082 0.094 0.077 0.064 0.058 0.066 0.078 0.076 0.078 0.071 0.071 0.075 0.076 0.073 0.076 0.075 0.075 0.064 0.059 0.063 0.068 0.076 0.071 0.07 0.073 0.075 0.073 0.073 0.077 0.073 0.074 0.084 0.063 0.066 0.064 0.065 0.063 0.061 0.1 0.07 0.055 0.055
0.052 0.047 0.053 0.053 0.06 0.064 0.061 0.064 0.059 0.06 0.059 0.055 0.052 0.053 0.054 0.052 0.052 0.052 0.047 0.056 0.054 0.06 0.055 0.053 0.057 0.053 0.061 0.066 0.054 0.052 0.052 0.055 0.062 0.073 0.092 0.087 0.083 0.076 0.064 0.077 0.078 0.073 0.07 0.071 0.079 0.068 0.069 0.068 0.073 0.072 0.066 0.07 0.075 0.072 0.057 0.066 0.065 0.06 0.064 0.07 0.076 0.078 0.068 0.065 0.063 0.072 0.075 0.069 0.077 0.085 0.076 0.074 0.073 0.133 0.061 0.058 0.06
0.051 0.05 0.052 0.051 0.057 0.057 0.054 0.05 0.044 0.053 0.054 0.049 0.048 0.055 0.051 0.053 0.048 0.05 0.052 0.055 0.059 0.062 0.059 0.054 0.059 0.057 0.055 0.057 0.053 0.053 0.053 0.058 0.081 0.091 0.102 0.079 0.067 0.055 0.063 0.073 0.065 0.063 0.069 0.068 0.071 0.062 0.06 0.065 0.066 0.067 0.07 0.064 0.064 0.071 0.068 0.076 0.069 0.073 0.073 0.066 0.069 0.069 0.073 0.072 0.066 0.07 0.075 0.073 0.076 0.086 0.091 0.078 0.106 0.078 0.062 0.063 0.061
0.048 0.048 0.039 0.033 0.038 0.037 0.035 0.043 0.05 0.039 0.045 0.045 0.047 0.063 0.068 0.062 0.06 0.065 0.054 0.046 0.041 0.042 0.049 0.042 0.055 0.046 0.046 0.05 0.052 0.052 0.052 0.053 0.054 0.051 0.07 0.074 0.056 0.061 0.066 0.066 0.064 0.063 0.057 0.055 0.063 0.067 0.07 0.064 0.067 0.063 0.06 0.061 0.084 0.081 0.087 0.081 0.078 0.07 0.064 0.064 0.064 0.059 0.053 0.048 0.057 0.062 0.065 0.056 0.055 0.049 0.045 0.05 0.061 0.061 0.068 0.069 0.064
0.042 0.041 0.038 0.04 0.034 0.044 0.039 0.053 0.071 0.039 0.046 0.047 0.05 0.053 0.065 0.054 0.055 0.041 0.041 0.045 0.047 0.047 0.049 0.053 0.053 0.046 0.045 0.049 0.052 0.049 0.049 0.05 0.051 0.059 0.06 0.049 0.054 0.048 0.055 0.062 0.063 0.064 0.062 0.063 0.063 0.062 0.06 0.064 0.063 0.076 0.076 0.071 0.064 0.069 0.086 0.08 0.077 0.064 0.057 0.066 0.069 0.067 0.073 0.063 0.058 0.061 0.068 0.063 0.055 0.05 0.049 0.051 0.055 0.061 0.06 0.064 0.064
0.036 0.038 0.038 0.041 0.038 0.045 0.045 0.046 0.044 0.036 0.036 0.038 0.05 0.051 0.051 0.046 0.041 0.032 0.04 0.039 0.042 0.05 0.05 0.05 0.041 0.044 0.044 0.049 0.05 0.051 0.051 0.051 0.052 0.06 0.057 0.054 0.062 0.062 0.06 0.054 0.055 0.057 0.059 0.053 0.058 0.059 0.055 0.057 0.058 0.063 0.064 0.071 0.086 0.079 0.065 0.062 0.074 0.072 0.065 0.067 0.067 0.064 0.063 0.06 0.061 0.063 0.066 0.061 0.063 0.051 0.051 0.052 0.054 0.053 0.057 0.057 0.059
0.038 0.041 0.04 0.043 0.041 0.046 0.047 0.045 0.04 0.038 0.029 0.032 0.048 0.045 0.046 0.032 0.028 0.027 0.027 0.041 0.04 0.05 0.048 0.05 0.041 0.04 0.04 0.047 0.049 0.052 0.051 0.049 0.051 0.051 0.047 0.042 0.044 0.065 0.059 0.061 0.059 0.054 0.054 0.054 0.054 0.058 0.056 0.049 0.052 0.052 0.061 0.072 0.092 0.08 0.061 0.061 0.062 0.065 0.063 0.066 0.06 0.066 0.05 0.064 0.053 0.056 0.059 0.061 0.064 0.05 0.052 0.052 0.051 0.051 0.054 0.052 0.055
