data/china_ndvi_max_1998.asc
ncols         710
nrows         510
xllcorner     70
yllcorner     10
cellsize      0.1
NODATA_value  -9999
[rows 238 to 271 of 510, columns 77 to 153 of 710]
0.131 0.11 0.106 0.11 0.112 0.113 0.103 0.092 0.085 0.091 0.077 0.082 0.064 0.067 0.071 0.069 0.07 0.06 0.065 0.087 0.337 0.41 0.37 0.208 0.263 0.374 0.318 0.165 0.061 0.065 0.058 0.072 0.068 0.082 0.079 0.087 0.089 0.099 0.072 0.087 0.065 0.066 0.061 0.056 0.052 0.046 0.063 0.072 0.101 0.109 0.114 0.151 0.065 0.103 0.056 0.063 0.061 0.057 0.05 0.057 0.062 0.061 0.044 0.06 0.056 0.06 0.059 0.067 0.063 0.07 0.09 0.085 0.091 0.116 0.135 0.175 0.122
0.147 0.166 0.133 0.2 0.145 0.158 0.107 0.12 0.096 0.089 0.092 0.094 0.068 0.075 0.074 0.068 0.062 0.061 0.056 0.057 0.243 0.281 0.275 0.374 0.338 0.198 0.077 0.093 0.084 0.066 0.088 0.224 0.171 0.244 0.126 0.168 0.146 0.158 0.094 0.166 0.098 0.064 0.067 0.054 0.048 0.046 0.049 0.051 0.045 0.077 0.129 0.114 0.05 0.065 0.058 0.064 0.067 0.062 0.06 0.06 0.071 0.072 0.055 0.074 0.065 0.067 0.065 0.073 0.063 0.065 0.082 0.098 0.069 0.067 0.07 0.08 0.047
0.104 0.12 0.158 0.112 0.055 0.115 0.107 0.173 0.159 0.183 0.144 0.108 0.14 0.091 0.088 0.081 0.068 0.077 0.078 0.094 0.071 0.081 0.052 0.058 0.054 0.06 0.049 0.051 0.052 0.046 0.047 0.048 0.042 0.09 0.103 0.119 0.107 0.199 0.301 0.28 0.198 0.051 0.096 0.054 0.049 0.052 0.039 0.039 0.049 0.044 0.045 0.049 0.053 0.058 0.064 0.065 0.078 0.081 0.08 0.082 0.085 0.077 0.077 0.098 0.076 0.058 0.09 0.082 0.111 0.112 0.041 0.024 0.037 0.053 0.002 0.041 0.025
0.099 0.131 0.089 0.077 0.125 0.119 0.15 0.107 0.16 0.176 0.145 0.16 0.157 0.103 0.097 0.091 0.081 0.078 0.074 0.085 0.069 0.072 0.058 0.068 0.063 0.074 0.052 0.055 0.056 0.053 0.047 0.042 0.041 0.055 0.057 0.058 0.078 0.057 0.195 0.278 0.158 0.057 0.116 0.055 0.05 0.05 0.045 0.042 0.047 0.05 0.047 0.053 0.055 0.062 0.068 0.068 0.081 0.082 0.08 0.081 0.085 0.092 0.104 0.106 0.081 0.076 0.094 0.095 0.058 0.026 0.013 0.003 0.019 -0.001 0.022 0.033 0.044
0.045 0.043 0.06 0.049 0.069 0.092 0.099 0.013 0.093 0.149 0.14 0.098 0.135 0.097 0.108 0.082 0.082 0.07 0.082 0.087 0.096 0.072 0.061 0.084 0.087 0.088 0.077 0.069 0.056 0.053 0.048 0.044 0.041 0.031 0.033 0.037 0.047 0.047 0.083 0.077 0.056 0.065 0.062 0.062 0.06 0.056 0.057 0.058 0.055 0.053 0.052 0.062 0.063 0.076 0.079 0.086 0.088 0.089 0.098 0.093 0.107 0.132 0.13 0.082 0.072 0.058 0.049 0.037 0.041 0.038 0.046 0.058 0.064 0.044 0.042 0.048 0.049
0.057 0.054 0.054 0.082 0.085 0.074 0.095 0.067 0.083 0.087 0.079 0.084 0.095 0.089 0.073 0.09 0.118 0.118 0.097 0.124 0.105 0.073 0.065 0.112 0.135 0.131 0.115 0.095 0.071 0.051 0.061 0.045 0.044 0.037 0.038 0.053 0.053 0.051 0.064 0.056 0.063 0.073 0.075 0.067 0.077 0.069 0.067 0.07 0.067 0.061 0.064 0.078 0.074 0.081 0.104 0.11 0.126 0.119 0.071 0.067 0.108 0.13 0.09 0.049 0.053 0.042 0.052 0.071 0.045 0.047 0.049 0.043 0.044 0.055 0.055 0.056 0.053
-0.02 0.008 -0.004 0.083 0.071 0.079 0.1 0.089 0.077 0.093 0.14 0.165 0.129 0.094 0.135 0.163 0.161 0.144 0.141 0.142 0.123 0.081 0.072 0.144 0.155 0.124 0.117 0.115 0.072 0.059 0.082 0.065 0.042 0.042 0.045 0.048 0.058 0.062 0.067 0.07 0.07 0.077 0.081 0.083 0.09 0.091 0.086 0.093 0.087 0.085 0.09 0.092 0.093 0.112 0.117 0.118 0.133 0.11 0.074 0.065 0.076 0.067 0.058 0.061 0.053 0.057 0.061 0.057 0.055 0.056 0.066 0.065 0.063 0.047 0.048 0.052 0.044
0.045 0.061 0.056 0.081 0.089 0.084 0.044 0.064 0.084 0.026 0.034 -0.004 -0.02 0.229 0.16 0.15 0.126 0.064 0.137 0.145 0.106 0.157 0.094 0.073 0.078 0.078 0.101 0.121 0.07 0.074 0.078 0.061 0.06 0.054 0.071 0.071 0.089 0.093 0.096 0.094 0.092 0.1 0.114 0.126 0.075 0.069 0.074 0.048 0.017 0.049 0.038 0.056 0.039 0.004 0.039 0.035 0.037 0.043 0.02 0.015 0.038 0.04 0.041 0.041 0.039 0.047 0.046 0.047 0.044 0.048 0.053 0.053 0.066 0.057 0.058 0.061 0.079
0.018 0.031 0.024 0.053 0.063 0.062 0.066 0.064 0.032 0.042 0.049 0.013 0.063 0.118 0.111 0.151 0.082 0.094 0.153 0.151 0.146 0.178 0.114 0.098 0.139 0.144 0.117 0.089 0.087 0.091 0.088 0.093 0.087 0.138 0.098 0.12 0.112 0.102 0.103 0.122 0.121 0.162 0.196 0.081 0.065 0.054 0.057 0.066 0.05 0.037 0.032 0.053 0.041 0.028 0.035 0.033 0.038 0.044 0.033 0.04 0.04 0.045 0.046 0.059 0.066 0.071 0.066 0.07 0.055 0.059 0.066 0.073 0.074 0.063 0.051 0.057 0.054
0.036 0.038 0.035 -0.007 0.052 0.029 0.061 0.047 0.074 0.074 0.07 0.055 0.052 0.028 0.013 0.04 0.002 0.039 0.123 0.199 0.178 0.195 0.17 0.228 0.215 0.231 0.196 0.172 0.11 0.106 0.113 0.106 0.131 0.122 0.115 0.136 0.131 0.125 0.137 0.176 0.156 0.13 0.112 0.033 0.034 0.015 0.034 0.05 0.04 0.061 0.059 0.065 0.068 0.041 0.037 0.043 0.037 0.043 0.044 0.045 0.049 0.049 0.043 0.042 0.045 0.047 0.047 0.053 0.049 0.049 0.051 0.048 0.048 0.051 0.053 0.051 0.053
0.051 0.058 0.07 0.042 0.029 0.007 -0.003 0.013 0.042 0.071 0.078 0.064 0.068 0.054 0.061 0.046 0.016 0.02 -0.012 0.013 0.061 0.211 0.195 0.101 0.064 0.129 0.208 0.279 0.196 0.221 0.211 0.192 0.203 0.222 0.224 0.251 0.326 0.247 0.23 0.104 0.097 0.068 0.073 0.054 0.046 0.032 0.044 0.049 0.063 0.078 0.058 0.064 0.059 0.046 0.047 0.046 0.051 0.056 0.048 0.045 0.047 0.054 0.045 0.048 0.054 0.054 0.057 0.059 0.051 0.059 0.062 0.069 0.067 0.044 0.043 0.047 0.045
0.075 0.069 0.075 0.061 0.057 0.052 0.035 0.054 0.055 0.038 0.051 0.035 0.022 0.068 0.049 0.019 -0.02 -0.037 -0.035 -0.036 0.027 0.064 0.06 0.075 0.01 0.04 0.031 0.097 0.151 0.098 0.235 0.233 0.254 0.198 0.207 0.16 0.107 0.07 0.062 0.038 0.037 0.055 0.049 0.043 0.049 0.056 0.055 0.043 0.049 0.048 0.037 0.051 0.038 0.047 0.051 0.051 0.048 0.041 0.046 0.041 0.043 0.058 0.055 0.053 0.059 0.056 0.058 0.054 0.055 0.061 0.064 0.055 0.05 0.051 0.052 0.053 0.049
0.051 0.071 0.061 0.07 0.068 0.065 0.06 0.054 0.041 0.055 0.022 0.074 0.059 0.074 0.074 0.077 0.045 0.047 -0.04 -0.031 0.008 -0.006 -0.026 0.065 0.066 0.054 0.01 0.004 0.038 0.038 0.032 0.038 0.048 0.042 0.049 0.058 0.058 0.044 0.051 0.042 0.055 0.067 0.069 0.063 0.054 0.057 0.058 0.059 0.068 0.056 0.052 0.05 0.046 0.047 0.054 0.056 0.053 0.051 0.057 0.05 0.052 0.054 0.054 0.054 0.052 0.054 0.054 0.051 0.051 0.051 0.052 0.052 0.056 0.066 0.064 0.055 0.043
0.068 0.049 0.048 0.076 0.077 0.075 0.063 0.06 0.028 0.072 0.066 0.092 0.068 0.068 0.064 0.036 0.05 0.044 0.008 -0.03 -0.023 -0.013 -0.015 0.025 0.017 0.035 -0.013 -0.008 0.019 0.033 0.036 0.041 0.04 0.025 0.023 0.043 0.067 0.051 0.071 0.088 0.081 0.066 0.063 0.052 0.031 0.047 0.05 0.041 0.056 0.059 0.056 0.05 0.047 0.049 0.052 0.051 0.058 0.059 0.05 0.049 0.053 0.056 0.055 0.056 0.057 0.056 0.058 0.06 0.063 0.058 0.058 0.064 0.065 0.058 0.054 0.054 0.058
0.058 0.072 0.066 0.071 0.068 0.065 0.067 0.043 0.065 0.085 0.05 0.009 0.055 0.047 0.037 0.035 0.042 -0.006 0.036 0.036 -0.008 0.008 -0.006 0.011 0.023 0.004 -0.014 -0.003 0.029 -0 0.023 0.028 0.021 0.057 0.058 0.051 0.052 0.089 0.067 0.049 0.082 0.07 0.065 0.049 0.058 0.045 0.018 -0.025 0.037 0.056 0.046 0.046 0.047 0.047 0.044 0.051 0.052 0.057 0.055 0.053 0.053 0.054 0.058 0.059 0.06 0.062 0.059 0.057 0.059 0.057 0.056 0.056 0.059 0.056 0.053 0.059 0.046
0.074 0.078 0.071 0.053 0.004 0.039 0.078 0.077 0.053 0.065 0.036 -0.008 0.044 0.054 0.051 0.056 0.061 0.056 0.061 0.045 0.033 0.025 0.025 -0.04 -0.008 -0.002 -0.015 0.006 0.016 0.005 0.032 -0.002 0.056 0.066 0.063 0.069 0.064 0.069 0.083 0.083 0.084 0.063 0.069 0.076 0.056 0.033 -0.027 -0.046 0.014 0.023 0.014 0.008 0.038 0.053 0.052 0.049 0.053 0.058 0.054 0.059 0.061 0.057 0.059 0.064 0.065 0.065 0.058 0.051 0.048 0.045 0.053 0.053 0.054 0.056 0.058 0.057 0.046
0.028 0.027 0.047 0.038 -9999 0.067 0.077 0.066 0.033 0.057 0.062 0.032 0.064 0.066 0.056 0.049 0.043 0.056 0.065 0.065 0.059 0.044 0.032 0.025 0.041 0.013 -0.026 -0.007 -0.03 -0.036 -0.013 0.019 0.002 -0.024 -0.004 0.035 0.059 0.043 0.032 0.013 0.006 0.057 0.054 0.06 0.01 -0.018 -0.03 -0.004 0.027 0.002 0.003 0.026 0.06 0.059 0.008 0.051 0.058 0.06 0.061 0.058 0.058 0.06 0.058 0.061 0.058 0.055 0.049 0.04 0.048 0.049 0.053 0.055 0.054 0.051 0.05 0.061 0.057
-9999 -9999 -9999 -9999 0.088 0.078 0.076 0.068 0.083 0.077 0.075 0.066 0.075 0.075 0.033 0.064 0.065 0.068 0.062 0.065 0.054 0.054 0.07 0.065 0.048 0.065 0.05 0.042 -0.046 -0.046 -0.045 -0.044 -0.045 -0.043 -0.054 -0.042 -0.037 -0.047 -0.036 0.038 0.061 0.065 0.051 0.031 0.07 0.07 0.064 0.048 0.046 0.05 0.051 0.052 0.052 0.053 0.061 0.06 0.069 0.074 0.05 0.046 0.044 0.047 0.043 0.044 0.056 0.064 0.061 0.059 0.036 0.022 0.064 0.059 0.061 0.071 0.088 0.093 0.081
-9999 -9999 -9999 -9999 0.079 0.078 0.065 0.058 0.084 0.076 0.087 0.066 0.057 0.077 0.073 0.079 0.08 0.074 0.068 0.054 0.064 0.034 0.043 0.053 0.055 0.062 0.042 0.034 0.006 -0.029 -0.037 -0.052 -0.046 -0.041 -0.044 -0.041 0.005 0.01 -0.019 0.012 0.025 -0.011 -0.02 0.014 0.07 0.058 0.058 0.067 0.079 0.058 0.047 0.037 0.048 0.002 -0.3 0.024 0.068 0.065 0.046 0.049 0.054 0.058 0.059 0.065 0.067 0.066 0.066 0.063 0.059 0.063 0.066 0.07 0.063 0.069 0.079 0.083 0.077
-9999 -9999 -9999 -9999 0.076 0.068 0.021 0.018 0.016 0.002 0.001 0.063 0.053 0.058 0.065 0.081 0.092 0.085 0.081 0.082 0.075 -0.3 -0.3 0.052 0.05 0.042 0.041 0.038 0.047 0.043 0.007 -0.002 -0.026 0.009 0.023 0.029 0.035 0.021 0.022 0.034 0.019 -0.002 0.007 0.034 0.042 0.035 0.018 -0.027 0.082 0.062 0.07 0.073 0.055 0.06 0.066 0.057 0.063 0.057 0.056 0.055 0.052 0.072 0.078 0.063 0.072 0.069 0.072 0.076 0.072 0.06 0.061 0.07 0.073 0.067 0.069 0.074 0.077
-9999 -9999 -9999 -9999 -9999 0.025 0.001 0.024 0.044 0.035 0.04 0.057 -0.005 0.067 0.062 0.077 0.093 0.094 0.081 0.085 0.094 0.046 0.026 0.025 0.039 0.05 0.05 0.047 0.042 0.048 0.043 0.033 0.007 0.06 0.064 0.064 0.042 0.017 0.027 0.045 0.051 0.046 0.047 0.036 0.039 0.042 0.03 0.022 0.047 0.063 0.063 0.06 0.07 0.073 0.069 0.06 0.074 0.068 0.068 0.076 0.077 0.083 0.1 0.068 0.059 0.065 0.065 0.063 0.06 0.061 0.069 0.087 0.092 0.073 0.075 0.081 0.079
-9999 -9999 -9999 -9999 -9999 0.054 0.051 0.05 0.024 0.06 0.069 0.057 0.043 0.047 0.067 0.078 0.083 0.081 0.097 0.089 0.084 0.061 0.056 0.078 0.031 0.004 -0.01 0.014 0.04 0.033 0.032 0.029 0.025 0.022 -0.3 -0.01 0.056 0.065 0.054 0.052 0.047 0.058 0.057 0.046 0.052 0.067 0.051 0.044 0.058 0.078 0.08 0.097 0.102 0.076 -0.3 -0.002 0.067 0.068 0.076 0.073 0.08 0.094 0.093 0.083 0.081 0.087 0.078 0.08 0.076 0.081 0.081 0.081 0.079 0.07 0.071 0.076 0.083
-9999 -9999 -9999 -9999 -9999 -9999 0.016 0.082 -0.001 0.031 0.037 0.059 0.087 0.083 0.085 0.072 0.023 -0.032 0.064 0.061 0.073 0.095 0.089 0.082 0.089 0.075 0.08 0.098 0.036 0.075 0.095 0.082 0.11 0.096 0.112 0.108 0.107 0.079 0.039 0.06 0.06 0.076 0.08 0.066 0.075 0.056 0.051 0.064 0.083 0.091 0.077 0.081 0.058 0.076 0.083 0.093 0.059 0.064 0.082 0.078 0.085 0.082 0.086 0.068 0.072 0.081 0.091 0.092 0.097 0.079 0.083 0.07 0.081 0.093 0.091 0.09 0.108
-9999 -9999 -9999 -9999 -9999 -9999 0.063 0.043 0.06 0.051 0.047 0.069 0.076 0.082 0.072 0.055 0.047 0.062 0.06 0.057 0.064 0.057 0.058 0.081 0.085 0.08 0.064 0.083 0.09 0.072 0.09 0.075 0.081 0.096 0.102 0.09 0.081 0.081 0.073 0.081 0.077 0.074 0.042 0.067 0.075 0.067 0.045 -0.037 0.088 0.084 0.072 0.061 0.096 0.082 0.087 0.08 0.069 0.081 0.069 0.067 0.078 0.085 0.06 0.086 0.082 0.087 0.081 0.104 0.086 0.092 0.085 0.078 0.081 0.083 0.083 0.082 0.085
-9999 -9999 -9999 -9999 -9999 -9999 0.022 0.021 0.048 0.043 0.062 0.056 0.06 0.08 0.086 0.078 0.08 0.078 0.065 0.044 0.006 0.06 0.056 0.048 0.052 0.05 0.08 0.076 0.078 0.079 0.088 0.081 0.084 0.083 0.079 0.084 0.065 0.066 0.083 0.083 0.079 0.045 -0.103 0.052 0.065 0.074 0.022 -0.029 0.089 0.057 0.09 0.109 0.106 0.099 0.1 0.099 0.099 0.09 0.052 0.091 0.089 0.076 -0.005 0.064 0.056 0.076 0.095 0.092 0.072 0.082 0.075 0.078 0.078 0.081 0.085 0.078 0.092
-9999 -9999 -9999 -9999 -9999 -9999 -9999 -9999 0.025 0.063 0.052 0.028 0.037 0.057 0.07 0.074 0.075 0.075 0.074 0.067 0.065 0.068 0.068 0.057 0.057 0.036 0.031 0.024 0.054 0.07 0.087 0.076 0.063 0.07 0.076 0.068 0.094 0.081 0.082 0.073 0.064 0.024 0.046 0.072 0.082 0.075 0.049 0.05 0.075 0.023 0.099 0.078 0.081 0.09 0.087 0.101 0.095 0.107 0.09 0.081 0.091 0.084 0.076 0.076 0.092 0.079 0.07 0.065 0.062 0.085 0.084 0.079 0.078 0.093 0.101 0.098 0.083
-9999 -9999 -9999 -9999 -9999 -9999 -9999 -9999 -9999 -9999 -9999 0.048 0.042 0.037 0.049 0.056 0.066 0.065 0.061 0.068 0.075 0.068 0.076 0.056 0.046 0.037 0.057 0.051 0.068 0.083 0.059 0.048 0.073 -0.3 0.068 0.075 0.093 0.076 0.076 0.072 0.087 0.059 0.058 0.079 0.075 0.068 0.068 0.072 0.079 0.078 0.065 0.051 0.082 0.079 0.086 0.096 0.09 0.084 0.088 0.078 0.086 0.087 0.074 0.084 0.088 0.063 0.059 0.075 0.084 0.078 0.018 0.067 0.067 0.079 0.078 0.059 0.047
-9999 -9999 -9999 -9999 -9999 -9999 -9999 -9999 -9999 -9999 -9999 -9999 0.042 0.039 0.056 0.056 0.063 0.054 0.073 0.031 0.075 0.003 -0.038 0.019 0.034 0.013 0.036 0.09 0.064 0.074 0.06 0.04 -0.049 0.036 -0.045 0.047 0.063 0.054 0.042 0 -0.005 0.118 0.105 0.08 0.071 0.079 0.08 0.069 0.045 0.07 0.065 0.067 0.059 0.077 0.074 0.08 0.063 0.064 0.099 0.074 0.054 0.077 0.081 0.088 0.088 -0.001 -0.007 0.074 0.068 0.079 0.078 0.079 0.084 0.084 0.093 0.031 0.073
-9999 -9999 -9999 -9999 -9999 -9999 -9999 -9999 -9999 -9999 -9999 -9999 -9999 0.069 0.063 0.057 0.065 0.059 0.004 -0.027 0.046 0.049 0.014 -0.036 0.01 0.051 0.088 0.093 0.059 0.063 0.063 0.021 -0.036 0.054 0.076 0.075 0.064 0.07 0.062 0.078 0.066 0.04 0.081 0.026 0.063 0.069 0.079 0.063 0.066 0.071 0.069 0.078 0.076 0.076 0.065 0.062 0.061 0.076 0.12 0.114 0.091 -0.011 0.077 0.085 0.092 0.08 0.051 0.067 0.078 0.079 0.086 0.084 0.091 0.053 0.09 0.053 0.044
-9999 -9999 -9999 -9999 -9999 -9999 -9999 -9999 -9999 -9999 -9999 -9999 -9999 0.052 0.06 0.051 0.049 0.041 0.014 0.022 0.061 0.023 0.05 0.065 0.075 0.063 0.077 0.066 0.058 0.058 0.064 0.039 -0.001 0.048 0.027 0.057 0.08 0.083 0.076 0.084 0.092 0.081 0.064 0.035 0.057 0.056 -0.3 0.025 0.073 0.066 0.073 0.022 0.078 0.073 -0.085 -0.027 0.086 0.11 0.113 0.113 0.107 -0.034 0.01 0.101 0.094 0.07 0.071 0.085 0.091 0.085 0.076 0.082 0.083 0.1 0.104 0.098 0.099
-9999 -9999 -9999 -9999 -9999 -9999 -9999 -9999 -9999 -9999 -9999 0.01 -0.018 0.012 0.035 0.045 0.053 0.059 0.081 0.06 0.039 0.003 -0.042 0.075 0.067 0.041 0.059 0.051 0.066 0.068 0.067 0.058 0.06 0.059 0.067 0.08 0.086 0.087 0.05 0.094 0.082 0.066 0.062 0.067 -0.028 -0.01 0.065 0.029 0.1 0.096 0.088 0.042 0.078 0.077 0.076 0.071 0.102 0.077 0.094 0.08 0.062 0.087 0.092 0.098 0.099 0.093 0.082 0.088 0.097 0.097 0.085 0.08 0.084 0.101 0.113 0.099 0.127
-9999 -9999 -9999 -9999 -9999 -9999 -9999 -9999 -9999 -9999 -9999 0.042 0.039 0.071 0.044 0.063 0.057 0.058 0.057 0.045 0.045 0.027 0.001 0.055 0.058 0.041 0.042 0.047 0.075 0.094 0.067 0.061 0.083 0.09 0.089 0.085 0.079 0.087 -0.3 -0.3 0.051 0.076 0.076 0.058 0.031 0.034 0.063 0.105 0.062 -0.018 0.054 0.08 0.073 0.076 0.083 0.081 0.08 0.084 0.059 0.078 0.058 0.124 0.113 0.095 0.089 0.096 0.07 0.084 0.106 0.099 0.093 0.086 0.104 0.094 0.095 0.108 0.109
-9999 -9999 -9999 -9999 -9999 -9999 -9999 -9999 -9999 -9999 -9999 0.011 0.058 0.131 0.077 0.068 0.054 0.045 0.062 0.067 0.038 0.032 0.035 0.062 0.073 0.062 0.067 0.062 0.066 0.083 0.076 0.079 0.078 0.068 0.079 0.096 0.075 0.072 0.092 0.106 0.103 0.099 0.095 0.052 0.043 0.098 0.116 0.117 0.087 0.119 0.114 0.096 0.113 0.082 0.088 0.099 0.079 0.077 0.101 0.11 0.106 0.101 0.091 0.01 0.071 0.077 0.072 0.066 0.084 0.087 0.091 0.087 0.09 0.102 0.094 0.098 0.107
-9999 -9999 -9999 -9999 -9999 -9999 -9999 -9999 -9999 -9999 -9999 0.047 0.043 0.047 0.05 0.064 0.058 0.057 0.076 0.079 0.066 0.067 0.071 0.052 0.049 0.081 0.094 0.081 0.058 0.08 0.087 0.076 0.089 0.074 0.064 0.087 0.07 0.077 0.09 0.092 0.106 0.095 0.075 0.057 0.068 0.092 0.034 -0.004 0.116 0.108 0.088 0.091 0.099 0.093 0.083 0.103 0.097 0.102 0.107 0.101 0.1 0.084 0.085 0.097 0.091 0.083 0.071 0.053 0.065 0.085 0.097 0.104 0.104 0.104 0.103 0.115 0.109
