data/china_ndvi_max_1996.asc
ncols         710
nrows         510
xllcorner     70
yllcorner     10
cellsize      0.1
NODATA_value  -9999
[rows 272 to 305 of 510, columns 385 to 461 of 710]
0.646 0.637 0.624 0.622 0.617 0.586 0.595 0.566 0.581 0.596 0.586 0.601 0.555 0.566 0.585 0.606 0.549 0.495 0.46 0.523 0.611 0.6 0.627 0.637 0.618 0.598 0.579 0.545 0.599 0.598 0.635 0.677 0.639 0.629 0.614 0.621 0.608 0.609 0.627 0.589 0.538 0.491 0.471 0.455 0.461 0.508 0.508 0.471 0.4 0.45 0.576 0.54 0.561 0.592 0.584 0.588 0.6 0.609 0.576 0.575 0.563 0.513 0.58 0.589 0.501 0.575 0.605 0.569 0.588 0.584 0.587 0.549 0.54 0.516 0.516 0.495 0.562
0.673 0.639 0.586 0.568 0.596 0.601 0.56 0.577 0.564 0.575 0.59 0.594 0.592 0.594 0.565 0.597 0.6 0.608 0.554 0.444 0.574 0.539 0.613 0.642 0.638 0.614 0.623 0.642 0.568 0.595 0.614 0.603 0.606 0.612 0.616 0.612 0.607 0.591 0.578 0.562 0.556 0.578 0.523 0.518 0.429 0.471 0.573 0.57 0.565 0.464 0.589 0.604 0.559 0.576 0.616 0.534 0.533 0.55 0.58 0.604 0.515 0.378 0.44 0.526 0.545 0.6 0.574 0.562 0.599 0.613 0.588 0.552 0.502 0.501 0.526 0.49 0.577
0.69 0.659 0.632 0.58 0.598 0.611 0.588 0.566 0.587 0.572 0.596 0.599 0.559 0.538 0.508 0.569 0.585 0.62 0.593 0.566 0.587 0.564 0.547 0.535 0.551 0.593 0.603 0.62 0.619 0.562 0.607 0.619 0.611 0.631 0.6 0.597 0.604 0.582 0.523 0.462 0.512 0.56 0.534 0.466 0.423 0.443 0.507 0.557 0.587 0.584 0.572 0.555 0.583 0.601 0.604 0.445 0.544 0.587 0.608 0.604 0.585 0.509 0.568 0.549 0.548 0.611 0.584 0.585 0.6 0.609 0.542 0.525 0.524 0.539 0.527 0.537 0.539
0.704 0.708 0.669 0.643 0.65 0.606 0.568 0.561 0.586 0.598 0.541 0.504 0.534 0.599 0.587 0.604 0.603 0.644 0.625 0.635 0.638 0.646 0.612 0.602 0.601 0.586 0.58 0.639 0.528 0.538 0.653 0.628 0.591 0.543 0.643 0.65 0.614 0.615 0.581 0.427 0.411 0.403 0.461 0.454 0.437 0.453 0.412 0.48 0.508 0.52 0.557 0.591 0.612 0.62 0.625 0.519 0.608 0.612 0.604 0.669 0.587 0.545 0.566 0.562 0.561 0.551 0.548 0.577 0.609 0.575 0.543 0.556 0.567 0.553 0.517 0.567 0.548
0.666 0.687 0.686 0.655 0.639 0.587 0.58 0.565 0.559 0.552 0.557 0.544 0.548 0.575 0.576 0.495 0.578 0.623 0.658 0.645 0.644 0.606 0.623 0.623 0.568 0.543 0.513 0.568 0.623 0.626 0.503 0.58 0.58 0.544 0.564 0.629 0.6 0.635 0.576 0.494 0.362 0.354 0.44 0.461 0.456 0.473 0.492 0.487 0.494 0.509 0.509 0.62 0.577 0.621 0.622 0.634 0.608 0.579 0.585 0.623 0.635 0.583 0.581 0.567 0.579 0.568 0.582 0.561 0.531 0.553 0.563 0.56 0.558 0.544 0.53 0.535 0.545
0.667 0.688 0.664 0.659 0.656 0.598 0.568 0.56 0.587 0.562 0.571 0.587 0.563 0.602 0.605 0.526 0.574 0.616 0.615 0.601 0.637 0.619 0.621 0.622 0.592 0.434 0.45 0.51 0.568 0.526 0.573 0.544 0.47 0.468 0.463 0.461 0.48 0.5 0.452 0.42 0.415 0.439 0.496 0.493 0.498 0.464 0.475 0.484 0.508 0.537 0.569 0.561 0.513 0.57 0.605 0.585 0.579 0.583 0.571 0.616 0.613 0.58 0.579 0.543 0.547 0.537 0.545 0.57 0.544 0.53 0.559 0.488 0.545 0.513 0.507 0.519 0.514
0.675 0.676 0.636 0.63 0.646 0.62 0.563 0.532 0.609 0.592 0.6 0.591 0.601 0.567 0.587 0.544 0.608 0.615 0.604 0.565 0.684 0.642 0.606 0.609 0.55 0.479 0.441 0.378 0.517 0.509 0.474 0.536 0.46 0.457 0.468 0.506 0.458 0.42 0.44 0.453 0.469 0.4 0.514 0.525 0.526 0.472 0.413 0.513 0.47 0.477 0.48 0.547 0.479 0.534 0.598 0.559 0.603 0.574 0.621 0.621 0.585 0.579 0.549 0.573 0.58 0.589 0.617 0.553 0.542 0.534 0.525 0.486 0.518 0.526 0.524 0.527 0.504
0.615 0.607 0.626 0.599 0.61 0.614 0.58 0.569 0.637 0.637 0.621 0.591 0.561 0.583 0.602 0.536 0.602 0.598 0.564 0.531 0.598 0.645 0.591 0.568 0.61 0.496 0.453 0.429 0.415 0.43 0.475 0.478 0.457 0.434 0.465 0.502 0.512 0.461 0.474 0.482 0.397 0.415 0.49 0.514 0.526 0.506 0.456 0.43 0.432 0.451 0.445 0.453 0.483 0.577 0.553 0.575 0.616 0.424 0.485 0.603 0.575 0.563 0.569 0.562 0.561 0.577 0.577 0.567 0.526 0.527 0.554 0.575 0.541 0.545 0.52 0.515 0.52
0.494 0.567 0.602 0.577 0.607 0.623 0.607 0.577 0.537 0.462 0.551 0.591 0.604 0.594 0.616 0.559 0.609 0.628 0.559 0.511 0.508 0.479 0.472 0.455 0.44 0.466 0.523 0.605 0.568 0.51 0.472 0.422 0.433 0.455 0.536 0.571 0.569 0.562 0.535 0.551 0.461 0.519 0.536 0.514 0.529 0.524 0.516 0.514 0.518 0.423 0.563 0.622 0.572 0.554 0.602 0.568 0.606 0.581 0.564 0.586 0.564 0.574 0.558 0.549 0.567 0.588 0.533 0.531 0.528 0.542 0.538 0.543 0.547 0.435 0.423 0.49 0.484
0.59 0.562 0.535 0.526 0.537 0.544 0.474 0.531 0.487 0.444 0.608 0.601 0.578 0.597 0.61 0.567 0.536 0.576 0.59 0.594 0.507 0.474 0.464 0.412 0.398 0.444 0.439 0.446 0.489 0.544 0.375 0.379 0.469 0.505 0.523 0.575 0.55 0.534 0.548 0.551 0.49 0.53 0.495 0.522 0.507 0.528 0.524 0.514 0.515 0.495 0.409 0.475 0.481 0.457 0.478 0.527 0.583 0.571 0.575 0.584 0.558 0.581 0.604 0.548 0.548 0.542 0.539 0.535 0.53 0.53 0.531 0.517 0.531 0.515 0.5 0.514 0.485
0.583 0.57 0.583 0.536 0.516 0.464 0.492 0.556 0.571 0.571 0.616 0.637 0.637 0.615 0.616 0.633 0.639 0.644 0.643 0.651 0.568 0.568 0.584 0.548 0.53 0.444 0.381 0.453 0.539 0.575 0.349 0.438 0.479 0.474 0.486 0.499 0.508 0.523 0.536 0.532 0.503 0.504 0.511 0.449 0.527 0.503 0.506 0.493 0.458 0.502 0.47 0.579 0.568 0.552 0.547 0.526 0.519 0.548 0.604 0.563 0.563 0.555 0.54 0.548 0.541 0.513 0.526 0.6 0.56 0.564 0.498 0.512 0.522 0.51 0.494 0.5 0.515
0.559 0.57 0.542 0.498 0.518 0.555 0.583 0.581 0.582 0.582 0.608 0.62 0.631 0.626 0.622 0.639 0.638 0.644 0.653 0.669 0.658 0.607 0.565 0.427 0.533 0.507 0.457 0.421 0.422 0.419 0.563 0.54 0.483 0.498 0.513 0.519 0.517 0.554 0.529 0.526 0.552 0.56 0.523 0.509 0.502 0.517 0.513 0.508 0.46 0.556 0.473 0.497 0.545 0.62 0.61 0.506 0.513 0.56 0.575 0.522 0.567 0.582 0.581 0.559 0.561 0.547 0.537 0.529 0.553 0.563 0.487 0.524 0.519 0.477 0.407 0.441 0.485
0.537 0.578 0.548 0.543 0.523 0.586 0.608 0.592 0.569 0.604 0.633 0.635 0.615 0.618 0.624 0.642 0.632 0.627 0.629 0.654 0.646 0.653 0.645 0.597 0.552 0.514 0.452 0.478 0.484 0.465 0.409 0.532 0.476 0.494 0.532 0.544 0.561 0.57 0.524 0.461 0.539 0.519 0.539 0.537 0.533 0.456 0.477 0.488 0.55 0.593 0.518 0.423 0.435 0.528 0.477 0.49 0.534 0.561 0.576 0.575 0.58 0.592 0.58 0.569 0.548 0.546 0.543 0.563 0.554 0.525 0.545 0.53 0.495 0.423 0.452 0.423 0.48
0.617 0.599 0.598 0.619 0.638 0.621 0.622 0.652 0.647 0.568 0.638 0.58 0.537 0.524 0.522 0.586 0.615 0.664 0.629 0.582 0.584 0.63 0.656 0.642 0.618 0.638 0.661 0.648 0.626 0.644 0.533 0.441 0.418 0.509 0.51 0.538 0.519 0.535 0.538 0.505 0.548 0.565 0.552 0.495 0.474 0.518 0.594 0.554 0.631 0.518 0.442 0.466 0.534 0.492 0.445 0.453 0.462 0.457 0.469 0.546 0.553 0.544 0.507 0.513 0.502 0.481 0.463 0.522 0.498 0.461 0.506 0.469 0.452 0.454 0.476 0.444 0.443
0.634 0.625 0.636 0.649 0.621 0.662 0.633 0.657 0.675 0.67 0.608 0.578 0.548 0.552 0.514 0.511 0.576 0.609 0.604 0.586 0.662 0.644 0.616 0.619 0.633 0.64 0.644 0.654 0.619 0.555 0.521 0.437 0.433 0.49 0.474 0.549 0.517 0.549 0.538 0.535 0.565 0.545 0.557 0.535 0.469 0.403 0.518 0.55 0.583 0.638 0.568 0.559 0.525 0.479 0.47 0.452 0.461 0.44 0.455 0.477 0.498 0.509 0.466 0.459 0.498 0.504 0.54 0.488 0.48 0.497 0.441 0.496 0.474 0.48 0.484 0.474 0.449
0.689 0.67 0.681 0.655 0.699 0.614 0.637 0.662 0.682 0.645 0.639 0.627 0.624 0.602 0.56 0.576 0.578 0.546 0.599 0.655 0.654 0.658 0.628 0.633 0.652 0.646 0.659 0.644 0.649 0.625 0.515 0.559 0.542 0.468 0.483 0.52 0.508 0.511 0.495 0.544 0.55 0.515 0.499 0.522 0.46 0.482 0.519 0.591 0.513 0.538 0.619 0.58 0.52 0.591 0.517 0.529 0.48 0.489 0.454 0.464 0.456 0.497 0.475 0.508 0.476 0.478 0.484 0.488 0.494 0.517 0.493 0.45 0.456 0.532 0.5 0.476 0.455
0.655 0.713 0.713 0.716 0.701 0.662 0.658 0.654 0.665 0.657 0.64 0.649 0.648 0.586 0.607 0.594 0.605 0.621 0.656 0.681 0.633 0.629 0.587 0.57 0.615 0.616 0.629 0.655 0.639 0.645 0.595 0.574 0.554 0.461 0.505 0.503 0.462 0.409 0.49 0.528 0.503 0.522 0.495 0.429 0.483 0.491 0.558 0.574 0.53 0.541 0.577 0.591 0.628 0.639 0.513 0.397 0.421 0.417 0.419 0.55 0.469 0.552 0.482 0.491 0.509 0.458 0.435 0.473 0.49 0.513 0.505 0.463 0.464 0.509 0.495 0.478 0.49
0.617 0.647 0.65 0.657 0.666 0.699 0.655 0.646 0.658 0.662 0.653 0.669 0.664 0.655 0.629 0.62 0.63 0.645 0.641 0.635 0.577 0.525 0.521 0.552 0.582 0.613 0.649 0.701 0.644 0.65 0.653 0.662 0.655 0.569 0.525 0.467 0.323 0.379 0.532 0.51 0.489 0.498 0.502 0.467 0.491 0.471 0.459 0.47 0.565 0.53 0.544 0.563 0.642 0.634 0.616 0.553 0.51 0.511 0.438 0.447 0.474 0.484 0.495 0.518 0.471 0.52 0.481 0.499 0.492 0.458 0.451 0.471 0.495 0.467 0.452 0.497 0.475
0.682 0.678 0.665 0.6 0.635 0.691 0.677 0.634 0.709 0.678 0.656 0.69 0.639 0.663 0.653 0.634 0.64 0.668 0.651 0.656 0.667 0.659 0.629 0.615 0.621 0.636 0.633 0.621 0.578 0.598 0.644 0.652 0.626 0.58 0.57 0.525 0.532 0.444 0.523 0.499 0.605 0.579 0.564 0.546 0.501 0.532 0.512 0.478 0.431 0.49 0.509 0.533 0.55 0.615 0.585 0.617 0.594 0.601 0.551 0.55 0.486 0.541 0.487 0.45 0.445 0.472 0.489 0.511 0.57 0.532 0.54 0.506 0.519 0.417 0.441 0.479 0.469
0.696 0.664 0.669 0.661 0.614 0.688 0.664 0.672 0.703 0.705 0.68 0.68 0.678 0.701 0.698 0.633 0.641 0.653 0.688 0.664 0.66 0.648 0.662 0.619 0.636 0.643 0.654 0.652 0.603 0.616 0.664 0.635 0.627 0.574 0.533 0.516 0.55 0.527 0.523 0.539 0.557 0.611 0.533 0.543 0.578 0.551 0.482 0.51 0.467 0.475 0.448 0.504 0.539 0.54 0.563 0.597 0.626 0.527 0.605 0.65 0.542 0.607 0.594 0.517 0.495 0.539 0.496 0.547 0.524 0.458 0.554 0.574 0.61 0.559 0.472 0.489 0.465
0.693 0.667 0.668 0.65 0.648 0.69 0.68 0.677 0.688 0.67 0.663 0.647 0.674 0.698 0.671 0.648 0.632 0.658 0.697 0.623 0.676 0.627 0.622 0.645 0.589 0.627 0.627 0.634 0.639 0.681 0.643 0.638 0.598 0.611 0.556 0.527 0.559 0.512 0.465 0.464 0.521 0.568 0.54 0.574 0.587 0.651 0.56 0.511 0.506 0.431 0.518 0.507 0.49 0.474 0.521 0.595 0.578 0.448 0.595 0.553 0.557 0.65 0.606 0.61 0.556 0.622 0.558 0.562 0.593 0.553 0.666 0.668 0.639 0.65 0.545 0.561 0.486
0.678 0.708 0.68 0.674 0.592 0.64 0.648 0.621 0.628 0.673 0.692 0.625 0.585 0.709 0.684 0.657 0.637 0.678 0.674 0.678 0.669 0.697 0.688 0.666 0.653 0.613 0.587 0.592 0.676 0.678 0.68 0.656 0.635 0.629 0.615 0.546 0.641 0.552 0.551 0.502 0.507 0.516 0.609 0.649 0.62 0.636 0.584 0.529 0.543 0.502 0.491 0.469 0.466 0.467 0.453 0.487 0.504 0.481 0.535 0.518 0.604 0.665 0.615 0.687 0.53 0.638 0.692 0.653 0.601 0.612 0.626 0.632 0.613 0.59 0.622 0.627 0.611
0.723 0.726 0.69 0.679 0.688 0.672 0.687 0.655 0.651 0.712 0.639 0.612 0.634 0.685 0.706 0.657 0.646 0.678 0.717 0.689 0.69 0.66 0.705 0.689 0.665 0.619 0.633 0.636 0.623 0.656 0.684 0.647 0.633 0.62 0.616 0.533 0.586 0.579 0.524 0.542 0.533 0.552 0.533 0.586 0.663 0.613 0.626 0.625 0.606 0.589 0.506 0.437 0.517 0.509 0.511 0.446 0.465 0.515 0.503 0.522 0.594 0.678 0.551 0.536 0.6 0.647 0.59 0.628 0.638 0.67 0.645 0.586 0.546 0.554 0.652 0.608 0.706
0.579 0.602 0.627 0.664 0.655 0.65 0.647 0.639 0.62 0.621 0.586 0.523 0.614 0.67 0.7 0.711 0.674 0.692 0.678 0.69 0.706 0.672 0.652 0.618 0.62 0.721 0.717 0.685 0.649 0.621 0.666 0.625 0.629 0.645 0.636 0.63 0.563 0.575 0.523 0.529 0.495 0.509 0.525 0.543 0.599 0.675 0.685 0.584 0.572 0.634 0.574 0.521 0.565 0.545 0.512 0.43 0.581 0.603 0.529 0.48 0.505 0.483 0.566 0.593 0.616 0.511 0.656 0.642 0.661 0.699 0.632 0.603 0.619 0.647 0.664 0.665 0.642
0.582 0.603 0.641 0.66 0.645 0.67 0.654 0.646 0.646 0.637 0.606 0.574 0.566 0.565 0.569 0.709 0.727 0.676 0.648 0.688 0.707 0.666 0.603 0.583 0.598 0.686 0.663 0.662 0.666 0.634 0.631 0.629 0.66 0.639 0.622 0.654 0.615 0.542 0.519 0.509 0.494 0.488 0.538 0.595 0.65 0.668 0.713 0.547 0.585 0.57 0.532 0.511 0.488 0.506 0.476 0.469 0.584 0.604 0.503 0.505 0.473 0.433 0.569 0.547 0.501 0.528 0.602 0.571 0.656 0.673 0.588 0.629 0.679 0.665 0.645 0.646 0.658
0.546 0.56 0.564 0.556 0.583 0.616 0.575 0.641 0.618 0.618 0.585 0.604 0.619 0.598 0.552 0.613 0.61 0.624 0.589 0.63 0.619 0.636 0.6 0.61 0.631 0.671 0.664 0.655 0.661 0.661 0.621 0.652 0.659 0.647 0.641 0.673 0.635 0.558 0.613 0.627 0.431 0.481 0.549 0.487 0.541 0.653 0.657 0.587 0.543 0.528 0.497 0.494 0.454 0.486 0.464 0.464 0.493 0.585 0.543 0.503 0.492 0.489 0.592 0.542 0.483 0.45 0.539 0.604 0.646 0.581 0.611 0.677 0.656 0.629 0.659 0.632 0.641
0.523 0.523 0.545 0.567 0.577 0.629 0.617 0.589 0.583 0.558 0.567 0.561 0.575 0.616 0.515 0.578 0.603 0.637 0.595 0.572 0.645 0.599 0.615 0.579 0.654 0.651 0.675 0.652 0.644 0.634 0.65 0.598 0.642 0.637 0.643 0.637 0.631 0.539 0.535 0.543 0.506 0.401 0.545 0.604 0.549 0.673 0.616 0.644 0.529 0.508 0.448 0.49 0.481 0.441 0.461 0.464 0.458 0.549 0.571 0.512 0.502 0.483 0.55 0.555 0.497 0.511 0.617 0.636 0.645 0.523 0.661 0.654 0.621 0.676 0.649 0.649 0.665
0.567 0.554 0.546 0.585 0.553 0.63 0.647 0.639 0.626 0.591 0.506 0.522 0.564 0.543 0.506 0.597 0.561 0.548 0.531 0.512 0.564 0.589 0.561 0.592 0.632 0.643 0.662 0.645 0.622 0.606 0.639 0.593 0.659 0.629 0.63 0.533 0.583 0.471 0.496 0.481 0.489 0.53 0.489 0.515 0.636 0.5 0.553 0.6 0.558 0.488 0.492 0.512 0.497 0.445 0.459 0.459 0.475 0.481 0.507 0.508 0.486 0.475 0.524 0.484 0.47 0.499 0.547 0.631 0.609 0.525 0.65 0.652 0.648 0.632 0.678 0.688 0.666
0.567 0.608 0.601 0.597 0.571 0.565 0.581 0.59 0.617 0.583 0.606 0.549 0.572 0.635 0.66 0.675 0.635 0.637 0.644 0.66 0.604 0.589 0.611 0.597 0.551 0.539 0.624 0.663 0.629 0.594 0.643 0.652 0.524 0.61 0.537 0.594 0.52 0.53 0.511 0.512 0.435 0.468 0.513 0.56 0.548 0.527 0.472 0.455 0.456 0.494 0.469 0.467 0.477 0.485 0.46 0.383 0.477 0.449 0.438 0.419 0.477 0.472 0.459 0.475 0.471 0.566 0.63 0.566 0.604 0.638 0.636 0.577 0.621 0.585 0.632 0.706 0.661
0.582 0.584 0.601 0.604 0.577 0.583 0.643 0.674 0.611 0.635 0.611 0.648 0.69 0.671 0.629 0.671 0.631 0.662 0.655 0.656 0.649 0.626 0.602 0.629 0.673 0.544 0.611 0.604 0.559 0.553 0.631 0.667 0.609 0.493 0.504 0.543 0.543 0.549 0.538 0.534 0.502 0.491 0.494 0.554 0.524 0.491 0.481 0.488 0.464 0.473 0.438 0.478 0.446 0.513 0.511 0.439 0.418 0.378 0.427 0.421 -0.3 0.469 0.463 0.478 0.512 0.588 0.621 0.547 0.539 0.581 0.595 0.557 0.59 0.623 0.682 0.688 0.691
0.593 0.585 0.618 0.633 0.643 0.617 0.673 0.674 0.698 0.708 0.683 0.66 0.67 0.62 0.675 0.647 0.639 0.664 0.672 0.63 0.658 0.658 0.627 0.64 0.656 0.654 0.625 0.593 0.439 0.549 0.592 0.529 0.592 0.53 0.491 0.513 0.527 0.531 0.55 0.55 0.475 0.478 0.519 0.562 0.571 0.495 0.5 0.456 0.446 0.516 0.502 0.486 0.408 0.451 0.478 0.481 0.429 0.372 0.344 0.309 0.363 0.423 0.391 0.492 0.503 0.488 0.487 0.466 0.534 0.559 0.553 0.539 0.587 0.63 0.597 0.667 0.695
0.591 0.596 0.628 0.632 0.605 0.623 0.702 0.738 0.713 0.717 0.675 0.683 0.612 0.638 0.645 0.633 0.669 0.649 0.618 0.631 0.639 0.683 0.664 0.653 0.632 0.651 0.652 0.643 0.591 0.411 0.546 0.535 0.531 0.502 0.468 0.508 0.5 0.507 0.54 0.523 0.488 0.511 0.514 0.561 0.562 0.562 0.502 0.447 0.463 0.474 0.487 0.505 0.486 0.476 0.449 0.425 0.395 0.332 0.208 0.231 0.35 0.442 0.385 0.335 0.438 0.482 0.469 0.527 0.547 0.551 0.505 0.564 0.584 0.632 0.664 0.655 0.674
0.604 0.626 0.634 0.624 0.662 0.688 0.715 0.736 0.709 0.723 0.649 0.633 0.596 0.607 0.583 0.682 0.657 0.668 0.631 0.638 0.673 0.637 0.602 0.651 0.655 0.635 0.638 0.646 0.629 0.576 0.511 0.527 0.486 0.501 0.532 0.477 0.506 0.503 0.506 0.52 0.498 0.524 0.52 0.486 0.499 0.532 0.538 0.512 0.496 0.538 0.543 0.47 0.52 0.511 0.494 0.437 0.374 0.348 0.205 -0.3 0.416 0.385 0.416 0.411 0.512 0.467 0.528 0.522 0.536 0.523 0.595 0.582 0.657 0.578 0.6 0.608 0.62
0.609 0.632 0.639 0.593 0.652 0.654 0.666 0.665 0.653 0.586 0.582 0.623 0.63 0.666 0.664 0.626 0.633 0.628 0.638 0.623 0.651 0.635 0.645 0.643 0.67 0.623 0.593 0.619 0.596 0.57 0.509 0.462 0.464 0.497 0.489 0.476 0.45 0.414 0.329 0.402 0.493 0.519 0.509 0.548 0.537 0.512 0.549 0.55 0.539 0.484 0.486 0.499 0.476 0.456 0.497 0.411 0.359 0.426 0.473 0.383 0.439 -0.3 0.461 0.467 0.351 0.416 0.499 0.512 0.562 0.646 0.597 0.562 0.579 0.574 0.678 0.715 0.723
