data/china_ndvi_max_1996.asc
ncols         710
nrows         510
xllcorner     70
yllcorner     10
cellsize      0.1
NODATA_value  -9999
[rows 306 to 339 of 510, columns 385 to 461 of 710]
0.645 0.637 0.563 0.624 0.618 0.646 0.624 0.657 0.663 0.681 0.568 0.613 0.655 0.615 0.657 0.671 0.666 0.634 0.673 0.661 0.643 0.69 0.704 0.678 0.676 0.649 0.627 0.638 0.615 0.589 0.478 0.482 0.533 0.482 0.49 0.452 0.465 0.352 0.362 0.463 0.486 0.506 0.459 0.525 0.545 0.524 0.52 0.394 0.439 0.495 0.48 0.505 0.548 0.468 0.45 0.408 0.377 0.464 0.449 0.458 -0.3 0.421 0.457 0.431 0.465 0.349 0.479 0.528 0.534 0.512 0.532 0.544 0.537 0.601 0.674 0.627 0.594
0.664 0.674 0.668 0.648 0.67 0.652 0.697 0.695 0.686 0.647 0.614 0.607 0.677 0.666 0.681 0.673 0.658 0.674 0.694 0.689 0.686 0.697 0.678 0.663 0.672 0.638 0.643 0.636 0.622 0.588 0.602 0.576 0.568 0.477 0.503 0.523 0.499 0.406 0.478 0.535 0.487 0.503 0.49 0.529 0.526 0.51 0.518 0.486 0.527 0.511 0.474 0.496 0.453 0.489 0.382 0.417 0.505 -0.3 0.486 0.49 -0.3 0.386 0.485 0.444 0.439 0.402 0.448 0.4 0.464 0.514 0.577 0.562 0.6 0.653 0.608 0.544 0.499
0.676 0.658 0.697 0.669 0.675 0.676 0.7 0.703 0.708 0.618 0.606 0.611 0.67 0.687 0.683 0.705 0.747 0.692 0.696 0.734 0.739 0.717 0.699 0.716 0.692 0.678 0.693 0.641 0.631 0.626 0.599 0.567 0.568 0.476 0.47 0.481 0.473 0.416 0.554 0.539 0.575 0.535 0.519 0.534 0.525 0.534 0.532 0.534 0.544 0.522 0.507 0.496 0.555 0.522 0.544 0.447 0.527 0.453 0.49 0.41 0.459 0.435 0.552 0.464 0.432 0.422 0.456 0.453 0.401 0.381 0.492 0.53 0.586 0.585 0.501 0.53 0.533
0.684 0.651 0.651 0.646 0.665 0.665 0.701 0.675 0.662 0.659 0.624 0.609 0.666 0.682 0.663 0.743 0.692 0.717 0.71 0.706 0.751 0.738 0.682 0.71 0.698 0.669 0.66 0.661 0.632 0.635 0.614 0.576 0.565 0.529 0.497 0.487 0.473 0.47 0.486 0.479 0.527 0.519 0.505 0.49 0.506 0.476 0.503 0.506 0.506 0.516 0.49 0.451 0.425 0.412 0.431 0.439 0.486 -0.3 0.435 0.499 0.493 0.511 0.552 0.495 0.511 0.471 0.51 0.507 0.399 0.449 0.501 0.523 0.533 0.488 0.483 0.474 0.482
0.639 0.643 0.616 0.606 0.626 0.683 0.641 0.656 0.66 0.654 0.684 0.674 0.701 0.729 0.753 0.674 0.733 0.73 0.715 0.726 0.648 0.692 0.708 0.649 0.63 0.633 0.62 0.606 0.572 0.609 0.613 0.603 0.583 0.557 0.533 0.502 0.498 0.515 0.474 0.462 0.527 0.507 0.497 0.416 0.482 0.438 0.428 0.424 -0.3 -0.3 0.401 0.399 0.493 0.477 0.505 0.558 0.527 0.53 0.48 0.562 0.643 0.632 0.588 0.597 0.636 0.494 0.495 0.479 0.467 0.42 0.488 0.481 0.427 0.516 0.505 0.465 0.51
0.59 0.615 0.616 0.642 0.655 0.656 0.625 0.677 0.643 0.675 0.677 0.678 0.676 0.712 0.739 0.734 0.723 0.727 0.717 0.705 0.708 0.7 0.666 0.639 0.58 0.632 0.604 0.646 0.639 0.596 0.553 0.567 0.602 0.57 0.537 0.529 0.504 0.51 0.485 0.433 0.452 0.471 0.489 0.473 0.408 0.492 0.48 0.376 -0.3 0.43 0.436 0.523 0.488 0.531 0.574 0.632 0.576 0.623 0.581 0.577 0.646 0.692 0.648 0.57 0.609 0.508 0.487 0.479 0.59 0.563 0.541 0.42 0.461 0.427 0.49 0.457 0.525
0.588 0.591 0.662 0.659 0.658 0.646 0.628 0.649 0.653 0.634 0.623 0.659 0.69 0.713 0.713 0.715 0.68 0.653 0.683 0.7 0.699 0.667 0.642 0.635 0.627 0.598 0.644 0.651 0.626 0.609 0.563 0.568 0.587 0.546 0.411 0.553 0.552 0.512 0.544 0.489 0.547 0.462 0.472 0.498 0.491 0.464 0.47 0.395 0.372 0.361 0.406 0.528 0.585 0.601 0.48 0.652 0.719 0.709 0.685 0.621 0.669 0.635 0.598 0.591 0.586 0.617 0.605 0.609 0.595 0.617 0.648 0.62 0.555 0.508 0.317 0.48 0.448
0.544 0.611 0.626 0.685 0.619 0.651 0.648 0.685 0.644 0.591 0.583 0.648 0.686 0.706 0.686 0.616 0.623 0.681 0.668 0.682 0.672 0.666 0.678 0.672 0.649 0.644 0.623 0.597 0.583 0.607 0.511 0.536 0.504 0.494 0.418 0.534 0.534 0.576 0.567 0.514 0.509 0.542 0.597 0.54 0.545 0.465 0.482 0.44 0.355 0.547 0.491 0.545 0.549 0.607 0.704 0.654 0.708 0.679 0.573 0.634 0.57 0.603 0.645 0.622 0.598 0.563 0.561 0.618 0.637 0.652 0.588 0.572 0.581 0.551 0.476 0.641 0.46
0.597 0.628 0.691 0.574 0.595 0.677 0.681 0.627 0.602 0.576 0.576 0.65 0.674 0.667 0.644 0.648 0.622 0.639 0.627 0.613 0.676 0.671 0.675 0.629 0.6 0.566 0.628 0.607 0.581 0.524 0.588 0.54 0.551 0.551 0.531 0.51 0.553 0.538 0.538 0.552 0.501 0.503 0.548 0.458 0.472 0.416 0.492 0.428 0.437 0.574 0.632 0.697 0.668 0.72 0.695 0.552 0.544 0.648 0.637 0.611 0.648 0.632 0.646 0.635 0.571 0.644 0.639 0.632 0.653 0.663 0.617 0.669 0.71 0.657 0.586 0.617 0.236
0.63 0.617 0.623 0.57 0.614 0.717 0.617 0.618 0.629 0.576 0.648 0.633 0.664 0.677 0.66 0.623 0.576 0.642 0.643 0.603 0.682 0.642 0.694 0.682 0.643 0.567 0.588 0.56 0.62 0.583 0.619 0.6 0.581 0.573 0.553 0.518 0.515 0.469 0.515 0.473 0.521 0.455 0.511 0.555 0.671 0.481 0.254 0.511 0.633 0.669 0.637 0.727 0.727 0.628 0.532 0.629 0.695 0.66 0.733 0.741 0.724 0.763 0.749 0.772 0.762 0.746 0.725 0.686 0.627 0.677 0.677 0.655 0.622 0.639 0.584 0.244 0.426
0.634 0.605 0.591 0.596 0.646 0.663 0.65 0.616 0.642 0.616 0.635 0.646 0.664 0.67 0.645 0.62 0.656 0.656 0.598 0.607 0.681 0.661 0.636 0.583 0.624 0.642 0.613 0.645 0.581 0.558 0.633 0.584 0.571 0.612 0.561 0.526 0.542 0.504 0.512 0.538 0.53 0.523 0.54 0.556 0.491 0.329 0.452 0.538 0.536 0.537 0.64 0.588 0.543 0.497 0.543 0.692 0.723 0.707 0.655 0.701 0.73 0.731 0.656 0.723 0.728 0.685 0.59 0.568 0.621 0.64 0.658 0.668 0.604 0.503 0.491 0.185 0.238
0.593 0.614 0.619 0.625 0.67 0.647 0.617 0.576 0.633 0.615 0.674 0.659 0.628 0.641 0.655 0.62 0.634 0.67 0.624 0.59 0.615 0.59 0.572 0.651 0.672 0.631 0.625 0.632 0.578 0.537 0.566 0.549 0.613 0.583 0.528 0.499 0.508 0.519 0.538 0.506 0.473 0.542 0.544 0.478 0.474 0.438 0.5 0.573 0.545 0.539 0.552 0.591 0.608 0.585 0.628 0.653 0.701 0.724 0.723 0.672 0.702 0.626 0.624 0.584 0.661 0.613 0.631 0.713 0.727 0.675 0.623 0.537 0.524 0.505 0.475 0.324 0.117
0.592 0.608 0.606 0.604 0.67 0.626 0.563 0.604 0.579 0.644 0.664 0.652 0.643 0.642 0.614 0.623 0.654 0.647 0.633 0.608 0.543 0.615 0.674 0.646 0.674 0.674 0.65 0.669 0.596 0.572 0.621 0.547 0.569 0.547 0.551 0.532 0.478 0.471 0.532 0.555 0.512 0.473 0.547 0.605 0.679 0.467 0.438 0.52 0.494 0.495 0.557 0.607 0.612 0.612 0.636 0.582 0.752 0.731 0.698 0.644 0.639 0.546 0.634 0.707 0.674 0.773 0.745 0.769 0.76 0.726 0.752 0.704 0.535 0.501 0.512 0.395 0.155
0.616 0.615 0.6 0.619 0.665 0.605 0.588 0.607 0.642 0.666 0.631 0.665 0.607 0.605 0.602 0.632 0.63 0.646 0.595 0.619 0.651 0.679 0.645 0.634 0.671 0.693 0.685 0.646 0.637 0.614 0.551 0.466 0.406 0.467 0.441 0.514 0.512 0.507 0.48 0.521 0.484 0.514 0.566 0.573 0.69 0.468 0.506 0.53 0.538 0.552 0.718 0.712 0.605 0.619 0.714 0.57 0.555 0.617 0.612 0.603 0.625 0.662 0.712 0.694 0.67 0.744 0.74 0.784 0.778 0.752 0.723 0.612 0.6 0.458 0.535 0.469 0.445
0.632 0.605 0.602 0.606 0.604 0.597 0.588 0.64 0.637 0.632 0.688 0.596 0.626 0.65 0.597 0.61 0.678 0.677 0.748 0.731 0.721 0.707 0.674 0.678 0.65 0.695 0.634 0.676 0.583 0.598 0.586 0.581 0.585 0.52 0.511 0.536 0.554 -0.3 -0.3 0.366 -0.3 -0.3 0.534 0.477 0.307 0.483 0.535 0.524 0.546 0.707 0.731 0.66 0.611 0.655 0.69 0.556 0.733 0.706 0.749 0.743 0.68 0.69 0.681 0.652 0.735 0.864 0.843 0.851 0.691 0.591 0.569 0.467 0.536 0.578 0.503 0.467 0.472
0.577 0.59 0.636 0.645 0.67 0.568 0.622 0.617 0.581 0.612 0.65 0.611 0.649 0.594 0.64 0.656 0.688 0.741 0.742 0.732 0.716 0.653 0.665 0.677 0.671 0.665 0.647 0.626 0.672 0.543 0.606 0.586 0.58 0.556 0.519 0.501 0.544 0.553 0.419 0.447 0.415 0.445 0.359 0.31 0.363 0.456 0.459 0.512 0.591 0.701 0.67 0.657 0.664 0.71 0.773 0.601 0.735 0.793 0.754 0.73 0.696 0.635 0.705 0.745 0.766 0.857 0.837 0.753 0.653 0.544 0.446 0.497 0.68 0.645 0.443 0.48 0.43
0.596 0.576 0.634 0.646 0.688 0.619 0.6 0.596 0.619 0.688 0.59 0.59 0.584 0.589 0.649 0.7 0.733 0.714 0.706 0.708 0.684 0.671 0.676 0.653 0.699 0.714 0.669 0.67 0.635 0.6 0.607 0.59 0.597 0.605 0.576 0.614 0.595 0.534 0.498 0.446 0.464 0.507 0.474 0.512 0.44 0.516 0.561 0.56 0.65 0.712 0.648 0.59 0.653 0.741 0.642 0.716 0.756 0.758 0.738 0.75 0.679 0.618 0.677 0.714 0.741 0.687 0.709 0.639 0.601 0.483 0.461 0.63 0.604 0.404 0.209 0.403 0.535
0.562 0.586 0.592 0.624 0.628 0.526 0.552 0.63 0.627 0.595 0.544 0.587 0.581 0.632 0.671 0.744 0.704 0.7 0.655 0.637 0.641 0.674 0.632 0.705 0.709 0.687 0.588 0.663 0.64 0.655 0.671 0.649 0.645 0.646 0.652 0.661 0.615 0.549 0.473 0.429 0.482 0.487 0.478 0.435 0.485 0.567 0.573 0.576 0.604 0.721 0.672 0.551 0.527 0.653 0.673 0.761 0.812 0.736 0.799 0.796 0.683 0.741 0.706 0.725 0.698 0.716 0.704 0.701 0.646 0.539 0.502 0.553 0.479 0.361 0.328 0.477 0.496
0.546 0.597 0.655 0.667 0.592 0.5 0.57 0.585 0.537 0.486 0.577 0.6 0.625 0.675 0.707 0.709 0.666 0.671 0.644 0.641 0.686 0.672 0.654 0.696 0.675 0.692 0.728 0.71 0.7 0.696 0.665 0.662 0.645 0.598 0.61 0.589 0.517 0.551 0.481 0.443 0.466 0.461 0.483 0.463 0.542 0.612 0.565 0.572 0.586 0.597 0.665 0.6 0.618 0.698 0.769 0.791 0.809 0.795 0.726 0.654 0.752 0.714 0.686 0.688 0.675 0.659 0.633 0.632 0.564 0.517 0.507 0.519 0.448 0.393 0.313 0.478 0.495
0.553 0.574 0.577 0.563 0.572 0.516 0.572 0.529 0.537 0.611 0.583 0.642 0.649 0.595 0.65 0.639 0.646 0.661 0.623 0.581 0.671 0.71 0.707 0.724 0.705 0.658 0.672 0.618 0.604 0.572 0.647 0.684 0.66 0.594 0.685 0.683 0.559 0.535 0.599 0.612 0.522 0.517 0.501 0.413 0.472 0.558 0.574 0.628 0.651 0.572 0.589 0.724 0.773 0.639 0.571 0.755 0.804 0.74 0.77 0.748 0.801 0.715 0.668 0.57 0.551 0.561 0.562 0.538 0.504 0.507 0.533 0.495 0.401 0.323 0.462 0.425 0.434
0.553 0.535 0.578 0.622 0.659 0.519 0.535 0.532 0.594 0.571 0.623 0.641 0.588 0.629 0.652 0.639 0.664 0.619 0.574 0.6 0.682 0.701 0.73 0.687 0.68 0.665 0.641 0.663 0.667 0.679 0.66 0.661 0.626 0.671 0.646 0.668 0.637 0.576 0.555 0.558 0.489 0.525 0.536 0.53 0.482 0.523 0.557 0.548 0.556 0.516 0.644 0.746 0.64 0.564 0.62 0.698 0.676 0.712 0.707 0.682 0.678 0.672 0.58 0.549 0.526 0.552 0.541 0.558 0.544 0.558 0.498 0.477 0.443 0.395 0.403 0.47 0.427
0.547 0.574 0.623 0.645 0.633 0.568 0.564 0.507 0.587 0.591 0.616 0.642 0.595 0.641 0.637 0.65 0.63 0.548 0.607 0.657 0.704 0.741 0.72 0.645 0.683 0.624 0.687 0.695 0.707 0.682 0.659 0.625 0.643 0.693 0.625 0.631 0.596 0.568 0.528 0.518 0.568 0.595 0.59 0.571 0.504 0.308 0.427 0.5 0.501 0.546 0.656 0.556 0.654 0.654 0.707 0.698 0.673 0.676 0.671 0.669 0.568 0.576 0.569 0.538 0.547 0.554 0.519 0.521 0.56 0.528 0.507 0.457 0.386 0.431 0.519 0.56 0.507
0.54 0.568 0.598 0.567 0.583 0.518 0.492 0.527 0.608 0.55 0.638 0.575 0.582 0.586 0.58 0.615 0.585 0.532 0.664 0.691 0.674 0.682 0.624 0.622 0.655 0.644 0.676 0.686 0.671 0.645 0.597 0.597 0.599 0.672 0.653 0.586 0.584 0.57 0.533 0.557 0.567 0.606 0.591 0.586 0.55 0.409 0.5 0.521 0.538 0.603 0.605 0.587 0.647 0.722 0.719 0.626 0.652 0.599 0.633 0.608 0.533 0.593 0.637 0.607 0.622 0.541 0.524 0.533 0.494 0.484 0.447 0.483 0.504 0.472 0.508 0.623 0.624
0.561 0.605 0.596 0.667 0.697 0.526 0.543 0.6 0.581 0.582 0.562 0.598 0.588 0.637 0.573 0.593 0.482 0.531 0.64 0.683 0.636 0.566 0.523 0.603 0.656 0.61 0.541 0.567 0.574 0.58 0.545 0.539 0.59 0.639 0.714 0.585 0.551 0.527 0.552 0.541 0.574 0.558 0.571 0.554 0.558 0.523 0.557 0.579 0.567 0.605 0.582 0.632 0.602 0.675 0.656 0.618 0.563 0.587 0.635 0.594 0.612 0.604 0.568 0.612 0.639 0.497 0.492 0.547 0.484 0.437 0.444 0.534 0.514 0.55 0.594 0.594 0.641
0.684 0.718 0.78 0.698 0.601 0.578 0.574 0.564 0.524 0.557 0.591 0.583 0.571 0.493 0.516 0.516 0.488 0.534 0.613 0.498 0.539 0.488 0.615 0.686 0.696 0.699 0.65 0.504 0.528 0.537 0.533 0.505 0.587 0.562 0.485 0.586 0.634 0.619 0.586 0.564 0.54 0.549 0.553 0.517 0.43 0.473 0.375 0.53 0.652 0.711 0.725 0.656 0.539 0.503 0.617 0.621 0.625 0.591 0.561 0.505 0.605 0.6 0.59 0.542 0.539 0.501 0.52 0.498 0.456 0.462 0.681 0.672 0.661 0.582 0.705 0.542 0.511
0.645 0.739 0.723 0.663 0.644 0.562 0.533 0.588 0.531 0.594 0.656 0.619 0.564 0.58 0.598 0.582 0.581 0.574 0.622 0.526 0.585 0.58 0.621 0.692 0.672 0.687 0.668 0.508 0.51 0.543 0.566 0.543 0.54 0.499 0.516 0.524 0.536 0.588 0.576 0.556 0.534 0.528 0.535 0.543 0.499 0.499 0.402 0.535 0.61 0.605 0.725 0.61 0.573 0.645 0.651 0.587 0.604 0.602 0.568 0.464 0.607 0.484 0.498 0.586 0.558 0.523 0.517 0.523 0.554 0.483 0.652 0.696 0.668 0.591 0.671 0.535 0.499
0.655 0.654 0.66 0.633 0.6 0.557 0.581 0.503 0.652 0.655 0.601 0.576 0.554 0.67 0.663 0.579 0.579 0.617 0.633 0.56 0.622 0.614 0.626 0.685 0.676 0.635 0.664 0.543 0.496 0.529 0.583 0.512 0.528 0.523 0.53 0.506 0.5 0.503 0.604 0.512 0.554 0.588 0.559 0.562 0.586 0.561 0.486 0.583 0.62 0.588 0.543 0.538 0.618 0.572 0.508 0.595 0.557 0.621 0.667 0.661 0.729 0.74 0.632 0.575 0.601 0.649 0.632 0.645 0.531 0.472 0.597 0.56 0.662 0.619 0.54 0.607 0.591
0.62 0.619 0.611 0.628 0.608 0.538 0.577 0.605 0.677 0.644 0.595 0.664 0.678 0.717 0.693 0.557 0.533 0.667 0.585 0.647 0.642 0.646 0.67 0.67 0.671 0.647 0.638 0.652 0.546 0.567 0.549 0.562 0.546 0.497 0.546 0.536 0.522 0.535 0.567 0.52 0.589 0.576 0.552 0.574 0.614 0.576 0.47 0.554 0.579 0.581 0.553 0.549 0.51 0.548 0.452 0.585 0.655 0.691 0.741 0.715 0.765 0.703 0.692 0.67 0.652 0.611 0.615 0.539 0.559 0.641 0.622 0.632 0.6 0.517 0.545 0.713 0.674
0.64 0.641 0.614 0.594 0.594 0.532 0.556 0.604 0.644 0.632 0.66 0.697 0.679 0.636 0.656 0.547 0.644 0.653 0.612 0.644 0.637 0.591 0.605 0.646 0.604 0.641 0.607 0.608 0.538 0.588 0.569 0.574 0.574 0.608 0.535 0.505 0.531 0.524 0.583 0.593 0.565 0.596 0.545 0.621 0.589 0.552 0.539 0.548 0.636 0.608 0.539 0.559 0.576 0.629 0.608 0.686 0.673 0.754 0.824 0.744 0.767 0.646 0.681 0.682 0.706 0.591 0.616 0.62 0.581 0.581 0.662 0.673 0.565 0.569 0.681 0.707 0.736
0.657 0.65 0.578 0.632 0.542 0.548 0.521 0.54 0.611 0.627 0.608 0.588 0.585 0.618 0.639 0.637 0.606 0.572 0.619 0.614 0.599 0.635 0.643 0.672 0.639 0.656 0.572 0.576 0.618 0.598 0.549 0.516 0.564 0.524 0.508 0.488 0.514 0.625 0.675 0.59 0.571 0.577 0.582 0.6 0.628 0.551 0.613 0.634 0.675 0.662 0.58 0.625 0.707 0.723 0.692 0.763 0.687 0.713 0.623 0.606 0.636 0.515 0.575 0.569 0.484 0.51 0.546 0.628 0.708 0.639 0.514 0.583 0.652 0.598 0.572 0.724 0.72
0.633 0.634 0.628 0.576 0.504 0.527 0.59 0.59 0.654 0.664 0.621 0.612 0.598 0.611 0.564 0.606 0.524 0.58 0.617 0.65 0.685 0.726 0.686 0.623 0.648 0.59 0.575 0.556 0.513 0.507 0.517 0.489 0.494 0.467 0.469 0.504 0.532 0.635 0.662 0.589 0.606 0.605 0.67 0.582 0.539 0.595 0.631 0.67 0.583 0.591 0.581 0.631 0.685 0.716 0.697 0.641 0.655 0.667 0.706 0.741 0.687 0.547 0.585 0.573 0.474 0.481 0.442 0.721 0.673 0.512 0.508 0.601 0.597 0.656 0.577 0.705 0.676
0.624 0.634 0.607 0.489 0.513 0.611 0.61 0.637 0.666 0.648 0.625 0.625 0.583 0.545 0.599 0.575 0.598 0.627 0.667 0.674 0.699 0.684 0.562 0.551 0.538 0.576 0.532 0.518 0.52 0.487 0.478 0.498 0.502 0.526 0.507 0.517 0.55 0.564 0.613 0.555 0.585 0.699 0.654 0.556 0.508 0.601 0.59 0.596 0.652 0.559 0.612 0.691 0.673 0.735 0.689 0.653 0.747 0.784 0.692 0.65 0.632 0.583 0.556 0.533 0.518 0.444 0.415 0.622 0.578 0.597 0.64 0.663 0.58 0.662 0.686 0.757 0.656
0.611 0.646 0.548 0.48 0.591 0.612 0.633 0.641 0.636 0.648 0.599 0.561 0.571 0.663 0.684 0.6 0.622 0.677 0.712 0.663 0.662 0.541 0.531 0.543 0.558 0.479 0.54 0.535 0.541 0.521 0.499 0.516 0.528 0.504 0.527 0.581 0.568 0.554 0.546 0.476 0.661 0.693 0.638 0.466 0.497 0.587 0.531 0.569 0.519 0.539 0.658 0.682 0.724 0.788 0.719 0.772 0.697 0.615 0.56 0.51 0.662 0.685 0.691 0.532 0.504 0.47 0.596 0.687 0.613 0.607 0.633 0.483 0.579 0.735 0.724 0.765 0.732
0.578 0.587 0.583 0.594 0.619 0.649 0.635 0.632 0.624 0.633 0.622 0.633 0.639 0.687 0.705 0.631 0.655 0.699 0.703 0.68 0.588 0.523 0.518 0.52 0.533 0.525 0.537 0.538 0.534 0.502 0.499 0.47 0.486 0.587 0.555 0.661 0.662 0.576 0.524 0.494 0.566 0.572 0.552 0.448 0.451 0.621 0.618 0.587 0.546 0.51 0.689 0.758 0.727 0.756 0.665 0.594 0.539 0.542 0.518 0.575 0.762 0.651 0.559 0.544 0.443 0.534 0.551 0.652 0.691 0.688 0.688 0.619 0.576 0.699 0.723 0.729 0.679
