data/china_ndvi_max_1996.asc
ncols         710
nrows         510
xllcorner     70
yllcorner     10
cellsize      0.1
NODATA_value  -9999
[rows 306 to 339 of 510, columns 231 to 307 of 710]
0.152 0.215 0.166 0.365 -0.04 -0.013 -0.026 0.108 0.021 0.18 0.309 0.331 0.364 0.364 0.601 0.648 0.653 0.723 0.642 0.082 0.023 0.076 0.41 0.535 -0.009 -0.007 0.228 0.302 0.014 0.102 0.242 0.221 0.152 0.29 0.248 0.235 0.266 0.16 0.198 0.184 0.315 0.305 0.247 0.29 0.277 0.337 0.265 0.379 0.377 0.432 0.414 0.399 0.42 0.431 0.421 0.419 0.462 0.601 0.623 0.483 0.324 0.595 0.635 0.552 0.385 0.398 0.418 0.473 0.328 0.397 0.393 0.422 0.579 0.477 0.618 0.672 0.671
0.483 0.347 0.241 0.388 0.174 0.385 0.199 0.112 0.254 0.372 0.033 0.042 0.281 0.159 0.267 0.117 0.32 0.479 0.514 0.583 0.541 0.388 0.267 0.533 0.072 0.009 0.358 0.469 0.197 0.105 0.107 0.149 0.185 0.21 0.221 0.186 0.209 0.22 0.312 0.255 0.253 0.272 0.29 0.303 0.255 0.244 0.279 0.303 0.348 0.409 0.415 0.419 0.405 0.426 0.432 0.436 0.426 0.418 0.583 0.508 0.53 0.578 0.66 0.6 0.302 0.285 0.403 0.479 0.442 0.445 0.432 0.467 0.477 0.474 0.538 0.635 0.692
0.548 0.261 0.259 0.514 0.366 0.528 0.329 0.328 0.36 0.449 0.267 0.037 0.078 0.358 0.302 0.332 0.213 0.254 0.377 0.724 0.694 0.37 0.216 0.434 0.62 0.612 0.561 0.369 0.098 0.294 0.055 0.043 0.217 0.306 0.199 0.256 0.164 0.166 0.176 0.343 0.295 0.23 0.299 0.28 0.304 0.192 0.195 0.174 0.313 0.416 0.442 0.428 0.405 0.419 0.441 0.365 0.397 0.468 0.623 0.594 0.657 0.562 0.444 0.35 0.172 0.233 0.415 0.492 0.487 0.427 0.503 0.449 0.439 0.45 0.473 0.481 0.573
0.482 0.241 0.174 0.24 0.502 0.623 0.533 0.493 0.576 0.625 0.371 0.326 0.288 0.36 0.58 0.6 0.632 0.433 0.385 0.758 0.698 0.727 0.558 0.21 0.633 0.641 0.502 0.368 0.351 0.452 0.244 0.13 0.146 0.242 0.122 0.09 0.172 0.235 0.259 0.241 0.27 0.249 0.228 0.223 0.344 0.268 0.322 0.283 0.358 0.385 0.429 0.428 0.416 0.414 0.444 0.468 0.506 0.538 0.501 0.625 0.574 0.556 0.182 0.342 0.299 0.315 0.335 0.347 0.442 0.402 0.47 0.437 0.461 0.467 0.47 0.53 0.635
0.337 0.503 0.551 0.601 0.554 0.656 0.637 0.367 0.381 0.338 0.486 0.392 0.377 0.324 0.345 0.359 0.438 0.68 0.2 0.565 0.805 0.767 0.681 0.417 0.676 0.581 0.657 0.614 0.224 0.185 0.488 0.28 0.158 0.031 0.098 0.067 0.184 0.063 0.005 0.08 0.227 0.247 0.413 0.295 0.316 0.357 0.37 0.302 0.263 0.407 0.325 0.435 0.471 0.458 0.373 0.38 0.631 0.512 0.379 0.534 0.594 0.456 0.283 0.324 0.187 0.145 0.238 0.529 0.524 0.312 0.309 0.296 0.484 0.514 0.493 0.51 0.509
0.151 0.202 0.551 0.331 0.385 0.637 0.583 0.671 0.656 0.56 0.43 0.562 0.607 0.339 0.342 0.324 0.662 0.554 0.188 0.48 0.685 0.708 0.76 0.46 0.408 0.284 0.249 0.572 0.639 0.42 0.577 0.331 0.276 0.105 0.06 0.182 0.23 0.139 0.025 0.132 0.184 0.147 0.313 0.484 0.327 0.388 0.37 0.328 0.348 0.313 0.43 0.423 0.438 0.574 0.425 0.475 0.59 0.59 0.441 0.564 0.455 0.284 0.248 0.243 0.364 0.304 0.435 0.506 0.502 0.253 0.305 0.418 0.482 0.479 0.514 0.496 0.475
0.372 0.331 0.5 0.443 0.198 0.418 0.44 0.316 0.668 0.605 0.605 0.537 0.607 0.603 0.431 0.453 0.664 0.567 0.611 0.272 0.389 0.39 0.7 0.827 0.505 0.481 0.211 0.334 0.37 0.487 0.376 0.43 0.308 0.294 -0.009 0.015 0.181 0.147 0.137 0.013 0.071 0.027 0.221 0.401 0.302 0.323 0.343 0.377 0.378 0.213 0.335 0.343 0.379 0.458 0.424 0.413 0.527 0.597 0.662 0.561 0.363 0.372 0.454 0.356 0.366 0.407 0.395 0.568 0.555 0.351 0.397 0.395 0.459 0.421 0.489 0.484 0.57
0.286 0.103 0.265 0.105 0.288 0.466 0.235 0.471 0.239 0.429 0.298 0.403 0.552 0.399 0.469 0.337 0.509 0.595 0.658 -0.003 0.039 0.289 0.75 0.837 0.655 0.429 0.279 0.151 0.013 0.137 0.092 0.401 0.474 0.382 0.171 -0.014 0.181 0.102 0.018 0.045 0.008 0.015 0.195 0.355 0.272 0.177 0.281 0.306 0.385 0.208 0.303 0.309 0.346 0.324 0.411 0.385 0.447 0.384 0.44 0.534 0.684 0.567 0.554 0.633 0.286 0.252 0.372 0.647 0.551 0.364 0.346 0.363 0.312 0.388 0.472 0.471 0.502
0.231 0.151 0.217 0.286 0.262 0.315 0.258 0.372 0.29 0.307 0.271 0.322 0.43 0.58 0.65 0.583 0.623 0.552 0.572 0.25 0.336 0.537 0.681 0.895 0.752 0.568 0.477 0.421 0.275 0.047 -0.001 0.087 0.25 0.281 0.179 0.095 0.069 0.214 0.013 0.051 -0.009 0.219 0.189 0.11 0.212 0.34 0.291 0.241 0.315 0.19 0.27 0.435 0.478 0.428 0.519 0.456 0.422 0.384 0.418 0.519 0.638 0.362 0.512 0.572 0.445 0.415 0.467 0.654 0.646 0.368 0.378 0.372 0.311 0.372 0.467 0.536 0.548
0.263 0.316 0.231 0.353 0.44 0.292 0.255 0.388 0.533 0.479 0.502 0.401 0.545 0.609 0.573 0.5 0.597 0.425 0.298 0.629 0.812 0.856 0.863 0.842 0.467 0.453 0.391 0.301 0.104 -0.008 0.243 0.466 0.288 0.138 -0.062 -0.039 0.005 0.099 0.281 0.041 0.11 0.175 0.193 0.165 0.163 0.302 0.213 0.351 0.207 0.355 0.213 0.276 0.341 0.481 0.612 0.545 0.454 0.461 0.399 0.463 0.616 0.629 0.63 0.577 0.744 0.661 0.559 0.542 0.639 0.407 0.33 0.301 0.428 0.422 0.48 0.438 0.529
0.281 0.332 0.286 0.367 0.634 0.384 0.348 0.298 0.352 0.679 0.478 0.443 0.534 0.556 0.431 0.383 0.373 0.266 0.421 0.651 0.829 0.88 0.878 0.884 0.646 0.453 0.398 0.287 0.24 0.117 0.113 0.172 0.483 0.368 0.271 0.046 -0.047 0.118 0.221 0.102 0.187 0.334 0.082 0.232 0.164 0.166 0.064 0.269 0.344 0.443 0.321 0.221 0.212 0.277 0.565 0.686 0.557 0.524 0.529 0.487 0.375 0.544 0.541 0.578 0.646 0.663 0.615 0.559 0.679 0.466 0.402 0.32 0.343 0.405 0.449 0.439 0.489
0.542 0.396 0.306 0.435 0.568 0.613 0.573 0.621 0.688 0.6 0.62 0.577 0.626 0.403 0.323 0.417 0.529 0.431 0.726 0.864 0.857 0.846 0.877 0.745 0.55 0.503 0.365 0.348 0.673 0.359 0.331 0.418 0.263 0.505 0.494 0.178 -0.001 -0.007 0.138 0.204 0.332 0.485 0.117 0.228 0.197 0.226 0.238 0.135 0.393 0.47 0.513 0.383 0.298 0.18 0.511 0.513 0.59 0.487 0.443 0.5 0.306 0.524 0.548 0.46 0.682 0.669 0.637 0.493 0.643 0.48 0.445 0.347 0.331 0.363 0.532 0.559 0.613
0.525 0.534 0.29 0.442 0.574 0.615 0.552 0.497 0.437 0.603 0.44 0.606 0.512 0.545 0.447 0.658 0.559 0.606 0.783 0.874 0.865 0.874 0.579 0.463 0.403 0.519 0.504 0.475 0.783 0.506 0.671 0.422 0.128 0.201 0.349 0.31 0.101 0.198 0.005 -0.015 0.085 0.334 0.535 0.309 0.177 0.249 0.315 0.28 0.173 0.293 0.49 0.5 0.473 0.302 0.3 0.445 0.6 0.54 0.461 0.502 0.31 0.514 0.522 0.699 0.609 0.64 0.578 0.504 0.688 0.501 0.48 0.451 0.38 0.366 0.571 0.629 0.637
0.501 0.369 0.365 0.46 0.295 0.267 0.36 0.52 0.621 0.344 0.414 0.618 0.506 0.431 0.694 0.572 0.633 0.844 0.864 0.897 0.875 0.73 0.569 0.608 0.513 0.635 0.758 0.758 0.647 0.554 0.422 0.211 0.263 0.146 0.632 0.633 0.445 0.54 0.448 0.134 0.106 0.232 0.453 0.541 0.234 0.256 0.2 0.351 0.429 0.36 0.557 0.446 0.538 0.498 0.387 0.44 0.572 0.447 0.488 0.525 0.314 0.547 0.532 0.529 0.638 0.665 0.575 0.563 0.615 0.506 0.463 0.443 0.404 0.401 0.611 0.63 0.596
0.304 0.068 0.13 0.468 0.224 0.436 0.644 0.642 0.659 0.345 0.626 0.848 0.846 0.789 0.855 0.881 0.872 0.87 0.893 0.886 0.875 0.8 0.551 0.332 0.829 0.78 0.747 0.863 0.827 0.732 0.464 0.357 0.497 0.284 0.315 0.379 0.713 0.419 0.312 0.462 0.167 0.337 0.308 0.208 0.6 0.263 0.275 0.238 0.192 0.468 0.503 0.465 0.42 0.262 0.494 0.467 0.552 0.421 0.563 0.521 0.309 0.519 0.535 0.449 0.631 0.606 0.431 0.506 0.539 0.447 0.423 0.439 0.547 0.618 0.67 0.746 0.654
0.416 0.268 0.397 0.397 0.311 0.399 0.534 0.522 0.525 0.527 0.6 0.747 0.755 0.736 0.735 0.863 0.871 0.862 0.863 0.858 0.854 0.855 0.828 0.465 0.862 0.87 0.87 0.882 0.832 0.657 0.433 0.628 0.629 0.492 0.258 0.26 0.656 0.546 0.298 0.564 0.159 0.283 0.512 0.295 0.583 0.498 0.383 0.162 0.14 0.276 0.457 0.585 0.445 0.622 0.434 0.555 0.465 0.442 0.397 0.584 0.349 0.556 0.491 0.623 0.494 0.582 0.545 0.446 0.514 0.425 0.431 0.491 0.432 0.56 0.63 0.61 0.655
0.406 0.401 0.586 0.503 0.417 0.483 0.526 0.487 0.5 0.666 0.696 0.699 0.756 0.871 0.709 0.866 0.881 0.869 0.861 0.877 0.862 0.68 0.704 0.581 0.687 0.852 0.881 0.899 0.889 0.865 0.838 0.828 0.602 0.453 0.396 0.289 0.48 0.744 0.607 0.619 0.405 0.533 0.492 0.46 0.534 0.335 0.28 0.304 0.261 0.213 0.182 0.339 0.531 0.564 0.507 0.481 0.437 0.555 0.524 0.543 0.342 0.512 0.455 0.446 0.443 0.47 0.554 0.588 0.522 0.335 0.49 0.558 0.46 0.356 0.581 0.613 0.612
0.517 0.293 0.35 0.604 0.513 0.549 0.548 0.615 0.41 0.759 0.655 0.834 0.826 0.872 0.698 0.85 0.874 0.854 0.861 0.858 0.871 0.843 0.852 0.419 0.765 0.714 0.858 0.897 0.88 0.848 0.744 0.795 0.67 0.638 0.317 0.285 0.313 0.472 0.719 0.666 0.694 0.635 0.713 0.695 0.452 0.38 0.274 0.411 0.347 0.328 0.37 0.052 0.446 0.5 0.623 0.367 0.543 0.599 0.607 0.563 0.479 0.372 0.409 0.457 0.514 0.624 0.506 0.552 0.369 0.358 0.466 0.625 0.564 0.578 0.563 0.734 0.662
0.762 0.488 0.55 0.652 0.429 0.706 0.784 0.739 0.419 0.725 0.714 0.855 0.858 0.837 0.868 0.886 0.9 0.878 0.828 0.868 0.884 0.859 0.861 0.736 0.871 0.891 0.902 0.903 0.915 0.642 0.401 0.449 0.448 0.368 0.429 0.409 0.165 0.331 0.541 0.705 0.692 0.569 0.602 0.483 0.266 -9999 0.286 0.183 0.361 0.532 0.44 0.569 0.688 0.515 0.637 0.335 0.475 0.531 0.588 0.42 0.562 0.36 0.432 0.468 0.53 0.505 0.497 0.54 0.596 0.419 0.505 0.612 0.529 0.574 0.637 0.693 0.682
0.574 0.518 0.599 0.714 0.872 0.866 0.837 0.864 0.877 0.893 0.877 0.852 0.658 0.676 0.841 0.894 0.898 0.879 0.882 0.86 0.887 0.876 0.878 0.843 0.874 0.885 0.88 0.881 0.864 0.853 0.788 0.84 0.378 0.351 0.742 0.825 0.742 0.458 0.299 0.698 0.667 0.562 0.384 0.383 -9999 -9999 -9999 0.205 0.38 0.564 0.319 0.565 0.306 0.479 0.643 0.626 0.473 0.596 0.338 0.341 0.625 0.384 0.468 0.502 0.598 0.629 0.719 0.685 0.585 0.518 0.645 0.731 0.606 0.316 0.661 0.592 0.703
0.459 0.679 0.637 0.665 0.728 0.836 0.878 0.748 0.846 0.862 0.872 0.872 0.883 0.72 0.851 0.881 0.898 0.892 0.898 0.871 0.887 0.891 0.888 0.884 0.884 0.834 0.687 0.86 0.824 0.871 0.865 0.764 0.641 0.587 0.882 0.833 0.623 0.327 0.434 0.7 0.57 0.365 0.375 0.408 -9999 -9999 -9999 -9999 -9999 0.455 0.676 0.542 0.504 0.487 0.7 0.62 0.409 0.464 0.45 0.416 0.449 0.575 0.472 0.554 0.68 0.674 0.717 0.66 0.561 0.661 0.678 0.683 0.618 0.535 0.533 0.686 0.67
0.763 0.863 0.859 0.841 0.877 0.872 0.89 0.887 0.842 0.884 0.891 0.893 0.871 0.793 0.883 0.876 0.868 0.882 0.856 0.859 0.881 0.892 0.89 0.873 0.751 -9999 -9999 -9999 -9999 0.83 -9999 -9999 0.699 0.745 0.89 0.862 0.871 0.567 0.297 0.706 0.64 0.429 0.386 -9999 -9999 -9999 -9999 -9999 -9999 -9999 0.429 0.607 0.649 0.534 0.736 0.62 0.485 0.62 0.552 0.506 0.571 0.674 0.51 0.429 0.635 0.691 0.685 0.673 0.542 0.532 0.603 0.707 0.675 0.416 0.705 0.618 0.671
0.619 0.865 0.886 0.911 0.885 0.869 0.892 0.894 0.86 0.877 0.891 0.906 0.871 0.871 0.885 0.874 0.877 0.841 0.872 0.872 0.87 0.878 0.764 -9999 -9999 -9999 -9999 -9999 -9999 -9999 -9999 -9999 -9999 -9999 0.881 0.877 0.829 0.37 0.463 0.73 0.712 0.474 0.336 -9999 -9999 -9999 -9999 -9999 -9999 -9999 -9999 0.416 0.73 0.664 0.752 0.755 0.464 0.565 0.601 0.437 0.661 0.639 0.684 0.565 0.703 0.734 0.708 0.691 0.565 0.551 0.582 0.687 0.642 0.508 0.715 0.762 0.632
0.77 0.75 0.862 0.873 0.909 0.9 0.888 0.868 0.886 0.869 0.873 0.894 0.881 0.874 0.873 0.844 0.864 0.869 0.873 0.854 0.868 0.872 0.725 -9999 -9999 -9999 -9999 -9999 -9999 -9999 -9999 -9999 -9999 -9999 -9999 -9999 0.881 0.845 0.59 0.761 0.462 0.203 0.241 -9999 -9999 -9999 -9999 -9999 -9999 -9999 -9999 0.375 0.683 0.722 0.686 0.735 0.711 0.504 0.618 0.521 0.606 0.698 0.646 0.632 0.661 0.652 0.66 0.674 0.655 0.596 0.587 0.677 0.658 0.707 0.713 0.653 0.652
0.806 0.824 0.876 0.856 0.877 0.871 0.871 0.86 0.867 0.879 0.877 0.885 0.874 0.864 0.888 0.851 0.868 0.849 0.87 0.884 0.887 -9999 -9999 -9999 -9999 -9999 -9999 -9999 -9999 -9999 -9999 -9999 -9999 -9999 -9999 -9999 -9999 -9999 0.842 0.86 0.646 0.71 -9999 -9999 -9999 -9999 -9999 -9999 -9999 -9999 -9999 -9999 0.748 0.785 0.45 0.686 0.734 0.467 0.637 0.666 0.52 0.649 0.67 0.72 0.711 0.591 0.585 0.632 0.621 0.675 0.714 0.73 0.736 0.727 0.711 0.65 0.639
0.733 0.876 0.863 0.863 0.856 0.877 0.87 0.882 0.869 0.876 0.885 0.87 0.866 0.865 0.873 0.873 0.869 0.872 0.861 -9999 -9999 -9999 -9999 -9999 -9999 -9999 -9999 -9999 -9999 -9999 -9999 -9999 -9999 -9999 -9999 -9999 -9999 -9999 -9999 -9999 0.841 -9999 -9999 -9999 -9999 -9999 -9999 -9999 -9999 -9999 -9999 -9999 0.71 0.827 0.69 0.721 0.737 0.594 0.437 0.676 0.627 0.713 0.654 0.691 0.627 0.66 0.51 0.6 0.626 0.701 0.707 0.67 0.68 0.573 0.685 0.623 0.518
0.872 0.885 0.845 0.826 0.89 0.871 0.88 0.882 0.861 0.87 0.87 0.865 0.856 0.841 0.861 0.855 0.853 -9999 -9999 -9999 -9999 -9999 -9999 -9999 -9999 -9999 -9999 -9999 -9999 -9999 -9999 -9999 -9999 -9999 -9999 -9999 -9999 -9999 -9999 -9999 -9999 -9999 -9999 -9999 -9999 -9999 -9999 -9999 -9999 -9999 -9999 -9999 0.856 0.845 0.678 0.757 0.755 0.699 0.557 0.601 0.701 0.656 0.683 0.682 0.716 0.68 0.642 0.679 0.651 0.678 0.593 0.657 0.599 0.565 0.672 0.64 0.593
0.891 0.865 0.745 0.751 0.855 0.884 0.829 0.828 0.842 0.871 0.839 0.84 0.864 0.861 -9999 -9999 -9999 -9999 -9999 -9999 -9999 -9999 -9999 -9999 -9999 -9999 -9999 -9999 -9999 -9999 -9999 -9999 -9999 -9999 -9999 -9999 -9999 -9999 -9999 -9999 -9999 -9999 -9999 -9999 -9999 -9999 -9999 -9999 -9999 -9999 -9999 -9999 -9999 0.799 -9999 0.731 0.819 0.81 0.782 0.632 0.593 0.628 0.722 0.72 0.694 0.66 0.664 0.632 0.632 0.667 0.667 0.683 0.685 0.659 0.617 0.622 0.665
0.868 0.852 0.712 0.732 0.835 0.861 0.852 0.771 0.826 0.855 0.853 -9999 -9999 -9999 -9999 -9999 -9999 -9999 -9999 -9999 -9999 -9999 -9999 -9999 -9999 -9999 -9999 -9999 -9999 -9999 -9999 -9999 -9999 -9999 -9999 -9999 -9999 -9999 -9999 -9999 -9999 -9999 -9999 -9999 -9999 -9999 -9999 -9999 -9999 -9999 -9999 -9999 -9999 -9999 -9999 -9999 0.588 0.799 0.811 0.608 0.719 0.667 0.753 0.722 0.702 0.733 0.663 0.603 0.671 0.636 0.632 0.629 0.61 0.744 0.652 0.584 0.627
0.852 0.84 0.84 0.786 0.853 0.854 0.874 0.885 0.865 0.873 -9999 -9999 -9999 -9999 -9999 -9999 -9999 -9999 -9999 -9999 -9999 -9999 -9999 -9999 -9999 -9999 -9999 -9999 -9999 -9999 -9999 -9999 -9999 -9999 -9999 -9999 -9999 -9999 -9999 -9999 -9999 -9999 -9999 -9999 -9999 -9999 -9999 -9999 -9999 -9999 -9999 -9999 -9999 -9999 -9999 -9999 -9999 0.783 0.794 0.674 0.678 0.703 0.728 0.726 0.72 0.616 0.662 0.673 0.614 0.615 0.626 0.585 0.653 0.669 0.629 0.665 0.622
0.832 0.841 0.841 0.849 0.858 0.856 0.845 0.848 0.849 -9999 -9999 -9999 -9999 -9999 -9999 -9999 -9999 -9999 -9999 -9999 -9999 -9999 -9999 -9999 -9999 -9999 -9999 -9999 -9999 -9999 -9999 -9999 -9999 -9999 -9999 -9999 -9999 -9999 -9999 -9999 -9999 -9999 -9999 -9999 -9999 -9999 -9999 -9999 -9999 -9999 -9999 -9999 -9999 -9999 -9999 -9999 -9999 0.687 0.798 0.723 0.645 0.637 0.658 0.685 0.731 0.68 0.668 0.713 0.689 0.686 0.506 0.587 0.609 0.672 0.593 0.635 0.613
0.848 0.838 0.827 0.834 0.86 0.844 0.83 0.83 -9999 -9999 -9999 -9999 -9999 -9999 -9999 -9999 -9999 -9999 -9999 -9999 -9999 -9999 -9999 -9999 -9999 -9999 -9999 -9999 -9999 -9999 -9999 -9999 -9999 -9999 -9999 -9999 -9999 -9999 -9999 -9999 -9999 -9999 -9999 -9999 -9999 -9999 -9999 -9999 -9999 -9999 -9999 -9999 -9999 -9999 -9999 -9999 0.612 0.673 0.733 0.693 0.665 0.667 0.651 0.725 0.699 0.741 0.708 0.696 0.715 0.694 0.661 0.593 0.662 0.643 0.615 0.581 0.606
0.855 0.826 0.824 0.84 0.857 0.821 0.746 0.723 -9999 -9999 -9999 -9999 -9999 -9999 -9999 -9999 -9999 -9999 -9999 -9999 -9999 -9999 -9999 -9999 -9999 -9999 -9999 -9999 -9999 -9999 -9999 -9999 -9999 -9999 -9999 -9999 -9999 -9999 -9999 -9999 -9999 -9999 -9999 -9999 -9999 -9999 -9999 -9999 -9999 -9999 -9999 -9999 -9999 -9999 -9999 -9999 -9999 0.745 0.705 0.627 0.671 0.625 0.632 0.674 0.698 0.746 0.714 0.676 0.597 0.673 0.731 0.475 0.695 0.657 0.639 0.662 0.609
0.831 0.838 0.856 0.829 0.836 0.764 0.766 -9999 -9999 -9999 -9999 -9999 -9999 -9999 -9999 -9999 -9999 -9999 -9999 -9999 -9999 -9999 -9999 -9999 -9999 -9999 -9999 -9999 -9999 -9999 -9999 -9999 -9999 -9999 -9999 -9999 -9999 -9999 -9999 -9999 -9999 -9999 -9999 -9999 -9999 -9999 -9999 -9999 -9999 -9999 -9999 -9999 -9999 -9999 -9999 -9999 -9999 0.677 0.722 0.734 0.712 0.633 0.677 0.657 0.692 0.742 0.704 0.652 0.612 0.67 0.71 0.627 0.633 0.693 0.636 0.697 0.62
