data/china_ndvi_max_1988.asc
ncols         710
nrows         510
xllcorner     70
yllcorner     10
cellsize      0.1
NODATA_value  -9999
[rows 245 to 279 of 510, columns 231 to 307 of 710]
0.085 0.079 0.081 0.081 0.063 0.058 0.059 0.057 0.055 0.057 0.057 0.056 0.053 0.053 0.081 0.105 0.051 0.046 0.058 0.069 0.046 0.044 0.04 0.042 0.05 0.043 0.043 0.038 0.035 0.053 0.069 0.076 0.04 0.031 0.044 0.086 0.132 0.1 0.09 0.129 0.132 0.126 0.148 0.184 0.135 0.101 0.078 0.086 0.093 0.167 0.101 0.152 0.208 0.176 0.128 0.137 0.106 0.097 0.098 0.218 0.257 0.173 0.123 0.134 0.12 0.136 0.122 0.103 0.12 0.14 0.173 0.205 0.244 0.227 0.274 0.273 0.288
0.096 0.089 0.124 0.108 0.075 0.077 0.077 0.069 0.065 0.068 0.058 0.058 0.069 0.066 0.054 0.048 0.043 0.041 0.041 0.053 0.051 0.052 0.05 0.053 0.068 0.048 0.047 0.047 0.046 0.048 0.048 0.048 0.045 0.038 0.038 0.045 0.044 0.093 0.088 0.138 0.155 0.162 0.132 0.147 0.219 0.104 0.083 0.096 0.098 0.108 0.15 0.136 0.243 0.246 0.128 0.127 0.141 0.149 0.122 0.147 0.178 0.217 0.201 0.175 0.171 0.149 0.155 0.13 0.103 0.109 0.098 0.114 0.139 0.155 0.174 0.195 0.182
0.089 0.083 0.079 0.111 0.081 0.098 0.108 0.099 0.094 0.093 0.076 0.081 0.104 0.128 0.065 0.058 0.053 0.047 0.077 0.066 0.072 0.074 0.059 0.076 0.08 0.06 0.062 0.069 0.064 0.088 0.066 0.072 0.066 0.053 0.062 0.056 0.055 0.056 0.057 0.042 0.042 0.058 0.168 0.172 0.186 0.078 0.066 0.083 0.104 0.172 0.127 0.131 0.166 0.245 0.164 0.129 0.147 0.121 0.112 0.168 0.177 0.195 0.243 0.249 0.301 0.282 0.206 0.189 0.165 0.124 0.102 0.107 0.095 0.108 0.106 0.146 0.163
0.068 0.07 0.076 0.075 0.075 0.084 0.076 0.089 0.096 0.101 0.09 0.122 0.119 0.12 0.073 0.067 0.065 0.061 0.077 0.074 0.082 0.068 0.072 0.082 0.068 0.068 0.07 0.076 0.079 0.081 0.074 0.081 0.08 0.081 0.099 0.097 0.096 0.077 0.07 0.058 0.058 0.054 0.044 0.046 0.096 0.064 0.064 0.087 0.099 0.189 0.134 0.144 0.179 0.168 0.202 0.225 0.135 0.084 0.108 0.163 0.152 0.133 0.166 0.145 0.29 0.34 0.34 0.307 0.216 0.126 0.096 0.084 0.111 0.086 0.143 0.136 0.124
0.08 0.057 0.079 0.091 0.086 0.086 0.077 0.086 0.084 0.098 0.108 0.116 0.108 0.104 0.083 0.1 0.094 0.067 0.069 0.08 0.092 0.076 0.081 0.079 0.073 0.077 0.079 0.079 0.078 0.092 0.123 0.104 0.098 0.106 0.089 0.1 0.11 0.101 0.1 0.099 0.076 0.078 0.059 0.076 0.075 0.096 0.094 0.207 0.151 0.165 0.222 0.237 0.201 0.102 0.179 0.133 0.134 0.116 0.117 0.119 0.15 0.154 0.159 0.185 0.26 0.303 0.351 0.333 0.278 0.197 0.17 0.153 0.153 0.142 0.169 0.164 0.038
0.04 0.091 0.112 0.148 0.128 0.141 0.15 0.129 0.113 0.092 0.093 0.077 0.076 0.067 0.09 0.09 0.073 0.074 0.069 0.09 0.083 0.086 0.083 0.084 0.076 0.073 0.118 0.129 0.113 0.102 0.095 0.092 0.105 0.097 0.091 0.1 0.114 0.149 0.125 0.169 0.173 0.199 0.19 0.14 0.189 0.258 0.219 0.184 0.146 0.164 0.127 0.115 0.17 0.15 0.104 0.12 0.148 0.146 0.176 0.105 0.161 0.161 0.148 0.235 0.282 0.364 0.359 0.369 0.412 0.326 0.289 0.24 0.181 0.131 0.076 0.145 0.245
0.062 0.079 0.09 0.089 0.101 0.072 0.073 0.153 0.182 0.187 0.173 0.15 0.139 0.135 0.15 0.129 0.091 0.08 0.08 0.08 0.084 0.095 0.08 0.078 0.078 0.079 0.093 0.082 0.08 0.135 0.15 0.132 0.124 0.122 0.142 0.133 0.131 0.113 0.119 0.16 0.161 0.168 0.184 0.219 0.241 0.201 0.216 0.205 0.214 0.195 0.122 0.132 0.107 0.107 0.174 0.146 0.193 0.116 0.128 0.122 0.174 0.176 0.156 0.196 0.245 0.322 0.321 0.335 0.303 0.368 0.387 0.297 0.195 0.12 0.25 0.295 0.317
0.064 0.065 0.06 0.049 0.04 0.056 0.044 0.074 0.125 0.179 0.144 0.1 0.105 0.175 0.102 0.09 0.096 0.111 0.115 0.122 0.124 0.111 0.132 0.088 0.152 0.168 0.156 0.122 0.101 0.116 0.105 0.095 0.128 0.165 0.205 0.186 0.158 0.14 0.132 0.128 0.135 0.136 0.16 0.14 0.143 0.13 0.112 0.118 0.127 0.124 0.092 0.132 0.14 0.118 0.177 0.199 0.2 0.168 0.155 0.182 0.214 0.147 0.117 0.145 0.328 0.322 0.376 0.348 0.367 0.262 0.331 0.24 0.208 0.27 0.247 0.205 0.125
0.086 0.083 0.083 0.078 0.057 0.048 0.053 0.084 0.095 0.097 0.089 0.073 0.001 -0.007 -0.008 0.027 0.018 0.04 0.087 0.146 0.142 0.146 0.129 0.166 0.19 0.164 0.146 0.138 0.147 0.138 0.168 0.146 0.115 0.124 0.149 0.131 0.122 0.157 0.127 0.125 0.13 0.134 0.132 0.107 0.148 0.123 0.132 0.097 0.137 0.118 0.141 0.153 0.187 0.21 0.172 0.232 0.219 0.211 0.159 0.218 0.24 0.178 0.123 0.135 0.325 0.262 0.335 0.349 0.312 0.256 0.278 0.225 0.35 0.388 0.261 0.279 0.246
0.115 0.071 0.104 0.058 0.067 0.082 0.089 0.092 0.086 0.121 0.121 0.112 0.102 0.095 0.076 0.085 0.059 0.059 0.07 0.145 0.144 0.12 0.121 0.137 0.141 0.134 0.128 0.142 0.148 0.13 0.15 0.131 0.127 0.131 0.138 0.128 0.131 0.173 0.18 0.17 0.124 0.144 0.128 0.133 0.115 0.142 0.144 0.135 0.126 0.146 0.188 0.215 0.236 0.215 0.206 0.256 0.207 0.168 0.166 0.157 0.174 0.157 0.131 0.182 0.294 0.328 0.338 0.412 0.311 0.208 0.173 0.226 0.39 0.43 0.419 0.415 0.378
0.166 0.158 0.139 0.137 0.129 0.126 0.121 0.13 0.139 0.076 0.077 0.094 0.122 0.165 0.143 0.119 0.135 0.12 0.163 0.142 0.131 0.121 0.148 0.154 0.23 0.143 0.146 0.201 0.18 0.166 0.174 0.18 0.171 0.16 0.188 0.169 0.241 0.212 0.125 0.14 0.175 0.201 0.18 0.162 0.133 0.126 0.134 0.147 0.229 0.218 0.198 0.175 0.168 0.145 0.158 0.15 0.119 0.146 0.157 0.151 0.131 0.168 0.192 0.278 0.312 0.286 0.348 0.332 0.383 0.28 0.231 0.2 0.234 0.321 0.374 0.419 0.348
0.142 0.125 0.119 0.112 0.094 0.093 0.088 0.094 0.104 0.131 0.168 0.127 0.14 0.15 0.175 0.153 0.17 0.174 0.123 0.138 0.144 0.135 0.144 0.163 0.159 0.164 0.167 0.147 0.13 0.157 0.151 0.165 0.159 0.159 0.158 0.199 0.228 0.174 0.141 0.139 0.159 0.158 0.217 0.189 0.15 0.147 0.143 0.132 0.164 0.175 0.179 0.191 0.189 0.19 -0.3 0.153 0.148 0.191 0.178 0.173 0.18 0.155 0.221 0.286 0.311 0.311 0.344 0.349 0.286 0.282 0.279 0.228 0.22 0.215 0.311 0.318 0.271
0.171 0.167 0.167 0.154 0.162 0.164 0.161 0.158 0.144 0.113 0.103 0.11 0.148 0.136 0.127 0.136 0.149 0.132 0.129 0.171 0.123 0.136 0.131 0.126 0.199 0.212 0.227 0.236 0.211 0.163 0.159 0.156 0.156 0.153 0.163 0.25 0.185 0.193 0.255 0.148 0.162 0.148 0.158 0.171 0.151 0.148 0.157 0.168 0.153 0.157 0.152 0.192 0.242 0.248 0.248 0.257 0.245 0.19 0.166 0.256 0.234 0.26 0.266 0.289 0.322 0.33 0.33 0.366 0.391 0.379 0.361 0.326 0.332 0.349 0.363 0.369 0.353
0.241 0.256 0.267 0.235 0.26 0.264 0.27 0.253 0.242 0.165 0.161 0.146 0.111 0.101 0.124 0.196 0.169 0.148 0.14 0.211 0.285 0.207 0.225 0.208 0.253 0.253 0.209 0.28 0.287 0.18 0.161 0.208 0.194 0.17 0.165 0.144 0.166 0.172 0.193 0.212 0.166 0.164 0.168 0.18 0.175 0.179 0.195 0.164 0.148 0.162 0.159 0.167 0.242 0.249 0.244 0.329 0.299 0.283 0.291 0.254 0.272 0.288 0.305 0.369 0.408 0.405 0.431 0.423 0.408 0.395 0.398 0.379 0.314 0.353 0.435 0.419 0.421
0.149 0.14 0.183 0.197 0.218 0.253 0.242 0.265 0.268 0.267 0.236 0.241 0.205 0.167 0.129 0.146 0.149 0.15 0.142 0.189 0.277 0.276 0.253 0.246 0.216 0.226 0.22 0.236 0.236 0.262 0.243 0.241 0.266 0.264 0.19 0.169 0.154 0.14 0.151 0.199 0.183 0.178 0.187 0.172 0.198 0.203 -0.3 0.197 0.151 0.148 0.172 0.181 0.183 0.236 0.199 0.228 0.248 0.263 0.288 0.238 0.227 0.294 0.293 0.311 0.388 0.415 0.444 0.448 0.426 0.441 0.429 0.363 0.351 0.432 0.47 0.452 0.442
0.115 0.127 0.133 0.111 0.122 0.12 0.109 0.11 0.141 0.244 0.197 0.184 0.153 0.146 0.251 0.255 0.278 0.326 0.299 0.181 0.165 0.214 0.197 0.274 0.207 0.251 0.276 0.221 0.227 0.29 0.286 0.275 0.214 0.192 0.228 0.227 0.212 0.195 0.204 0.265 0.231 0.033 -0.049 0.202 0.193 -0.3 -0.3 -0.3 0.207 0.182 0.189 0.162 0.177 0.233 0.197 0.194 0.225 0.208 0.13 0.203 0.137 0.214 0.301 0.208 0.271 0.278 0.203 0.326 0.415 0.406 0.39 0.417 0.389 0.448 0.41 0.411 0.417
0.218 0.17 0.133 0.128 0.126 0.108 0.119 0.111 0.107 0.202 0.246 0.272 0.274 0.226 0.152 0.196 0.26 0.28 0.303 0.254 0.225 0.218 0.162 0.153 0.289 0.263 0.231 0.199 0.2 0.25 0.283 0.282 0.266 0.268 0.249 0.245 0.266 0.274 0.271 0.265 0.256 0.24 0.228 0.186 0.225 0.101 0.149 0.201 0.203 0.18 0.216 0.204 0.18 0.196 0.213 0.219 0.204 0.2 0.208 0.244 0.237 0.26 0.26 0.283 0.214 0.333 0.366 0.379 0.424 0.428 0.429 0.407 0.454 0.423 0.422 0.487 0.421
0.278 0.276 0.195 0.2 0.169 0.139 0.117 0.096 0.091 0.09 0.111 0.145 0.219 0.222 0.22 0.213 0.203 0.194 0.194 0.26 0.237 0.229 0.252 0.235 0.306 0.282 0.264 0.274 0.222 0.218 0.286 0.294 0.248 0.201 0.285 0.303 0.282 0.291 0.252 0.281 0.271 0.254 0.232 0.226 0.258 0.256 0.24 0.237 0.226 0.23 0.211 0.193 0.163 0.151 0.206 0.21 0.213 0.219 0.191 0.235 0.28 0.243 0.262 0.263 0.113 0.262 0.365 0.407 0.419 0.409 0.395 0.411 0.414 0.42 0.431 0.373 0.389
0.218 0.255 0.282 0.301 0.185 0.206 0.197 0.156 0.122 0.121 0.107 0.163 0.185 0.231 0.31 0.289 0.324 0.282 0.278 0.257 0.283 0.244 0.273 0.306 0.322 0.289 0.273 0.278 0.249 0.205 0.265 0.275 0.285 0.317 0.261 0.278 0.33 0.331 0.285 0.27 0.236 0.213 0.254 0.242 0.237 0.252 0.249 0.249 0.238 0.192 0.169 0.235 0.213 0.151 0.212 0.225 0.215 0.219 0.238 0.253 0.293 0.27 0.236 0.2 0.207 0.371 0.33 0.44 0.451 0.409 0.42 0.427 0.443 0.332 0.437 0.485 0.478
0.2 0.231 0.257 0.277 0.287 0.277 0.263 0.232 0.22 0.153 0.177 0.213 0.243 0.301 0.267 0.278 0.263 0.309 0.31 0.248 0.225 0.27 0.281 0.262 0.306 0.324 0.264 0.291 0.299 0.225 0.211 0.236 0.268 0.255 0.29 0.281 0.287 0.317 0.324 0.272 0.224 0.243 0.264 0.259 0.299 0.298 0.31 0.293 0.292 0.254 0.249 0.228 0.194 0.197 0.227 0.277 0.257 0.272 0.208 0.275 0.336 0.285 0.256 0.239 0.307 0.343 0.342 0.348 0.416 0.447 0.436 0.436 0.405 0.423 0.482 0.453 0.467
0.122 0.116 0.121 0.117 0.199 0.269 0.263 0.29 0.263 0.207 0.209 0.248 0.264 0.293 0.348 0.321 0.207 0.249 0.319 0.299 0.334 0.357 0.307 0.362 0.295 0.297 0.271 0.292 0.315 0.3 0.317 0.243 0.243 0.268 0.327 0.334 0.294 0.309 0.298 0.327 0.279 0.272 0.265 0.29 0.378 0.388 0.351 0.307 0.202 0.207 0.252 0.234 0.255 0.25 0.252 0.192 0.133 0.136 0.182 0.282 0.223 0.29 0.29 0.303 0.354 0.221 0.272 0.244 0.263 0.412 0.363 0.389 0.435 0.442 0.403 0.355 0.436
0.239 0.204 0.177 0.182 0.172 0.16 0.219 0.219 0.222 0.298 0.235 0.241 0.294 0.314 0.338 0.334 0.352 0.286 0.344 0.285 0.252 0.29 0.336 0.343 0.266 0.334 0.284 0.306 0.356 0.322 0.368 0.358 0.327 0.315 0.304 0.329 0.283 0.26 0.304 0.286 0.26 0.247 0.312 0.359 0.34 0.27 0.334 0.352 0.29 0.215 0.242 0.238 0.221 0.265 0.318 0.295 0.245 0.235 0.263 0.254 0.235 0.314 0.351 0.33 0.312 0.213 0.222 0.269 0.32 0.357 0.363 0.438 0.435 0.42 0.425 0.415 0.411
0.152 0.183 0.174 0.156 0.156 0.152 0.136 0.166 0.2 0.296 0.297 0.289 0.299 0.281 0.34 0.347 0.349 0.347 0.334 0.308 0.241 0.232 0.248 0.332 0.302 0.263 0.272 0.319 0.311 0.288 0.313 0.33 0.334 0.351 0.314 0.301 0.255 0.286 0.277 0.293 0.325 0.307 0.332 0.342 0.305 0.257 0.332 0.317 0.326 0.24 0.238 0.257 0.268 0.269 0.317 0.319 0.303 0.331 0.305 0.301 0.323 0.39 0.37 0.334 0.345 0.332 0.3 0.308 0.365 0.383 0.389 0.423 0.422 0.447 0.44 0.437 0.395
0.2 0.218 0.212 0.219 0.26 0.278 0.25 0.281 0.285 0.298 0.351 0.294 0.312 0.333 0.283 0.359 0.387 0.302 0.325 0.333 0.327 0.279 0.208 0.229 0.362 0.394 0.3 0.309 0.33 0.34 0.346 0.314 0.284 0.218 0.355 0.319 0.333 0.308 0.296 0.334 0.334 0.31 0.327 0.312 0.32 0.319 0.303 0.301 0.319 0.301 0.323 0.281 0.315 0.285 0.325 0.308 0.313 0.322 0.309 0.29 0.313 0.379 0.39 0.365 0.365 0.336 0.351 0.348 0.388 0.393 0.435 0.434 0.444 0.46 0.416 0.438 0.401
0.156 0.157 0.155 0.159 0.191 0.189 0.219 0.249 0.301 0.27 0.266 0.301 0.256 0.232 0.308 0.305 0.305 0.356 0.322 0.366 0.382 0.359 0.288 0.191 0.297 0.351 0.379 0.298 0.341 0.285 0.293 0.307 0.321 0.293 0.338 0.336 0.33 0.354 0.318 0.28 0.329 0.342 0.366 0.36 0.305 0.292 0.296 0.311 0.335 0.33 0.351 0.313 0.32 0.316 0.285 0.269 0.298 0.314 0.273 0.301 0.313 0.349 0.367 0.384 0.369 0.38 0.375 0.369 0.397 0.392 0.402 0.411 0.44 0.426 0.426 0.422 0.44
0.254 0.24 0.238 0.276 0.283 0.318 0.267 0.283 0.317 0.196 0.224 0.192 0.14 0.179 0.216 0.338 0.262 0.219 0.247 0.237 0.274 0.341 0.346 0.329 0.381 0.276 0.276 0.313 0.346 0.303 0.345 0.228 0.33 0.312 0.356 0.291 0.331 0.376 0.384 0.393 0.341 0.352 0.39 0.336 0.275 0.278 0.283 0.33 0.334 0.391 0.414 0.373 0.338 0.274 0.343 0.356 0.291 0.324 0.373 0.346 0.401 0.38 0.389 0.401 0.404 0.405 0.415 0.442 0.441 0.442 0.449 0.461 0.35 0.342 0.464 0.453 0.43
0.255 0.283 0.272 0.259 0.285 0.28 0.206 0.22 0.287 0.339 0.339 0.296 0.306 0.302 0.2 0.261 0.245 0.258 0.189 0.297 0.326 0.293 0.316 0.357 0.394 0.383 0.36 0.367 0.345 0.32 0.327 0.314 0.279 0.321 0.292 0.298 0.386 0.376 0.36 0.372 0.384 0.376 0.325 0.29 0.305 0.281 0.24 0.324 0.347 0.327 0.306 0.304 0.316 0.314 0.377 0.342 0.283 0.315 0.329 0.323 0.364 0.364 0.399 0.392 0.389 0.407 0.397 0.416 0.415 0.417 0.443 0.43 0.428 0.428 0.431 0.463 0.438
0.264 0.259 0.265 0.268 0.258 0.266 0.238 0.243 0.292 0.296 0.313 0.289 0.313 0.295 0.282 0.216 0.19 0.219 0.096 0.168 0.192 0.258 0.301 0.232 0.341 0.326 0.34 0.369 0.341 0.255 0.303 0.343 0.339 0.36 0.297 0.338 0.405 0.397 0.34 0.364 0.394 0.382 0.376 0.342 0.345 0.294 0.272 0.292 0.301 0.352 0.331 0.349 0.349 0.311 0.346 0.31 0.299 0.275 0.317 0.354 0.351 0.384 0.36 0.37 0.396 0.438 0.459 0.443 0.422 0.414 0.416 0.431 0.431 0.433 0.434 0.457 0.436
0.251 0.245 0.262 0.267 0.303 0.295 0.297 0.3 0.192 0.25 0.35 0.343 0.32 0.316 0.322 0.249 0.197 0.072 0.197 0.201 0.241 0.293 0.303 0.257 0.33 0.291 0.258 0.277 0.369 0.38 0.376 0.39 0.26 0.266 0.337 0.378 0.352 0.38 0.3 0.34 0.389 0.402 0.419 0.313 0.309 0.333 0.362 0.274 0.285 0.369 0.315 0.332 0.385 0.387 0.364 0.316 0.325 0.283 0.321 0.4 0.326 0.374 0.327 0.387 0.392 0.353 0.371 0.439 0.419 0.439 0.474 0.404 0.453 0.389 0.444 0.462 0.44
0.209 0.209 0.209 0.245 0.28 0.359 0.355 0.333 0.304 0.267 0.299 0.338 0.34 0.337 0.324 0.344 0.208 0.132 0.086 0.089 0.203 0.171 0.21 0.266 0.299 0.302 0.312 0.29 0.328 0.368 0.387 0.37 0.348 0.347 0.329 0.329 0.315 0.25 0.299 0.277 0.345 0.402 0.363 0.327 0.316 0.321 0.362 0.31 0.3 0.352 0.317 0.324 0.366 0.398 0.348 0.322 0.283 0.256 0.364 0.312 0.276 0.277 0.304 0.23 0.387 0.344 0.359 0.401 0.404 0.42 0.443 0.456 0.446 0.401 0.397 0.412 0.36
0.217 0.259 0.22 0.242 0.236 0.243 0.247 0.304 0.318 0.313 0.305 0.311 0.302 0.285 0.378 0.26 0.295 0.265 0.252 0.229 0.275 0.27 0.194 0.249 0.242 0.251 0.211 0.249 0.315 0.359 0.397 0.406 0.406 0.403 0.403 0.387 0.411 0.317 0.366 0.356 0.324 0.396 0.44 0.424 0.457 0.455 0.453 0.462 0.418 0.426 0.359 0.291 0.261 0.262 0.377 0.389 0.351 0.241 0.254 0.23 0.243 0.243 0.245 0.291 0.381 0.329 0.34 0.384 0.401 0.376 0.405 0.404 0.365 0.384 0.477 0.476 0.428
0.288 0.272 0.229 0.244 0.274 0.269 0.276 0.285 0.251 0.251 0.259 0.273 0.316 0.321 0.297 0.321 0.321 0.284 0.267 0.281 0.33 0.27 0.253 0.195 0.218 0.237 0.236 0.276 0.311 0.39 0.397 0.379 0.397 0.399 0.392 0.331 0.406 0.396 0.41 0.348 0.415 0.404 0.395 0.422 0.465 0.469 0.45 0.446 0.429 0.417 0.427 0.365 0.3 0.298 0.358 0.367 0.276 0.246 0.228 0.275 0.218 0.238 0.272 0.337 0.346 0.364 0.348 0.364 0.375 0.384 0.383 0.397 0.391 0.419 0.461 0.471 0.477
0.261 0.269 0.286 0.269 0.269 0.234 0.282 0.278 0.257 0.313 0.309 0.338 0.322 0.327 0.276 0.321 0.34 0.327 0.313 0.295 0.312 0.326 0.335 0.246 0.262 0.253 0.303 0.26 0.266 0.344 0.32 0.345 0.361 0.414 0.417 0.441 0.382 0.414 0.356 0.399 0.419 0.444 0.426 0.428 0.435 0.428 0.439 0.413 0.431 0.418 0.424 0.431 0.447 0.406 0.41 0.344 0.295 0.331 0.323 0.393 0.366 0.336 0.325 0.345 0.287 0.349 0.346 0.343 0.325 0.365 0.37 0.378 0.427 0.432 0.464 0.462 0.459
0.289 0.248 0.289 0.311 0.273 0.258 0.251 0.264 0.262 0.344 0.36 0.335 0.329 0.278 0.297 0.331 0.273 0.248 0.303 0.291 0.294 0.339 0.225 0.087 0.26 0.25 0.252 0.316 0.286 0.29 0.332 0.359 0.381 0.372 0.454 0.457 0.444 0.393 0.448 0.441 0.392 0.356 0.399 0.451 0.457 0.462 0.458 0.457 0.452 0.496 0.475 0.429 0.447 0.441 0.466 0.445 0.323 0.316 0.248 0.337 0.418 0.387 0.333 0.306 0.343 0.291 0.302 0.294 0.328 0.361 0.368 0.385 0.426 0.477 0.442 0.422 0.448
0.268 0.244 0.245 0.241 0.303 0.273 0.253 0.29 0.275 0.286 0.343 0.348 0.306 0.359 0.311 0.342 0.278 0.226 0.293 0.33 0.332 0.344 0.313 0.233 0.356 0.361 0.259 0.308 0.268 0.314 0.37 0.351 0.386 0.416 0.446 0.461 0.47 0.455 0.433 0.412 0.442 0.398 0.425 0.386 0.415 0.484 0.48 0.461 0.461 0.468 0.455 0.494 0.462 0.454 0.457 0.424 0.396 0.311 0.343 0.332 0.285 0.327 0.37 0.337 0.298 0.283 0.321 0.335 0.35 0.418 0.407 0.386 0.403 0.452 0.409 0.45 0.462
