data/china_ndvi_max_1985.asc
ncols         710
nrows         510
xllcorner     70
yllcorner     10
cellsize      0.1
NODATA_value  -9999
[rows 306 to 339 of 510, columns 231 to 307 of 710]
0.132 0.167 0.106 0.366 -0.042 -0.016 -0.035 0.041 0.004 0.048 0.265 0.297 0.313 0.288 0.624 0.659 0.645 0.734 0.63 0.06 0.013 0.053 0.4 0.514 -0.002 -0.016 0.202 0.286 0.017 0.1 0.246 0.2 0.128 0.287 0.245 0.232 0.232 0.133 0.182 0.18 0.305 0.284 0.235 0.265 0.258 0.356 0.227 0.371 0.366 0.419 0.413 0.402 0.397 0.4 0.403 0.409 0.453 0.589 0.61 0.449 0.31 0.573 0.598 0.488 0.359 0.389 0.403 0.44 0.31 0.348 0.397 0.416 0.57 0.451 0.569 0.644 0.647
0.445 0.292 0.193 0.354 0.14 0.353 0.143 0.094 0.255 0.239 0.004 0.044 0.172 0.161 0.171 0.073 0.332 0.502 0.496 0.539 0.528 0.399 0.264 0.517 0.047 -0.015 0.343 0.468 0.141 0.097 0.118 0.119 0.204 0.14 0.206 0.184 0.209 0.166 0.294 0.251 0.248 0.27 0.269 0.273 0.253 0.236 0.261 0.306 0.34 0.391 0.407 0.383 0.393 0.402 0.408 0.409 0.406 0.414 0.526 0.455 0.481 0.556 0.611 0.551 0.258 0.293 0.41 0.453 0.424 0.402 0.398 0.453 0.447 0.449 0.519 0.612 0.646
0.525 0.214 0.274 0.528 0.267 0.461 0.179 0.245 0.296 0.36 0.207 0.035 0.049 0.319 0.257 0.272 0.237 0.215 0.455 0.715 0.688 0.242 0.214 0.461 0.512 0.527 0.546 0.304 0.202 0.254 0.051 0.061 0.161 0.309 0.131 0.223 0.125 0.155 0.167 0.332 0.292 0.221 0.285 0.264 0.302 0.191 0.184 0.153 0.32 0.407 0.415 0.388 0.38 0.401 0.385 0.307 0.34 0.432 0.606 0.541 0.634 0.537 0.431 0.318 0.157 0.231 0.393 0.465 0.489 0.449 0.485 0.434 0.428 0.437 0.446 0.46 0.557
0.404 0.253 0.163 0.26 0.451 0.577 0.432 0.426 0.555 0.579 0.299 0.283 0.214 0.306 0.528 0.539 0.607 0.367 0.342 0.744 0.656 0.684 0.501 0.2 0.596 0.612 0.497 0.34 0.413 0.432 0.151 0.088 0.156 0.217 0.075 0.11 0.169 0.223 0.24 0.238 0.24 0.229 0.209 0.205 0.33 0.267 0.294 0.251 0.335 0.372 0.399 0.414 0.389 0.378 0.403 0.445 0.488 0.541 0.471 0.602 0.499 0.481 0.104 0.327 0.264 0.302 0.32 0.341 0.421 0.4 0.471 0.418 0.449 0.454 0.452 0.501 0.611
0.334 0.47 0.526 0.551 0.464 0.62 0.511 0.228 0.325 0.257 0.457 0.33 0.327 0.3 0.304 0.352 0.42 0.68 0.094 0.53 0.764 0.738 0.621 0.416 0.668 0.599 0.658 0.616 0.127 0.125 0.465 0.126 0.137 0.012 0.147 0.072 0.161 0.058 0.002 0.038 0.22 0.226 0.345 0.249 0.283 0.333 0.356 0.289 0.261 0.368 0.323 0.397 0.465 0.405 0.348 0.348 0.578 0.458 0.303 0.453 0.529 0.427 0.241 0.238 0.184 0.117 0.199 0.512 0.504 0.301 0.324 0.28 0.452 0.48 0.461 0.468 0.482
0.125 0.199 0.504 0.303 0.366 0.602 0.529 0.634 0.604 0.536 0.3 0.43 0.574 0.275 0.263 0.336 0.633 0.521 0.05 0.475 0.699 0.697 0.747 0.343 0.295 0.189 0.271 0.572 0.625 0.373 0.502 0.263 0.238 0.041 0.06 0.226 0.242 0.125 0.02 0.112 0.189 0.134 0.296 0.422 0.307 0.332 0.35 0.311 0.322 0.285 0.425 0.404 0.423 0.546 0.398 0.443 0.549 0.546 0.444 0.51 0.417 0.219 0.199 0.235 0.344 0.286 0.396 0.46 0.459 0.271 0.28 0.387 0.449 0.421 0.458 0.452 0.415
0.349 0.322 0.473 0.405 0.232 0.387 0.38 0.293 0.611 0.562 0.574 0.502 0.55 0.578 0.432 0.354 0.637 0.505 0.581 0.237 0.354 0.44 0.695 0.785 0.482 0.507 0.21 0.335 0.358 0.505 0.363 0.403 0.276 0.275 -0.006 0.039 0.207 0.151 0.128 -0.002 0.073 0.035 0.198 0.376 0.284 0.299 0.295 0.341 0.346 0.171 0.318 0.3 0.343 0.432 0.396 0.381 0.496 0.566 0.585 0.498 0.286 0.32 0.368 0.307 0.34 0.409 0.404 0.517 0.515 0.352 0.375 0.386 0.44 0.41 0.451 0.453 0.512
0.249 0.041 0.229 0.09 0.267 0.396 0.192 0.488 0.237 0.434 0.271 0.411 0.496 0.374 0.411 0.286 0.476 0.475 0.645 -0.019 0.045 0.278 0.742 0.781 0.536 0.301 0.196 0.069 0.027 0.102 0.071 0.366 0.465 0.378 0.153 -0.004 0.193 0.089 0.015 0.039 0.011 0.001 0.183 0.349 0.253 0.156 0.277 0.288 0.365 0.187 0.26 0.256 0.311 0.301 0.342 0.32 0.411 0.4 0.39 0.528 0.674 0.53 0.522 0.587 0.244 0.25 0.369 0.638 0.499 0.324 0.343 0.347 0.305 0.38 0.444 0.404 0.401
0.197 0.149 0.211 0.197 0.202 0.279 0.215 0.319 0.241 0.249 0.205 0.264 0.411 0.575 0.613 0.544 0.555 0.541 0.531 0.179 0.327 0.508 0.668 0.885 0.711 0.505 0.371 0.333 0.246 -0.004 0.004 0.065 0.226 0.265 0.194 0.08 0.089 0.205 0.007 0.048 -0.001 0.151 0.158 0.1 0.203 0.314 0.278 0.222 0.29 0.169 0.232 0.382 0.443 0.372 0.466 0.413 0.348 0.361 0.362 0.454 0.628 0.266 0.482 0.543 0.379 0.44 0.464 0.628 0.601 0.358 0.352 0.338 0.3 0.365 0.432 0.484 0.499
0.213 0.271 0.19 0.277 0.394 0.223 0.201 0.37 0.501 0.471 0.473 0.345 0.503 0.619 0.531 0.542 0.595 0.398 0.252 0.553 0.766 0.838 0.855 0.876 0.45 0.324 0.331 0.172 0.055 -0.016 0.286 0.453 0.248 0.081 -0.062 -0.053 0.005 0.111 0.282 0.049 0.079 0.135 0.257 0.183 0.154 0.286 0.207 0.322 0.198 0.314 0.245 0.243 0.332 0.41 0.567 0.464 0.436 0.384 0.361 0.391 0.562 0.626 0.606 0.57 0.721 0.609 0.507 0.515 0.61 0.359 0.296 0.296 0.426 0.403 0.435 0.435 0.501
0.222 0.277 0.257 0.326 0.602 0.303 0.298 0.283 0.323 0.651 0.445 0.346 0.554 0.558 0.446 0.421 0.34 0.179 0.327 0.626 0.842 0.878 0.888 0.881 0.6 0.439 0.352 0.252 0.22 0.121 0.162 0.158 0.439 0.287 0.241 0.055 -0.047 0.116 0.221 0.086 0.143 0.304 0.069 0.235 0.149 0.177 0.045 0.261 0.304 0.37 0.289 0.188 0.219 0.263 0.539 0.648 0.53 0.499 0.505 0.426 0.374 0.481 0.502 0.57 0.632 0.628 0.561 0.503 0.656 0.412 0.34 0.308 0.341 0.389 0.42 0.423 0.47
0.494 0.325 0.256 0.42 0.521 0.585 0.555 0.584 0.662 0.585 0.623 0.579 0.542 0.43 0.282 0.336 0.539 0.38 0.736 0.887 0.864 0.866 0.884 0.718 0.496 0.487 0.359 0.32 0.57 0.312 0.319 0.394 0.26 0.452 0.465 0.111 0.006 -0.008 0.138 0.146 0.315 0.445 0.079 0.278 0.152 0.208 0.23 0.122 0.36 0.457 0.445 0.319 0.206 0.178 0.498 0.468 0.559 0.432 0.443 0.458 0.228 0.516 0.561 0.356 0.658 0.614 0.59 0.468 0.629 0.482 0.415 0.325 0.326 0.35 0.489 0.499 0.583
0.494 0.503 0.268 0.424 0.564 0.572 0.516 0.454 0.438 0.626 0.433 0.603 0.424 0.539 0.409 0.578 0.458 0.606 0.757 0.889 0.879 0.888 0.592 0.378 0.34 0.45 0.424 0.394 0.73 0.447 0.644 0.332 0.115 0.302 0.264 0.228 0.042 0.17 0.006 -0.024 0.054 0.298 0.478 0.232 0.212 0.245 0.274 0.271 0.122 0.25 0.46 0.471 0.392 0.242 0.266 0.436 0.573 0.531 0.438 0.459 0.283 0.491 0.496 0.676 0.589 0.608 0.555 0.468 0.667 0.439 0.461 0.441 0.349 0.369 0.521 0.591 0.59
0.474 0.331 0.363 0.458 0.272 0.287 0.39 0.47 0.637 0.314 0.418 0.646 0.498 0.46 0.659 0.531 0.627 0.856 0.88 0.905 0.857 0.703 0.541 0.529 0.526 0.59 0.716 0.726 0.62 0.559 0.276 0.173 0.268 0.133 0.577 0.589 0.43 0.515 0.427 0.142 0.085 0.263 0.457 0.505 0.279 0.263 0.168 0.337 0.371 0.346 0.472 0.391 0.459 0.451 0.326 0.401 0.543 0.465 0.467 0.507 0.304 0.469 0.506 0.475 0.613 0.64 0.564 0.536 0.614 0.42 0.432 0.404 0.391 0.399 0.61 0.606 0.563
0.271 0.041 0.098 0.462 0.26 0.484 0.656 0.615 0.611 0.351 0.616 0.854 0.83 0.747 0.88 0.876 0.87 0.889 0.893 0.899 0.866 0.8 0.544 0.308 0.813 0.781 0.735 0.803 0.793 0.715 0.414 0.34 0.4 0.296 0.31 0.38 0.701 0.351 0.203 0.367 0.194 0.304 0.278 0.192 0.499 0.25 0.266 0.255 0.174 0.367 0.448 0.444 0.342 0.237 0.432 0.459 0.538 0.378 0.568 0.455 0.259 0.504 0.487 0.418 0.594 0.578 0.372 0.446 0.515 0.423 0.407 0.441 0.533 0.58 0.664 0.725 0.642
0.397 0.272 0.372 0.391 0.344 0.41 0.549 0.512 0.53 0.553 0.586 0.752 0.731 0.733 0.731 0.877 0.885 0.88 0.86 0.887 0.863 0.85 0.821 0.527 0.844 0.832 0.838 0.882 0.809 0.546 0.361 0.57 0.62 0.451 0.232 0.22 0.63 0.511 0.106 0.555 0.149 0.208 0.523 0.253 0.614 0.477 0.374 0.181 0.134 0.242 0.436 0.551 0.428 0.57 0.282 0.481 0.417 0.358 0.372 0.573 0.336 0.503 0.467 0.595 0.461 0.541 0.49 0.432 0.482 0.396 0.401 0.469 0.428 0.567 0.608 0.572 0.641
0.399 0.415 0.61 0.472 0.38 0.492 0.483 0.502 0.451 0.667 0.7 0.705 0.757 0.838 0.727 0.875 0.878 0.865 0.859 0.85 0.81 0.657 0.685 0.555 0.7 0.847 0.81 0.859 0.857 0.813 0.811 0.781 0.544 0.436 0.339 0.277 0.436 0.725 0.617 0.637 0.35 0.485 0.404 0.389 0.399 0.285 0.227 0.295 0.216 0.195 0.174 0.316 0.463 0.513 0.51 0.389 0.406 0.521 0.492 0.497 0.327 0.48 0.405 0.361 0.41 0.393 0.504 0.555 0.504 0.348 0.438 0.532 0.388 0.333 0.541 0.592 0.543
0.493 0.265 0.351 0.575 0.512 0.504 0.51 0.593 0.436 0.727 0.664 0.829 0.831 0.847 0.707 0.845 0.864 0.849 0.876 0.859 0.851 0.808 0.84 0.424 0.743 0.693 0.809 0.876 0.853 0.845 0.744 0.818 0.65 0.581 0.323 0.312 0.269 0.451 0.714 0.616 0.605 0.578 0.701 0.691 0.452 0.356 0.234 0.415 0.324 0.274 0.312 0.044 0.376 0.448 0.595 0.347 0.526 0.56 0.568 0.535 0.453 0.325 0.346 0.409 0.503 0.595 0.449 0.525 0.283 0.348 0.398 0.581 0.545 0.54 0.544 0.699 0.635
0.783 0.464 0.521 0.636 0.391 0.611 0.751 0.734 0.417 0.716 0.73 0.87 0.88 0.862 0.867 0.876 0.865 0.847 0.825 0.868 0.879 0.861 0.848 0.675 0.852 0.858 0.886 0.886 0.88 0.634 0.374 0.381 0.386 0.337 0.389 0.305 0.154 0.33 0.504 0.651 0.667 0.58 0.56 0.463 0.204 -9999 0.25 0.175 0.389 0.529 0.442 0.535 0.677 0.468 0.612 0.321 0.463 0.5 0.588 0.434 0.534 0.347 0.394 0.425 0.487 0.43 0.465 0.508 0.498 0.443 0.486 0.602 0.518 0.564 0.617 0.665 0.674
0.535 0.546 0.563 0.694 0.864 0.855 0.827 0.849 0.872 0.888 0.823 0.825 0.661 0.648 0.852 0.865 0.864 0.872 0.881 0.852 0.861 0.861 0.847 0.814 0.842 0.864 0.886 0.874 0.855 0.732 0.753 0.806 0.322 0.369 0.66 0.795 0.709 0.288 0.33 0.682 0.661 0.545 0.354 0.35 -9999 -9999 -9999 0.212 0.354 0.518 0.337 0.574 0.323 0.483 0.609 0.651 0.505 0.575 0.358 0.34 0.633 0.332 0.419 0.457 0.561 0.568 0.675 0.671 0.544 0.441 0.644 0.713 0.546 0.334 0.627 0.576 0.692
0.395 0.637 0.595 0.647 0.684 0.795 0.888 0.748 0.858 0.881 0.869 0.869 0.868 0.726 0.866 0.872 0.875 0.874 0.868 0.87 0.882 0.839 0.832 0.853 0.86 0.831 0.685 0.858 0.828 0.854 0.86 0.735 0.579 0.441 0.848 0.801 0.53 0.307 0.407 0.671 0.558 0.269 0.363 0.315 -9999 -9999 -9999 -9999 -9999 0.433 0.642 0.446 0.462 0.472 0.679 0.585 0.381 0.471 0.418 0.411 0.473 0.52 0.459 0.517 0.657 0.654 0.689 0.628 0.543 0.666 0.651 0.649 0.53 0.536 0.509 0.668 0.649
0.725 0.846 0.834 0.848 0.869 0.877 0.859 0.876 0.828 0.884 0.888 0.876 0.817 0.775 0.872 0.858 0.851 0.864 0.851 0.843 0.868 0.871 0.88 0.86 0.759 -9999 -9999 -9999 -9999 0.784 -9999 -9999 0.634 0.721 0.852 0.797 0.825 0.519 0.271 0.69 0.569 0.411 0.328 -9999 -9999 -9999 -9999 -9999 -9999 -9999 0.414 0.606 0.597 0.519 0.738 0.593 0.471 0.648 0.561 0.566 0.603 0.628 0.472 0.417 0.604 0.676 0.672 0.673 0.506 0.472 0.539 0.668 0.636 0.418 0.687 0.592 0.659
0.615 0.849 0.873 0.882 0.888 0.869 0.862 0.867 0.855 0.881 0.872 0.865 0.83 0.849 0.855 0.854 0.849 0.82 0.867 0.871 0.864 0.883 0.768 -9999 -9999 -9999 -9999 -9999 -9999 -9999 -9999 -9999 -9999 -9999 0.841 0.787 0.8 0.266 0.334 0.716 0.678 0.445 0.313 -9999 -9999 -9999 -9999 -9999 -9999 -9999 -9999 0.431 0.691 0.639 0.71 0.701 0.45 0.551 0.595 0.469 0.641 0.624 0.654 0.513 0.691 0.722 0.698 0.682 0.498 0.532 0.548 0.663 0.599 0.469 0.688 0.74 0.593
0.722 0.753 0.857 0.873 0.888 0.881 0.862 0.849 0.871 0.872 0.869 0.872 0.857 0.859 0.847 0.828 0.831 0.861 0.865 0.856 0.868 0.846 0.716 -9999 -9999 -9999 -9999 -9999 -9999 -9999 -9999 -9999 -9999 -9999 -9999 -9999 0.819 0.771 0.534 0.72 0.375 0.19 0.154 -9999 -9999 -9999 -9999 -9999 -9999 -9999 -9999 0.304 0.651 0.689 0.687 0.748 0.69 0.421 0.628 0.549 0.532 0.697 0.611 0.626 0.621 0.63 0.625 0.666 0.641 0.518 0.545 0.637 0.647 0.683 0.686 0.623 0.63
0.778 0.815 0.859 0.844 0.846 0.859 0.86 0.865 0.872 0.857 0.849 0.873 0.867 0.871 0.869 0.83 0.859 0.839 0.864 0.884 0.889 -9999 -9999 -9999 -9999 -9999 -9999 -9999 -9999 -9999 -9999 -9999 -9999 -9999 -9999 -9999 -9999 -9999 0.828 0.813 0.601 0.645 -9999 -9999 -9999 -9999 -9999 -9999 -9999 -9999 -9999 -9999 0.695 0.769 0.334 0.688 0.693 0.395 0.622 0.63 0.47 0.638 0.658 0.681 0.653 0.593 0.611 0.616 0.584 0.64 0.692 0.703 0.704 0.706 0.708 0.621 0.608
0.721 0.862 0.83 0.851 0.865 0.897 0.891 0.884 0.864 0.864 0.861 0.876 0.877 0.87 0.881 0.868 0.855 0.861 0.851 -9999 -9999 -9999 -9999 -9999 -9999 -9999 -9999 -9999 -9999 -9999 -9999 -9999 -9999 -9999 -9999 -9999 -9999 -9999 -9999 -9999 0.813 -9999 -9999 -9999 -9999 -9999 -9999 -9999 -9999 -9999 -9999 -9999 0.682 0.746 0.638 0.711 0.71 0.583 0.414 0.652 0.596 0.684 0.65 0.678 0.62 0.655 0.477 0.578 0.616 0.683 0.685 0.628 0.646 0.492 0.65 0.568 0.452
0.852 0.883 0.838 0.823 0.888 0.862 0.878 0.889 0.852 0.873 0.874 0.871 0.861 0.848 0.856 0.859 0.863 -9999 -9999 -9999 -9999 -9999 -9999 -9999 -9999 -9999 -9999 -9999 -9999 -9999 -9999 -9999 -9999 -9999 -9999 -9999 -9999 -9999 -9999 -9999 -9999 -9999 -9999 -9999 -9999 -9999 -9999 -9999 -9999 -9999 -9999 -9999 0.829 0.809 0.651 0.728 0.725 0.63 0.558 0.626 0.705 0.673 0.656 0.651 0.685 0.687 0.648 0.653 0.676 0.677 0.572 0.625 0.51 0.506 0.643 0.61 0.587
0.884 0.861 0.731 0.735 0.856 0.89 0.857 0.833 0.831 0.863 0.827 0.852 0.845 0.85 -9999 -9999 -9999 -9999 -9999 -9999 -9999 -9999 -9999 -9999 -9999 -9999 -9999 -9999 -9999 -9999 -9999 -9999 -9999 -9999 -9999 -9999 -9999 -9999 -9999 -9999 -9999 -9999 -9999 -9999 -9999 -9999 -9999 -9999 -9999 -9999 -9999 -9999 -9999 0.786 -9999 0.715 0.803 0.797 0.76 0.65 0.584 0.65 0.699 0.707 0.674 0.627 0.629 0.624 0.674 0.65 0.6 0.601 0.677 0.623 0.611 0.612 0.644
0.858 0.852 0.713 0.702 0.86 0.848 0.845 0.743 0.762 0.853 0.846 -9999 -9999 -9999 -9999 -9999 -9999 -9999 -9999 -9999 -9999 -9999 -9999 -9999 -9999 -9999 -9999 -9999 -9999 -9999 -9999 -9999 -9999 -9999 -9999 -9999 -9999 -9999 -9999 -9999 -9999 -9999 -9999 -9999 -9999 -9999 -9999 -9999 -9999 -9999 -9999 -9999 -9999 -9999 -9999 -9999 0.534 0.756 0.778 0.602 0.71 0.653 0.745 0.696 0.69 0.706 0.643 0.558 0.649 0.608 0.6 0.592 0.609 0.727 0.607 0.506 0.598
0.8 0.835 0.828 0.79 0.86 0.863 0.862 0.859 0.838 0.876 -9999 -9999 -9999 -9999 -9999 -9999 -9999 -9999 -9999 -9999 -9999 -9999 -9999 -9999 -9999 -9999 -9999 -9999 -9999 -9999 -9999 -9999 -9999 -9999 -9999 -9999 -9999 -9999 -9999 -9999 -9999 -9999 -9999 -9999 -9999 -9999 -9999 -9999 -9999 -9999 -9999 -9999 -9999 -9999 -9999 -9999 -9999 0.763 0.783 0.663 0.676 0.695 0.747 0.712 0.704 0.607 0.632 0.62 0.605 0.645 0.59 0.536 0.632 0.639 0.559 0.625 0.58
0.828 0.83 0.83 0.842 0.844 0.859 0.87 0.855 0.865 -9999 -9999 -9999 -9999 -9999 -9999 -9999 -9999 -9999 -9999 -9999 -9999 -9999 -9999 -9999 -9999 -9999 -9999 -9999 -9999 -9999 -9999 -9999 -9999 -9999 -9999 -9999 -9999 -9999 -9999 -9999 -9999 -9999 -9999 -9999 -9999 -9999 -9999 -9999 -9999 -9999 -9999 -9999 -9999 -9999 -9999 -9999 -9999 0.666 0.795 0.675 0.61 0.617 0.636 0.661 0.697 0.638 0.66 0.67 0.664 0.648 0.464 0.537 0.577 0.659 0.584 0.622 0.594
0.845 0.829 0.842 0.845 0.867 0.87 0.853 0.862 -9999 -9999 -9999 -9999 -9999 -9999 -9999 -9999 -9999 -9999 -9999 -9999 -9999 -9999 -9999 -9999 -9999 -9999 -9999 -9999 -9999 -9999 -9999 -9999 -9999 -9999 -9999 -9999 -9999 -9999 -9999 -9999 -9999 -9999 -9999 -9999 -9999 -9999 -9999 -9999 -9999 -9999 -9999 -9999 -9999 -9999 -9999 -9999 0.57 0.634 0.701 0.66 0.643 0.628 0.624 0.659 0.67 0.717 0.698 0.68 0.681 0.641 0.621 0.563 0.659 0.617 0.588 0.58 0.556
0.842 0.825 0.843 0.836 0.882 0.835 0.77 0.713 -9999 -9999 -9999 -9999 -9999 -9999 -9999 -9999 -9999 -9999 -9999 -9999 -9999 -9999 -9999 -9999 -9999 -9999 -9999 -9999 -9999 -9999 -9999 -9999 -9999 -9999 -9999 -9999 -9999 -9999 -9999 -9999 -9999 -9999 -9999 -9999 -9999 -9999 -9999 -9999 -9999 -9999 -9999 -9999 -9999 -9999 -9999 -9999 -9999 0.729 0.695 0.581 0.649 0.578 0.612 0.626 0.668 0.708 0.683 0.657 0.586 0.65 0.722 0.428 0.666 0.611 0.632 0.652 0.571
0.828 0.832 0.852 0.84 0.847 0.761 0.788 -9999 -9999 -9999 -9999 -9999 -9999 -9999 -9999 -9999 -9999 -9999 -9999 -9999 -9999 -9999 -9999 -9999 -9999 -9999 -9999 -9999 -9999 -9999 -9999 -9999 -9999 -9999 -9999 -9999 -9999 -9999 -9999 -9999 -9999 -9999 -9999 -9999 -9999 -9999 -9999 -9999 -9999 -9999 -9999 -9999 -9999 -9999 -9999 -9999 -9999 0.652 0.703 0.719 0.635 0.632 0.641 0.595 0.681 0.707 0.683 0.639 0.589 0.632 0.648 0.528 0.587 0.67 0.631 0.677 0.613
