data/china_ndvi_max_2006.asc
ncols         710
nrows         510
xllcorner     70
yllcorner     10
cellsize      0.1
NODATA_value  -9999
[rows 175 to 209 of 510, columns 77 to 153 of 710]
-9999 -9999 -9999 -9999 -9999 -9999 -9999 -9999 -9999 -9999 -9999 -9999 -9999 -9999 -9999 -9999 -9999 -9999 -9999 -9999 -9999 -9999 -9999 -9999 -9999 -9999 -9999 -9999 -9999 -9999 -9999 0.414 0.388 0.272 0.266 0.296 0.225 0.338 0.442 0.438 0.426 0.419 0.338 0.399 0.344 0.282 0.27 0.255 0.231 0.218 0.182 0.259 0.244 0.315 0.342 0.363 0.366 0.409 0.441 0.461 0.463 0.433 0.426 0.455 0.481 0.47 0.44 0.467 0.375 0.355 0.337 0.122 0.122 0.109 0.181 0.132 0.125
-9999 -9999 -9999 -9999 -9999 -9999 -9999 -9999 -9999 -9999 -9999 -9999 -9999 -9999 -9999 -9999 -9999 -9999 -9999 -9999 -9999 -9999 -9999 -9999 -9999 -9999 -9999 -9999 -9999 -9999 -9999 0.279 0.364 0.368 0.438 0.416 0.421 0.45 0.46 0.449 0.424 0.353 0.352 0.372 0.341 0.359 0.353 0.324 0.265 0.313 0.302 0.345 0.39 0.415 0.424 0.434 0.429 0.455 0.413 0.433 0.426 0.447 0.463 0.448 0.468 0.486 0.48 0.467 0.416 0.424 0.35 0.286 0.218 0.118 0.135 0.166 0.119
-9999 -9999 -9999 -9999 -9999 -9999 -9999 -9999 -9999 -9999 -9999 -9999 -9999 -9999 -9999 -9999 -9999 -9999 -9999 -9999 -9999 -9999 -9999 -9999 -9999 -9999 -9999 -9999 -9999 -9999 -9999 0.462 0.449 0.449 0.404 0.414 0.405 0.401 0.33 0.345 0.309 0.328 0.349 0.302 0.306 0.311 0.322 0.312 0.398 0.415 0.441 0.446 0.473 0.444 0.419 0.43 0.407 0.344 0.307 0.268 0.26 0.286 0.321 0.371 0.369 0.34 0.375 0.422 0.347 0.316 0.321 0.33 0.236 0.21 0.191 0.181 0.164
-9999 -9999 -9999 -9999 -9999 -9999 -9999 -9999 -9999 -9999 -9999 -9999 -9999 -9999 -9999 -9999 -9999 -9999 -9999 -9999 -9999 -9999 -9999 -9999 -9999 -9999 -9999 -9999 -9999 0.37 0.425 0.452 0.422 0.375 0.337 0.367 0.383 0.386 0.413 0.396 0.365 0.326 0.254 0.392 0.39 0.405 0.429 0.435 0.44 0.45 0.466 0.47 0.456 0.445 0.346 0.364 0.418 0.355 0.188 0.153 0.086 0.028 0.051 0.192 0.16 0.229 0.314 0.349 0.304 0.235 0.169 0.257 0.248 0.162 0.177 0.159 0.178
-9999 -9999 -9999 -9999 -9999 -9999 -9999 -9999 -9999 -9999 -9999 -9999 -9999 -9999 -9999 -9999 -9999 -9999 -9999 -9999 -9999 -9999 -9999 -9999 -9999 -9999 -9999 0.342 0.423 0.426 0.422 0.393 0.361 0.382 0.37 0.382 0.387 0.364 0.356 0.349 0.345 0.348 0.308 0.401 0.431 0.421 0.408 0.396 0.452 0.373 0.377 0.305 0.27 0.25 0.282 0.198 0.193 0.206 0.137 0.15 0.189 0.265 0.306 0.321 0.282 0.286 0.271 0.317 0.306 0.263 0.238 0.199 0.266 0.226 0.203 0.148 0.174
-9999 -9999 -9999 -9999 -9999 -9999 -9999 -9999 -9999 -9999 -9999 -9999 -9999 -9999 -9999 -9999 -9999 -9999 -9999 -9999 -9999 -9999 -9999 -9999 -9999 -9999 -9999 -9999 -9999 -9999 0.332 0.337 0.385 0.357 0.378 0.403 0.432 0.434 0.435 0.48 0.456 0.397 0.491 0.451 0.297 0.315 0.209 0.089 0.217 0.265 0.192 0.342 0.386 0.295 0.261 0.292 0.332 0.302 0.252 0.25 0.284 0.353 0.344 0.322 0.312 0.273 0.289 0.361 0.335 0.31 0.29 0.202 0.073 0.239 0.194 0.184 0.143
-9999 -9999 -9999 -9999 -9999 -9999 -9999 -9999 -9999 -9999 -9999 -9999 -9999 -9999 -9999 -9999 -9999 -9999 -9999 -9999 -9999 -9999 -9999 -9999 -9999 -9999 0.316 0.335 0.337 0.351 0.365 0.35 0.327 0.394 0.411 0.406 0.408 0.435 0.398 0.377 0.312 0.297 0.444 0.301 0.238 0.152 0.176 0.117 0.304 0.398 0.361 0.288 0.312 0.24 0.186 0.234 0.31 0.312 0.27 0.282 0.281 0.29 0.273 0.37 0.367 0.325 0.339 0.354 0.347 0.342 0.317 0.259 0.171 0.149 0.262 0.257 0.249
-9999 -9999 -9999 -9999 -9999 -9999 -9999 -9999 -9999 -9999 -9999 -9999 -9999 -9999 -9999 -9999 -9999 -9999 -9999 -9999 -9999 -9999 -9999 -9999 -9999 -9999 0.337 0.313 0.362 0.371 0.386 0.403 0.388 0.39 0.406 0.311 0.196 0.284 0.187 0.207 0.196 0.227 0.336 0.311 0.304 0.352 0.364 0.372 0.277 0.169 0.162 0.054 0.155 0.028 0.039 0.073 0.14 0.172 0.324 0.359 0.326 0.315 0.339 0.352 0.342 0.327 0.367 0.394 0.361 0.368 0.34 0.279 0.218 0.108 0.123 0.089 0.067
-9999 -9999 -9999 -9999 -9999 -9999 -9999 -9999 -9999 -9999 -9999 -9999 -9999 -9999 -9999 -9999 -9999 -9999 -9999 -9999 -9999 -9999 -9999 -9999 -9999 0.4 0.402 0.363 0.416 0.456 0.354 0.353 0.254 0.228 0.379 0.204 0.212 0.235 0.21 0.07 0.099 0.064 0.177 0.357 0.352 0.413 0.376 0.313 0.149 0.063 0.067 0.067 0.084 0.056 0.198 0.227 0.268 0.28 0.304 0.324 0.342 0.353 0.338 0.394 0.398 0.374 0.366 0.375 0.372 0.353 0.358 0.352 0.361 0.224 0.119 0.053 0.004
-9999 -9999 -9999 -9999 -9999 -9999 -9999 -9999 -9999 -9999 -9999 -9999 -9999 -9999 -9999 -9999 -9999 -9999 -9999 -9999 -9999 -9999 -9999 -9999 -9999 -9999 0.307 0.323 0.187 0.288 0.344 0.248 0.17 0.311 0.288 0.335 0.289 0.384 0.185 0.166 0.261 0.208 0.314 0.363 0.311 0.243 0.26 0.088 0.124 0.157 0.168 0.18 0.124 0.142 0.093 0.168 0.171 0.032 0.249 0.291 0.176 0.126 0.181 0.286 0.32 0.352 0.335 0.335 0.329 0.346 0.354 0.343 0.325 0.192 0.181 0.055 0.131
-9999 -9999 -9999 -9999 -9999 -9999 -9999 -9999 -9999 -9999 -9999 -9999 -9999 -9999 -9999 -9999 -9999 -9999 -9999 -9999 -9999 -9999 -9999 -9999 -9999 -9999 0.147 0.247 -0.031 0.042 0.041 0.035 0.011 0.014 0.077 0.038 0.011 0.014 0.007 -0.015 -0.026 0.03 0.023 0.135 0.125 0.156 0.176 0.156 0.168 0.166 0.132 0.171 0.184 0.251 0.327 0.243 0.259 0.26 0.276 0.266 0.227 0.321 0.36 0.23 0.212 0.071 0.056 0.073 0.231 0.07 0.125 0.306 0.24 0.279 0.242 0.262 0.161
-9999 -9999 -9999 -9999 -9999 -9999 -9999 -9999 -9999 -9999 -9999 -9999 -9999 -9999 -9999 -9999 -9999 -9999 -9999 -9999 -9999 -9999 -9999 -9999 -9999 -9999 -0.013 -0.028 0.013 0.036 0.052 0.025 0.017 -0.032 0.005 0.022 0.067 0.03 0.066 0.161 0.151 0.134 0.187 0.166 0.163 0.168 0.205 0.164 0.124 0.136 0.126 0.095 0.092 0.16 0.183 0.169 0.178 0.237 0.311 0.218 0.248 0.221 0.215 0.213 0.196 0.222 0.183 0.228 0.217 0.192 0.208 0.157 0.194 0.175 0.19 0.2 0.191
-9999 -9999 -9999 -9999 -9999 -9999 -9999 -9999 -9999 -9999 -9999 -9999 -9999 -9999 -9999 -9999 -9999 -9999 -9999 -9999 -9999 -9999 -9999 -9999 -9999 -0.04 -0.042 -0.002 -0.01 0.016 0.066 0.02 -0.012 0.024 0.109 0.074 0.108 0.142 0.191 0.165 0.211 0.157 0.155 0.225 0.221 0.229 0.169 0.133 0.115 0.161 0.163 0.06 0.062 0.087 0.089 0.095 0.112 0.143 0.205 0.206 0.207 0.167 0.141 0.07 0.063 0.062 0.08 0.108 0.088 0.116 0.121 0.14 0.119 0.17 0.215 0.195 0.172
-9999 -9999 -9999 -9999 -9999 -9999 -9999 -9999 -9999 -9999 -9999 -9999 -9999 -9999 -9999 -9999 -9999 -9999 -9999 -9999 -9999 -9999 -9999 -0.035 -0.035 -0.041 -0.025 -0.036 0.029 0.054 0.096 0.093 0.084 -0.009 0.011 0.167 0.184 0.247 0.197 0.186 0.148 0.191 0.221 0.159 0.118 0.12 0.107 0.072 0.084 0.201 0.091 0.068 0.079 0.081 0.093 0.09 0.084 0.093 0.108 0.103 0.099 0.088 0.078 0.05 0.062 0.053 0.064 0.066 0.06 0.048 0.046 0.052 0.065 0.099 0.13 0.12 0.135
-9999 -9999 -9999 -9999 -9999 -9999 -9999 -9999 -9999 -9999 -9999 -9999 -9999 -9999 -9999 -9999 -9999 -9999 -9999 -9999 -9999 -9999 -0.038 -0.027 -0.04 -0.043 -0.026 -0.015 -0.016 -0.008 0.097 0.116 0.122 0.053 0.032 0.094 0.191 0.216 0.128 0.128 0.118 0.103 0.135 0.089 0.084 0.083 0.084 0.07 0.071 0.065 0.065 0.064 0.069 0.081 0.071 0.069 0.076 0.078 0.08 0.085 0.093 0.09 0.08 0.063 0.063 0.052 0.047 0.049 0.046 0.072 0.066 0.081 0.091 0.148 0.072 0.061 0.082
-9999 -9999 -9999 -9999 -9999 -9999 -9999 -9999 -9999 -9999 -9999 -9999 -9999 -9999 -9999 -9999 -9999 -9999 -9999 -9999 -9999 0.019 0.03 -0.009 -0.04 -0.023 0.1 0.157 0.03 0.169 0.195 0.156 0.268 0.265 0.224 0.228 0.239 0.153 0.072 0.095 0.1 0.068 0.069 0.17 0.097 0.051 0.053 0.053 0.052 0.054 0.056 0.062 0.06 0.059 0.052 0.049 0.052 0.062 0.048 0.062 0.06 0.079 0.068 0.124 0.277 0.309 0.086 0.064 0.132 0.2 0.187 0.085 0.112 0.086 0.071 0.064 0.058
-9999 -9999 -9999 -9999 -9999 -9999 -9999 -9999 -9999 -9999 -9999 -9999 -9999 -9999 -9999 -9999 -9999 0.08 0.109 0.141 0.16 0.167 0.06 -0.005 -0.006 0.007 0.095 0.282 0.217 0.26 0.246 0.173 0.182 0.213 0.322 0.235 0.08 0.075 0.075 0.07 0.113 0.147 0.288 0.193 0.2 0.207 0.118 0.128 0.049 0.064 0.06 0.052 0.052 0.107 0.057 0.123 0.063 0.059 0.057 0.061 0.06 0.102 0.11 0.145 0.209 0.305 0.187 0.085 0.07 0.097 0.135 0.118 0.087 0.077 0.041 0.049 0.048
-9999 -9999 -9999 -9999 -9999 -9999 -9999 -9999 -9999 -9999 -9999 -9999 -9999 -9999 -9999 0.1 0.151 0.13 0.105 0.1 0.106 0.189 0.203 0.21 0.239 0.258 0.248 0.228 0.178 0.147 0.132 0.108 0.088 0.176 0.253 0.279 0.225 0.199 0.153 0.231 0.19 0.272 0.24 0.181 0.103 0.055 0.045 0.041 0.054 0.076 0.088 0.083 0.103 0.218 0.22 0.256 0.187 0.09 0.063 0.064 0.07 0.069 0.067 0.095 0.092 0.21 0.178 0.126 0.074 0.086 0.064 0.085 0.059 0.037 0.041 0.041 0.041
-9999 -9999 -9999 -9999 -9999 -9999 -9999 -9999 -9999 -9999 -9999 -9999 -0.021 0.076 0.134 0.139 0.106 0.122 0.094 0.083 0.083 0.104 0.12 0.15 0.131 0.125 0.121 0.105 0.105 0.104 0.111 0.087 0.072 0.142 0.197 0.226 0.293 0.261 0.137 0.151 0.119 0.071 0.05 0.046 0.045 0.054 0.055 0.051 0.19 0.246 0.305 0.296 0.27 0.224 0.163 0.142 0.097 0.092 0.068 0.065 0.068 0.063 0.066 0.075 0.101 0.131 0.09 0.072 0.112 0.098 0.08 0.075 0.051 0.049 0.047 0.048 0.048
-9999 -9999 -9999 -9999 -9999 -9999 -9999 -9999 -9999 -9999 0.034 0.026 0.077 0.159 0.144 0.089 0.074 0.09 0.076 0.061 0.074 0.135 0.176 0.081 0.084 0.073 0.082 0.079 0.072 0.079 0.087 0.083 0.077 0.072 0.061 0.06 0.061 0.052 0.053 0.066 0.053 0.062 0.054 0.05 0.053 0.061 0.114 0.254 0.311 0.327 0.323 0.328 0.332 0.289 0.221 0.153 0.108 0.1 0.091 0.072 0.07 0.074 0.063 0.102 0.125 0.104 0.152 0.147 0.14 0.065 0.072 0.049 0.044 0.04 0.054 0.049 0.046
-9999 0.066 0.051 0.121 0.102 0.082 -9999 0.06 0.098 0.1 0.088 0.118 0.142 0.065 0.065 0.056 0.221 0.174 0.088 0.049 0.05 0.162 0.071 0.191 0.272 0.101 0.096 0.084 0.053 0.107 0.09 0.305 0.162 0.059 0.056 0.06 0.043 0.05 0.062 0.063 0.059 0.056 0.071 0.046 0.039 0.103 0.243 0.209 0.225 0.31 0.298 0.227 0.224 0.289 0.162 0.116 0.183 0.221 0.105 0.081 0.098 0.125 0.15 0.066 0.07 0.089 0.122 0.107 0.039 0.042 0.057 0.104 0.065 0.108 0.087 0.065 0.07
0.014 0.042 0.033 0.108 0.095 0.093 0.083 0.041 0.108 0.1 0.117 0.131 0.121 0.073 0.164 0.167 0.269 0.307 0.226 0.211 0.126 0.178 0.257 0.25 0.328 0.278 0.306 0.274 0.265 0.275 0.159 0.256 0.146 0.061 0.051 0.056 0.054 0.063 0.06 0.06 0.062 0.078 0.05 0.047 0.046 0.038 0.078 0.203 0.219 0.253 0.291 0.256 0.218 0.164 0.223 0.266 0.163 0.207 0.166 0.144 0.109 0.126 0.158 0.082 0.108 0.127 0.122 0.13 0.073 0.078 0.09 0.09 0.116 0.09 0.083 0.09 0.093
0.105 0.109 0.102 0.078 0.086 0.104 0.077 0.111 0.155 0.129 0.086 0.079 0.075 0.216 0.299 0.265 0.25 0.272 0.145 0.196 0.254 0.297 0.336 0.229 0.272 0.342 0.251 0.234 0.294 0.252 0.122 0.165 0.144 0.094 0.093 0.075 0.071 0.069 0.068 0.065 0.053 0.067 0.041 0.036 0.039 0.047 0.061 0.067 0.098 0.172 0.251 0.276 0.275 0.174 0.115 0.14 0.18 0.143 0.182 0.202 0.174 0.2 0.208 0.164 0.177 0.186 0.184 0.19 0.144 0.147 0.141 0.131 0.129 0.131 0.139 0.103 0.09
0.056 0.07 0.058 0.061 0.089 0.073 0.127 0.12 0.105 0.093 0.074 0.071 0.079 0.168 0.178 0.11 0.103 0.105 0.077 0.082 0.081 0.185 0.247 0.057 0.067 0.204 0.225 0.083 0.282 0.261 0.133 0.121 0.128 0.088 0.093 0.095 0.081 0.08 0.071 0.056 0.054 0.047 0.045 0.043 0.073 0.065 0.072 0.092 0.083 0.115 0.163 0.293 0.26 0.195 0.177 0.14 0.152 0.161 0.229 0.159 0.196 0.207 0.156 0.155 0.184 0.202 0.099 0.09 0.11 0.106 0.088 0.087 0.095 0.14 0.105 0.085 0.072
0.013 0.029 0.035 0.027 0.076 0.111 0.147 0.172 0.094 0.076 0.136 0.09 0.108 0.121 0.149 0.135 0.143 0.128 0.091 0.094 0.081 0.08 0.078 0.06 0.129 0.262 0.281 0.157 0.269 0.24 0.106 0.087 0.106 0.085 0.086 0.082 0.078 0.08 0.064 0.09 0.075 0.063 0.079 0.038 0.043 0.067 0.099 0.092 0.104 0.184 0.178 0.238 0.281 0.195 0.183 0.225 0.244 0.204 0.173 0.126 0.158 0.141 0.128 0.107 0.128 0.123 0.074 0.078 0.065 0.065 0.068 0.064 0.068 0.083 0.121 0.131 0.124
0.147 0.119 0.105 0.118 0.109 0.135 0.128 0.133 0.147 0.149 0.167 0.181 0.143 0.127 0.131 0.153 0.147 0.122 0.1 0.096 0.097 0.092 0.081 0.283 0.268 0.329 0.335 0.357 0.214 0.153 0.078 0.072 0.068 0.071 0.063 0.061 0.059 0.059 0.105 0.053 0.069 0.058 0.067 0.112 0.092 0.13 0.167 0.168 0.128 0.177 0.132 0.189 0.206 0.183 0.137 0.142 0.132 0.096 0.056 0.061 0.082 0.096 0.12 0.061 0.057 0.05 0.049 0.049 0.051 0.053 0.055 0.052 0.05 0.049 0.055 0.056 0.064
0.13 0.125 0.12 0.19 0.175 0.155 0.184 0.208 0.229 0.215 0.202 0.172 0.149 0.12 0.118 0.115 0.117 0.114 0.103 0.106 0.089 0.084 0.077 0.189 0.176 0.316 0.313 0.303 0.239 0.113 0.169 0.089 0.075 0.071 0.065 0.059 0.072 0.06 0.156 0.115 0.089 0.083 0.099 0.084 0.085 0.101 0.121 0.083 0.057 0.057 0.053 0.063 0.084 0.066 0.048 0.058 0.052 0.047 0.043 0.045 0.046 0.048 0.052 0.046 0.045 0.045 0.051 0.054 0.051 0.055 0.049 0.049 0.049 0.051 0.053 0.053 0.055
0.13 0.151 0.162 0.172 0.189 0.174 0.177 0.144 0.185 0.148 0.115 0.104 0.092 0.106 0.093 0.095 0.092 0.092 0.094 0.096 0.09 0.121 0.256 0.162 0.106 0.297 0.324 0.32 0.281 0.269 0.171 0.058 0.105 0.169 0.153 0.15 0.128 0.152 0.26 0.257 0.257 0.269 0.127 0.08 0.071 0.063 0.061 0.056 0.048 0.047 0.048 0.052 0.053 0.045 0.043 0.044 0.045 0.043 0.042 0.047 0.043 0.044 0.043 0.046 0.046 0.046 0.051 0.048 0.049 0.051 0.05 0.052 0.053 0.052 0.05 0.051 0.052
0.117 0.128 0.151 0.162 0.157 0.151 0.107 0.097 0.1 0.102 0.091 0.094 0.104 0.096 0.091 0.101 0.098 0.094 0.083 0.081 0.125 0.302 0.374 0.146 0.079 0.254 0.291 0.317 0.242 0.288 0.274 0.259 0.199 0.128 0.133 0.124 0.314 0.274 0.348 0.313 0.311 0.17 0.096 0.058 0.051 0.045 0.043 0.041 0.039 0.035 0.035 0.038 0.039 0.044 0.041 0.039 0.042 0.04 0.04 0.04 0.043 0.045 0.044 0.044 0.045 0.048 0.05 0.048 0.046 0.049 0.048 0.047 0.048 0.051 0.05 0.051 0.052
0.089 0.1 0.134 0.103 0.096 0.095 0.083 0.075 0.098 0.1 0.102 0.1 0.099 0.136 0.095 0.091 0.094 0.115 0.096 0.08 0.161 0.269 0.36 0.047 0.057 0.136 0.234 0.327 0.258 0.205 0.239 0.311 0.288 0.255 0.271 0.245 0.268 0.277 0.217 0.096 0.079 0.08 0.069 0.041 0.038 0.037 0.036 0.036 0.037 0.037 0.037 0.039 0.04 0.043 0.045 0.043 0.044 0.042 0.044 0.043 0.042 0.043 0.045 0.046 0.047 0.046 0.047 0.048 0.049 0.048 0.049 0.051 0.052 0.051 0.05 0.05 0.05
0.102 0.091 0.087 0.092 0.093 0.097 0.107 0.105 0.099 0.091 0.089 0.084 0.093 0.093 0.08 0.079 0.085 0.094 0.12 0.113 0.066 0.079 0.082 0.294 0.36 0.239 0.232 0.279 0.131 0.089 0.078 0.203 0.109 0.047 0.052 0.053 0.04 0.033 0.033 0.035 0.033 0.035 0.036 0.035 0.034 0.037 0.039 0.039 0.039 0.042 0.041 0.041 0.041 0.04 0.041 0.042 0.041 0.044 0.044 0.044 0.045 0.047 0.049 0.048 0.049 0.049 0.049 0.049 0.049 0.049 0.052 0.052 0.05 0.051 0.051 0.052 0.054
0.11 0.111 0.115 0.113 0.108 0.105 0.108 0.13 0.098 0.095 0.092 0.08 0.078 0.076 0.076 0.082 0.087 0.083 0.073 0.086 0.081 0.064 0.068 0.105 0.084 0.07 0.085 0.155 0.106 0.095 0.097 0.113 0.077 0.046 0.031 0.032 0.033 0.034 0.034 0.034 0.034 0.036 0.037 0.038 0.04 0.04 0.04 0.04 0.042 0.044 0.043 0.043 0.043 0.042 0.042 0.043 0.045 0.046 0.048 0.048 0.048 0.049 0.049 0.051 0.052 0.051 0.052 0.053 0.052 0.051 0.051 0.052 0.053 0.054 0.055 0.055 0.056
0.116 0.114 0.106 0.1 0.101 0.097 0.096 0.102 0.099 0.096 0.091 0.087 0.081 0.063 0.062 0.069 0.068 0.06 0.074 0.058 0.058 0.069 0.063 0.066 0.065 0.075 0.086 0.067 0.054 0.051 0.06 0.083 0.048 0.035 0.03 0.031 0.035 0.035 0.034 0.035 0.038 0.038 0.038 0.042 0.042 0.041 0.041 0.044 0.044 0.044 0.045 0.045 0.045 0.045 0.046 0.046 0.046 0.046 0.046 0.049 0.048 0.05 0.051 0.053 0.052 0.053 0.054 0.054 0.055 0.055 0.056 0.057 0.057 0.057 0.057 0.057 0.058
0.106 0.096 0.084 0.099 0.102 0.102 0.113 0.112 0.097 0.102 0.092 0.072 0.069 0.056 0.065 0.063 0.059 0.065 0.075 0.057 0.068 0.07 0.072 0.08 0.09 0.068 0.052 0.051 0.048 0.051 0.062 0.072 0.053 0.034 0.032 0.032 0.035 0.037 0.038 0.038 0.039 0.04 0.041 0.042 0.042 0.042 0.043 0.045 0.045 0.046 0.047 0.046 0.047 0.048 0.049 0.048 0.048 0.047 0.049 0.049 0.05 0.053 0.051 0.052 0.053 0.053 0.054 0.053 0.057 0.059 0.059 0.059 0.059 0.059 0.059 0.059 0.06
0.107 0.094 0.09 0.095 0.104 0.098 0.103 0.105 0.094 0.074 0.07 0.066 0.073 0.094 0.091 0.125 0.133 0.198 0.119 0.079 0.07 0.066 0.076 0.067 0.054 0.05 0.042 0.045 0.041 0.035 0.04 0.061 0.06 0.034 0.034 0.034 0.036 0.037 0.039 0.04 0.04 0.041 0.043 0.044 0.044 0.045 0.045 0.046 0.047 0.047 0.047 0.048 0.05 0.05 0.05 0.05 0.05 0.051 0.051 0.052 0.054 0.054 0.055 0.057 0.056 0.059 0.058 0.056 0.059 0.061 0.061 0.061 0.061 0.062 0.061 0.061 0.061
