data/china_ndvi_max_1997.asc
ncols         710
nrows         510
xllcorner     70
yllcorner     10
cellsize      0.1
NODATA_value  -9999
[rows 306 to 339 of 510, columns 385 to 461 of 710]
0.671 0.656 0.582 0.63 0.635 0.648 0.655 0.686 0.689 0.702 0.601 0.632 0.661 0.656 0.666 0.675 0.675 0.658 0.693 0.686 0.684 0.701 0.695 0.691 0.69 0.656 0.622 0.643 0.632 0.633 0.483 0.489 0.54 0.5 0.503 0.458 0.459 0.382 0.378 0.497 0.531 0.54 0.533 0.566 0.556 0.544 0.532 0.384 0.464 0.525 0.505 0.525 0.549 0.515 0.469 0.403 0.381 0.48 0.456 0.47 -0.3 0.451 0.439 0.467 0.505 0.37 0.499 0.554 0.561 0.51 0.541 0.555 0.569 0.617 0.694 0.639 0.623
0.686 0.685 0.694 0.672 0.7 0.661 0.704 0.712 0.695 0.674 0.639 0.641 0.697 0.702 0.698 0.683 0.683 0.688 0.702 0.711 0.71 0.72 0.69 0.656 0.68 0.649 0.649 0.642 0.638 0.607 0.604 0.577 0.553 0.482 0.521 0.534 0.503 0.448 0.49 0.54 0.493 0.531 0.544 0.575 0.555 0.537 0.542 0.513 0.536 0.532 0.484 0.513 0.522 0.538 0.391 0.426 0.54 -0.3 0.486 0.513 -0.3 0.398 0.503 0.472 0.477 0.459 0.502 0.433 0.508 0.54 0.605 0.578 0.627 0.706 0.642 0.573 0.535
0.681 0.668 0.709 0.7 0.694 0.691 0.714 0.712 0.714 0.636 0.641 0.643 0.69 0.712 0.711 0.703 0.745 0.714 0.674 0.708 0.73 0.74 0.723 0.737 0.709 0.69 0.68 0.633 0.641 0.63 0.597 0.566 0.56 0.498 0.495 0.475 0.476 0.437 0.576 0.566 0.593 0.569 0.555 0.572 0.549 0.557 0.563 0.568 0.569 0.568 0.569 0.553 0.554 0.52 0.542 0.477 0.548 0.476 0.51 0.469 0.479 0.476 0.56 0.479 0.462 0.44 0.498 0.495 0.451 0.416 0.521 0.561 0.629 0.592 0.527 0.58 0.591
0.697 0.657 0.656 0.67 0.693 0.684 0.705 0.697 0.68 0.676 0.649 0.658 0.689 0.72 0.71 0.743 0.708 0.719 0.715 0.712 0.749 0.721 0.702 0.71 0.702 0.673 0.664 0.675 0.64 0.641 0.594 0.573 0.578 0.565 0.538 0.497 0.477 0.481 0.493 0.497 0.557 0.571 0.544 0.519 0.544 0.495 0.514 0.533 0.533 0.533 0.502 0.447 0.438 0.431 0.46 0.448 0.501 -0.3 0.477 0.537 0.516 0.53 0.568 0.502 0.538 0.512 0.527 0.508 0.4 0.5 0.557 0.565 0.575 0.52 0.517 0.512 0.503
0.649 0.643 0.615 0.626 0.647 0.688 0.66 0.688 0.673 0.669 0.718 0.709 0.735 0.747 0.754 0.703 0.729 0.726 0.718 0.741 0.66 0.697 0.713 0.657 0.633 0.623 0.633 0.616 0.578 0.615 0.599 0.591 0.582 0.559 0.549 0.518 0.514 0.509 0.505 0.477 0.539 0.521 0.56 0.504 0.526 0.463 0.462 0.45 -0.3 -0.3 0.452 0.448 0.527 0.499 0.514 0.559 0.535 0.53 0.498 0.554 0.644 0.631 0.596 0.606 0.645 0.522 0.514 0.498 0.477 0.445 0.554 0.547 0.438 0.571 0.548 0.505 0.536
0.607 0.614 0.639 0.657 0.669 0.673 0.643 0.697 0.684 0.687 0.711 0.726 0.725 0.754 0.766 0.75 0.729 0.734 0.724 0.711 0.72 0.711 0.673 0.643 0.562 0.63 0.596 0.643 0.607 0.595 0.535 0.551 0.58 0.557 0.503 0.548 0.528 0.526 0.501 0.46 0.486 0.51 0.524 0.542 0.479 0.526 0.51 0.399 -0.3 0.458 0.456 0.531 0.535 0.558 0.583 0.62 0.585 0.641 0.584 0.577 0.665 0.727 0.651 0.574 0.609 0.541 0.53 0.522 0.567 0.562 0.532 0.421 0.484 0.426 0.489 0.491 0.537
0.597 0.613 0.681 0.67 0.675 0.679 0.657 0.679 0.705 0.651 0.649 0.687 0.737 0.748 0.729 0.725 0.708 0.682 0.709 0.714 0.708 0.681 0.659 0.662 0.656 0.608 0.656 0.648 0.601 0.578 0.543 0.562 0.561 0.513 0.399 0.57 0.554 0.516 0.539 0.512 0.539 0.469 0.513 0.502 0.558 0.511 0.519 0.456 0.458 0.389 0.462 0.554 0.59 0.583 0.461 0.653 0.697 0.703 0.675 0.633 0.695 0.617 0.573 0.595 0.577 0.617 0.641 0.605 0.611 0.633 0.669 0.62 0.54 0.505 0.306 0.467 0.443
0.579 0.624 0.638 0.678 0.638 0.67 0.682 0.693 0.657 0.593 0.628 0.678 0.719 0.72 0.7 0.621 0.638 0.705 0.687 0.688 0.679 0.689 0.699 0.663 0.638 0.651 0.644 0.609 0.584 0.608 0.502 0.539 0.504 0.505 0.426 0.538 0.552 0.593 0.571 0.533 0.511 0.561 0.596 0.545 0.586 0.521 0.523 0.506 0.379 0.573 0.521 0.593 0.561 0.619 0.726 0.643 0.695 0.673 0.601 0.626 0.567 0.612 0.651 0.635 0.604 0.58 0.593 0.646 0.637 0.666 0.591 0.591 0.603 0.558 0.495 0.644 0.417
0.617 0.639 0.689 0.596 0.647 0.715 0.703 0.648 0.614 0.587 0.612 0.673 0.697 0.682 0.647 0.645 0.619 0.657 0.627 0.627 0.681 0.654 0.652 0.615 0.586 0.576 0.629 0.625 0.586 0.522 0.583 0.534 0.545 0.548 0.533 0.525 0.562 0.554 0.539 0.558 0.523 0.517 0.533 0.479 0.534 0.439 0.522 0.452 0.48 0.576 0.672 0.72 0.688 0.736 0.689 0.535 0.551 0.652 0.666 0.601 0.67 0.602 0.641 0.655 0.591 0.633 0.639 0.643 0.665 0.683 0.64 0.659 0.711 0.642 0.578 0.577 0.238
0.657 0.64 0.657 0.62 0.682 0.726 0.645 0.646 0.636 0.586 0.657 0.645 0.684 0.698 0.674 0.628 0.6 0.672 0.631 0.609 0.672 0.661 0.714 0.699 0.618 0.568 0.585 0.574 0.605 0.592 0.624 0.605 0.577 0.603 0.575 0.562 0.544 0.499 0.55 0.501 0.547 0.476 0.534 0.629 0.697 0.438 0.264 0.529 0.63 0.661 0.624 0.725 0.719 0.619 0.537 0.645 0.681 0.646 0.73 0.74 0.758 0.762 0.746 0.782 0.762 0.749 0.729 0.664 0.628 0.661 0.676 0.652 0.61 0.642 0.585 0.239 0.443
0.632 0.651 0.628 0.637 0.69 0.677 0.665 0.648 0.674 0.648 0.652 0.658 0.662 0.669 0.646 0.627 0.66 0.664 0.609 0.631 0.678 0.645 0.612 0.609 0.638 0.659 0.635 0.652 0.574 0.547 0.61 0.587 0.592 0.627 0.594 0.563 0.585 0.549 0.541 0.583 0.549 0.567 0.604 0.604 0.497 0.316 0.477 0.572 0.556 0.53 0.651 0.593 0.54 0.521 0.549 0.697 0.724 0.705 0.662 0.713 0.766 0.745 0.657 0.714 0.728 0.684 0.589 0.522 0.602 0.612 0.661 0.672 0.605 0.504 0.509 0.167 0.27
0.624 0.647 0.655 0.673 0.708 0.667 0.629 0.605 0.65 0.642 0.7 0.684 0.638 0.654 0.635 0.621 0.642 0.65 0.615 0.582 0.596 0.6 0.576 0.668 0.682 0.616 0.633 0.624 0.586 0.547 0.581 0.547 0.635 0.588 0.54 0.542 0.544 0.562 0.586 0.535 0.521 0.565 0.587 0.558 0.579 0.465 0.528 0.58 0.563 0.567 0.56 0.609 0.597 0.572 0.621 0.638 0.71 0.721 0.729 0.675 0.705 0.622 0.638 0.585 0.658 0.617 0.625 0.698 0.709 0.697 0.625 0.513 0.542 0.497 0.496 0.317 0.117
0.65 0.653 0.649 0.655 0.704 0.636 0.573 0.614 0.604 0.68 0.686 0.671 0.663 0.662 0.618 0.64 0.66 0.645 0.623 0.582 0.549 0.649 0.703 0.65 0.686 0.678 0.654 0.643 0.6 0.584 0.633 0.557 0.606 0.556 0.576 0.567 0.531 0.496 0.581 0.589 0.526 0.515 0.622 0.703 0.727 0.474 0.471 0.548 0.541 0.537 0.55 0.62 0.61 0.631 0.629 0.596 0.754 0.723 0.687 0.635 0.617 0.562 0.655 0.71 0.671 0.777 0.754 0.728 0.734 0.702 0.742 0.72 0.543 0.539 0.531 0.401 0.209
0.653 0.654 0.632 0.669 0.682 0.624 0.614 0.63 0.661 0.692 0.655 0.691 0.62 0.611 0.609 0.642 0.627 0.653 0.624 0.633 0.675 0.686 0.655 0.648 0.682 0.7 0.69 0.622 0.637 0.621 0.564 0.48 0.417 0.487 0.47 0.555 0.526 0.521 0.503 0.541 0.534 0.545 0.585 0.612 0.688 0.502 0.536 0.566 0.567 0.575 0.711 0.717 0.631 0.621 0.73 0.569 0.552 0.596 0.597 0.585 0.614 0.653 0.702 0.684 0.663 0.748 0.742 0.762 0.739 0.724 0.723 0.616 0.601 0.514 0.591 0.46 0.456
0.683 0.64 0.636 0.632 0.632 0.619 0.62 0.657 0.66 0.647 0.703 0.617 0.633 0.648 0.609 0.627 0.689 0.681 0.741 0.735 0.732 0.71 0.692 0.691 0.661 0.703 0.648 0.697 0.586 0.591 0.601 0.606 0.616 0.553 0.556 0.568 0.553 -0.3 -0.3 0.38 -0.3 -0.3 0.568 0.507 0.332 0.505 0.555 0.59 0.58 0.728 0.72 0.657 0.625 0.653 0.679 0.551 0.73 0.697 0.747 0.738 0.691 0.701 0.665 0.649 0.712 0.823 0.804 0.831 0.675 0.583 0.565 0.478 0.56 0.585 0.52 0.498 0.516
0.603 0.619 0.663 0.668 0.714 0.606 0.639 0.637 0.598 0.639 0.659 0.616 0.655 0.62 0.647 0.674 0.706 0.747 0.751 0.722 0.723 0.663 0.676 0.687 0.69 0.664 0.659 0.645 0.674 0.559 0.616 0.604 0.613 0.587 0.542 0.562 0.572 0.528 0.464 0.483 0.44 0.451 0.387 0.359 0.378 0.499 0.508 0.573 0.602 0.714 0.676 0.662 0.67 0.724 0.759 0.602 0.724 0.776 0.747 0.716 0.696 0.625 0.703 0.741 0.78 0.809 0.816 0.731 0.632 0.56 0.446 0.495 0.668 0.656 0.454 0.499 0.469
0.633 0.61 0.646 0.696 0.718 0.624 0.637 0.61 0.666 0.712 0.609 0.596 0.589 0.604 0.644 0.717 0.737 0.736 0.711 0.72 0.699 0.693 0.686 0.668 0.702 0.709 0.687 0.688 0.641 0.636 0.614 0.615 0.624 0.634 0.6 0.633 0.604 0.585 0.538 0.498 0.505 0.55 0.508 0.538 0.455 0.541 0.594 0.598 0.659 0.716 0.637 0.589 0.663 0.723 0.645 0.721 0.738 0.738 0.722 0.73 0.675 0.617 0.676 0.727 0.743 0.664 0.672 0.643 0.601 0.502 0.473 0.628 0.602 0.378 0.22 0.449 0.566
0.596 0.622 0.64 0.69 0.66 0.546 0.599 0.633 0.642 0.587 0.573 0.629 0.605 0.653 0.684 0.741 0.717 0.687 0.667 0.647 0.663 0.693 0.65 0.733 0.718 0.699 0.596 0.661 0.675 0.692 0.698 0.675 0.66 0.664 0.686 0.655 0.616 0.586 0.491 0.453 0.511 0.532 0.512 0.477 0.516 0.596 0.6 0.58 0.602 0.738 0.672 0.568 0.555 0.635 0.669 0.739 0.792 0.728 0.789 0.789 0.69 0.757 0.702 0.72 0.692 0.705 0.689 0.712 0.622 0.552 0.52 0.572 0.482 0.36 0.347 0.523 0.528
0.601 0.645 0.701 0.686 0.607 0.562 0.609 0.604 0.564 0.525 0.598 0.63 0.663 0.697 0.714 0.702 0.682 0.682 0.654 0.653 0.716 0.688 0.692 0.715 0.689 0.701 0.738 0.713 0.719 0.728 0.671 0.661 0.646 0.633 0.64 0.603 0.531 0.583 0.499 0.457 0.505 0.496 0.544 0.51 0.577 0.629 0.582 0.589 0.608 0.599 0.672 0.622 0.6 0.688 0.756 0.789 0.798 0.796 0.707 0.64 0.742 0.723 0.674 0.671 0.669 0.653 0.63 0.633 0.564 0.547 0.53 0.544 0.467 0.402 0.348 0.506 0.523
0.608 0.582 0.605 0.638 0.601 0.548 0.603 0.556 0.59 0.663 0.619 0.67 0.685 0.623 0.678 0.657 0.662 0.677 0.643 0.623 0.698 0.732 0.707 0.739 0.718 0.683 0.706 0.626 0.615 0.583 0.646 0.716 0.672 0.606 0.702 0.709 0.601 0.556 0.613 0.635 0.57 0.556 0.566 0.438 0.5 0.565 0.57 0.647 0.652 0.592 0.602 0.723 0.813 0.63 0.562 0.734 0.776 0.723 0.756 0.747 0.818 0.721 0.675 0.558 0.554 0.578 0.569 0.546 0.511 0.532 0.561 0.542 0.416 0.366 0.479 0.436 0.45
0.595 0.597 0.619 0.66 0.689 0.589 0.59 0.568 0.615 0.587 0.645 0.687 0.617 0.662 0.69 0.663 0.668 0.617 0.615 0.644 0.704 0.709 0.737 0.705 0.683 0.68 0.654 0.662 0.684 0.705 0.7 0.696 0.668 0.73 0.624 0.678 0.648 0.591 0.578 0.58 0.529 0.564 0.603 0.566 0.495 0.521 0.564 0.535 0.58 0.543 0.652 0.733 0.645 0.587 0.616 0.699 0.658 0.702 0.68 0.672 0.664 0.676 0.58 0.558 0.547 0.558 0.538 0.561 0.549 0.581 0.519 0.503 0.466 0.412 0.409 0.477 0.446
0.594 0.625 0.675 0.696 0.673 0.605 0.61 0.543 0.627 0.627 0.648 0.665 0.617 0.675 0.677 0.672 0.648 0.569 0.639 0.704 0.731 0.755 0.689 0.644 0.683 0.651 0.705 0.694 0.717 0.723 0.67 0.631 0.69 0.739 0.651 0.653 0.621 0.588 0.576 0.571 0.585 0.619 0.614 0.598 0.524 0.326 0.432 0.518 0.534 0.56 0.662 0.562 0.657 0.663 0.715 0.695 0.674 0.667 0.652 0.669 0.56 0.566 0.601 0.556 0.566 0.549 0.533 0.531 0.562 0.525 0.526 0.467 0.421 0.453 0.544 0.58 0.525
0.587 0.612 0.633 0.617 0.625 0.573 0.552 0.566 0.647 0.57 0.657 0.587 0.61 0.606 0.597 0.633 0.61 0.554 0.715 0.724 0.709 0.699 0.605 0.621 0.66 0.674 0.719 0.707 0.686 0.659 0.596 0.619 0.642 0.727 0.716 0.611 0.584 0.602 0.598 0.616 0.587 0.625 0.596 0.604 0.555 0.437 0.536 0.561 0.563 0.619 0.607 0.584 0.664 0.725 0.718 0.613 0.638 0.591 0.612 0.612 0.532 0.593 0.646 0.604 0.613 0.563 0.543 0.556 0.53 0.49 0.469 0.499 0.521 0.498 0.571 0.612 0.621
0.61 0.666 0.652 0.689 0.752 0.58 0.608 0.617 0.602 0.595 0.585 0.642 0.624 0.665 0.613 0.579 0.505 0.571 0.674 0.728 0.62 0.546 0.503 0.61 0.66 0.639 0.584 0.577 0.577 0.605 0.571 0.595 0.624 0.672 0.742 0.613 0.589 0.554 0.599 0.599 0.605 0.566 0.578 0.578 0.592 0.556 0.571 0.601 0.592 0.62 0.607 0.643 0.608 0.679 0.657 0.599 0.564 0.583 0.617 0.602 0.624 0.625 0.566 0.597 0.618 0.504 0.527 0.564 0.525 0.488 0.502 0.572 0.533 0.573 0.601 0.595 0.634
0.733 0.758 0.814 0.74 0.633 0.606 0.619 0.603 0.565 0.596 0.641 0.624 0.603 0.545 0.545 0.558 0.541 0.556 0.61 0.498 0.564 0.518 0.645 0.697 0.694 0.685 0.701 0.557 0.58 0.583 0.603 0.576 0.64 0.616 0.497 0.614 0.679 0.648 0.615 0.618 0.583 0.589 0.57 0.532 0.442 0.452 0.377 0.533 0.666 0.721 0.729 0.683 0.554 0.518 0.643 0.624 0.62 0.582 0.553 0.491 0.622 0.617 0.595 0.539 0.548 0.53 0.543 0.518 0.487 0.479 0.652 0.687 0.666 0.588 0.676 0.538 0.533
0.678 0.763 0.755 0.682 0.661 0.577 0.58 0.615 0.573 0.622 0.682 0.657 0.612 0.606 0.627 0.609 0.61 0.604 0.636 0.557 0.614 0.597 0.644 0.696 0.661 0.693 0.678 0.542 0.548 0.58 0.631 0.603 0.586 0.542 0.535 0.532 0.543 0.608 0.628 0.602 0.574 0.583 0.582 0.587 0.528 0.507 0.385 0.527 0.62 0.615 0.724 0.615 0.584 0.651 0.645 0.576 0.61 0.608 0.573 0.456 0.556 0.503 0.49 0.6 0.577 0.565 0.542 0.547 0.566 0.485 0.639 0.689 0.652 0.563 0.645 0.574 0.55
0.692 0.691 0.681 0.649 0.62 0.587 0.607 0.548 0.69 0.701 0.629 0.59 0.611 0.705 0.687 0.608 0.622 0.635 0.649 0.591 0.643 0.64 0.64 0.671 0.679 0.649 0.69 0.564 0.519 0.561 0.622 0.59 0.584 0.581 0.563 0.533 0.549 0.539 0.635 0.546 0.583 0.621 0.598 0.601 0.615 0.579 0.496 0.598 0.633 0.602 0.571 0.568 0.629 0.565 0.522 0.592 0.552 0.616 0.638 0.649 0.699 0.735 0.627 0.58 0.596 0.67 0.641 0.641 0.54 0.475 0.586 0.556 0.655 0.59 0.543 0.633 0.588
0.678 0.643 0.65 0.663 0.631 0.593 0.622 0.667 0.703 0.67 0.642 0.7 0.715 0.747 0.723 0.573 0.566 0.692 0.603 0.674 0.669 0.659 0.669 0.697 0.709 0.66 0.678 0.691 0.573 0.615 0.579 0.609 0.608 0.553 0.579 0.584 0.568 0.569 0.595 0.555 0.599 0.597 0.577 0.61 0.625 0.618 0.499 0.585 0.609 0.619 0.571 0.557 0.52 0.544 0.442 0.569 0.639 0.674 0.723 0.694 0.747 0.7 0.684 0.667 0.643 0.607 0.609 0.538 0.566 0.651 0.619 0.62 0.618 0.52 0.541 0.708 0.663
0.7 0.696 0.656 0.642 0.636 0.592 0.602 0.647 0.671 0.682 0.703 0.738 0.718 0.651 0.666 0.592 0.67 0.685 0.646 0.657 0.673 0.617 0.61 0.665 0.642 0.672 0.639 0.668 0.596 0.622 0.629 0.585 0.607 0.617 0.555 0.567 0.578 0.581 0.613 0.611 0.595 0.624 0.574 0.643 0.607 0.582 0.583 0.601 0.638 0.639 0.578 0.582 0.61 0.609 0.592 0.637 0.667 0.74 0.805 0.746 0.732 0.619 0.664 0.666 0.696 0.586 0.614 0.62 0.582 0.543 0.677 0.684 0.583 0.573 0.651 0.693 0.744
0.682 0.697 0.596 0.677 0.564 0.579 0.582 0.573 0.64 0.674 0.648 0.61 0.631 0.675 0.693 0.681 0.643 0.597 0.664 0.661 0.674 0.67 0.694 0.728 0.684 0.692 0.604 0.621 0.669 0.645 0.567 0.535 0.591 0.567 0.549 0.542 0.564 0.655 0.677 0.617 0.577 0.619 0.603 0.627 0.634 0.598 0.631 0.629 0.648 0.636 0.596 0.649 0.719 0.726 0.695 0.786 0.696 0.708 0.614 0.575 0.607 0.518 0.576 0.568 0.515 0.517 0.545 0.633 0.68 0.611 0.49 0.582 0.635 0.589 0.554 0.717 0.712
0.686 0.675 0.647 0.61 0.544 0.582 0.637 0.657 0.699 0.709 0.649 0.648 0.65 0.644 0.607 0.651 0.565 0.616 0.657 0.72 0.754 0.774 0.725 0.656 0.705 0.64 0.624 0.593 0.547 0.535 0.563 0.542 0.526 0.53 0.529 0.572 0.575 0.673 0.696 0.618 0.636 0.617 0.704 0.604 0.561 0.621 0.653 0.7 0.578 0.608 0.601 0.645 0.712 0.69 0.71 0.64 0.664 0.66 0.706 0.739 0.666 0.55 0.605 0.569 0.508 0.498 0.437 0.704 0.685 0.523 0.516 0.607 0.606 0.625 0.562 0.665 0.679
0.671 0.67 0.647 0.523 0.584 0.661 0.665 0.699 0.706 0.702 0.656 0.642 0.605 0.593 0.659 0.611 0.633 0.665 0.71 0.696 0.734 0.679 0.598 0.59 0.588 0.616 0.588 0.574 0.562 0.515 0.531 0.548 0.536 0.584 0.563 0.58 0.594 0.61 0.634 0.546 0.611 0.739 0.671 0.564 0.52 0.628 0.609 0.602 0.672 0.624 0.618 0.676 0.693 0.713 0.655 0.648 0.74 0.762 0.683 0.641 0.622 0.59 0.555 0.551 0.512 0.44 0.417 0.621 0.607 0.641 0.664 0.662 0.589 0.633 0.672 0.712 0.648
0.656 0.681 0.592 0.534 0.644 0.697 0.685 0.686 0.685 0.694 0.641 0.58 0.603 0.698 0.713 0.634 0.645 0.705 0.748 0.688 0.698 0.589 0.573 0.602 0.6 0.518 0.595 0.572 0.601 0.588 0.564 0.54 0.547 0.539 0.565 0.634 0.626 0.591 0.57 0.504 0.683 0.733 0.645 0.514 0.524 0.617 0.579 0.621 0.547 0.593 0.695 0.707 0.742 0.786 0.731 0.767 0.692 0.571 0.53 0.486 0.638 0.668 0.678 0.53 0.502 0.465 0.593 0.692 0.621 0.626 0.639 0.484 0.574 0.738 0.692 0.736 0.708
0.626 0.638 0.636 0.668 0.682 0.693 0.689 0.683 0.656 0.678 0.653 0.661 0.684 0.713 0.731 0.664 0.686 0.713 0.724 0.704 0.604 0.558 0.572 0.573 0.579 0.558 0.576 0.583 0.602 0.56 0.556 0.538 0.56 0.637 0.602 0.712 0.707 0.613 0.563 0.55 0.623 0.618 0.593 0.518 0.496 0.672 0.659 0.633 0.571 0.561 0.703 0.763 0.735 0.774 0.674 0.582 0.515 0.506 0.493 0.566 0.739 0.647 0.562 0.578 0.476 0.553 0.572 0.64 0.686 0.667 0.678 0.614 0.578 0.687 0.714 0.713 0.665
