data/china_ndvi_max_1990.asc
ncols         710
nrows         510
xllcorner     70
yllcorner     10
cellsize      0.1
NODATA_value  -9999
[rows 306 to 339 of 510, columns 462 to 538 of 710]
0.542 0.545 0.517 0.529 0.47 0.509 0.432 0.551 0.519 0.644 0.68 0.735 0.738 0.778 0.735 0.751 0.751 0.761 0.706 0.626 0.643 0.741 0.703 0.61 0.675 0.753 0.748 0.689 0.705 0.729 0.728 0.708 0.763 0.751 0.726 0.705 0.626 0.627 0.554 0.446 0.341 0.433 0.374 0.506 0.494 -9999 -9999 -9999 -9999 -9999 0.521 0.467 -9999 -9999 -9999 -9999 -9999 -9999 -9999 0.411 0.143 -9999 -9999 -9999 -9999 -9999 -9999 -9999 -9999 -9999 -9999 -9999 -9999 -9999 -9999 -9999 -9999
0.54 0.503 -0.3 0.49 0.505 0.511 0.562 0.308 0.659 0.678 0.625 0.693 0.757 0.706 0.733 0.776 0.767 0.757 0.71 0.688 0.68 0.723 0.605 0.649 0.7 0.735 0.737 0.748 0.735 0.704 0.717 0.728 0.7 0.697 0.732 0.656 0.663 0.73 0.598 0.694 0.455 0.47 0.405 0.598 0.518 -9999 -9999 -9999 0.479 0.478 0.442 0.414 0.465 -9999 -9999 -9999 -9999 -9999 -9999 -9999 -9999 -9999 -9999 -9999 -9999 -9999 -9999 -9999 -9999 -9999 -9999 -9999 -9999 -9999 -9999 -9999 -9999
0.502 0.453 0.547 0.511 0.542 0.521 0.441 0.497 0.679 0.658 0.653 0.79 0.766 0.765 0.753 0.754 0.751 0.775 0.722 0.783 0.693 0.737 0.764 0.752 0.702 0.665 0.777 0.799 0.673 0.704 0.706 0.712 0.701 0.679 0.755 0.784 0.756 0.715 0.577 0.361 0.465 0.513 0.608 0.523 0.432 0.532 0.543 0.521 0.565 0.522 0.527 0.624 0.543 0.521 -9999 -9999 -9999 -9999 0.574 0.621 -9999 -9999 -9999 -9999 -9999 -9999 -9999 -9999 -9999 -9999 -9999 -9999 -9999 -9999 -9999 -9999 -9999
0.423 -0.3 0.424 0.427 0.507 0.463 0.516 0.672 0.711 0.757 0.718 0.765 0.792 0.762 0.743 0.746 0.751 0.759 0.754 0.747 0.732 0.727 0.7 0.622 0.685 0.692 0.692 0.736 0.699 0.73 0.719 0.748 0.685 0.723 0.702 0.741 0.708 0.643 0.559 0.664 0.564 0.639 0.68 0.358 0.416 0.449 0.524 0.443 0.59 0.54 0.577 0.665 0.704 0.647 -0.3 -9999 -9999 0.528 -9999 -9999 0.606 0.617 -9999 -9999 -9999 -9999 -9999 -9999 -9999 -9999 -9999 -9999 -9999 -9999 -9999 -9999 -9999
0.531 0.557 0.384 0.517 0.571 0.679 0.724 0.761 0.74 0.759 0.781 0.713 0.73 0.763 0.721 0.668 0.706 0.699 0.704 0.695 0.739 0.609 0.542 0.642 0.644 0.676 0.753 0.72 0.718 0.712 0.709 0.734 0.653 0.643 0.643 0.687 0.51 0.632 0.7 0.675 0.661 0.564 0.435 0.683 0.638 0.761 0.649 0.663 0.716 0.73 0.764 0.773 0.672 0.332 0.382 0.597 0.627 0.599 -9999 -0.3 -9999 -9999 0.466 -9999 -9999 -9999 -9999 -9999 -9999 -9999 -9999 -9999 -9999 -9999 -9999 -9999 -9999
0.455 0.499 0.506 0.577 0.732 0.696 0.724 0.644 0.727 0.749 0.756 0.754 0.759 0.73 0.723 0.708 0.743 0.722 0.679 0.674 0.541 0.572 0.627 0.682 0.698 0.655 0.647 0.718 0.728 0.702 0.717 0.744 0.731 0.664 0.616 0.579 0.696 0.777 0.796 0.639 0.624 0.576 0.59 0.738 0.685 0.724 0.582 0.52 0.713 0.741 0.771 0.723 0.682 0.518 0.51 0.596 0.778 0.792 0.513 -9999 -9999 -0.3 -9999 -9999 -9999 -9999 -9999 -9999 -9999 -9999 -9999 -9999 -9999 -9999 -9999 -9999 -9999
0.289 0.524 0.618 0.706 0.692 0.698 0.689 0.714 0.794 0.794 0.775 0.728 0.765 0.78 0.75 0.734 0.736 0.746 0.72 0.721 0.623 0.501 0.612 0.698 0.651 0.691 0.638 0.717 0.708 -0.3 0.701 0.744 0.759 0.71 0.641 0.743 0.776 0.792 0.713 0.634 0.523 0.555 0.687 0.767 0.675 0.718 0.642 0.7 0.752 0.788 0.747 0.7 0.686 0.635 0.735 0.68 0.598 -9999 -9999 -9999 -9999 -9999 -9999 -9999 -9999 -9999 -9999 -9999 -9999 -9999 -9999 -9999 -9999 -9999 -9999 -9999 -9999
0.177 0.537 0.684 0.713 0.711 0.715 0.604 0.762 0.774 0.854 0.78 0.752 0.769 0.76 0.805 0.756 0.762 0.783 0.77 0.737 0.661 0.66 0.665 0.765 0.721 0.707 0.695 0.732 0.577 0.611 0.685 0.755 0.761 0.654 0.721 0.794 0.769 0.773 0.707 0.666 0.517 0.584 0.696 0.762 0.749 0.615 0.508 0.561 0.692 0.81 0.769 0.791 0.712 0.679 0.677 0.701 0.517 0.427 -9999 -9999 -9999 -9999 -9999 -9999 -9999 -9999 -9999 -9999 -9999 -9999 -9999 -9999 -9999 -9999 -9999 -9999 -9999
0.431 0.524 0.546 0.628 0.711 0.574 0.625 0.672 0.759 0.868 0.775 0.772 0.816 0.731 0.747 0.832 0.776 0.794 0.852 0.759 0.711 0.732 0.726 0.745 0.694 0.702 0.698 0.745 0.76 0.675 0.719 0.706 0.655 0.643 0.738 0.765 0.753 0.709 0.65 0.568 0.672 0.631 0.702 0.798 0.68 0.609 0.543 0.516 0.677 0.749 0.759 0.725 0.727 -9999 -9999 0.586 -9999 0.692 -9999 -9999 -9999 -9999 -9999 -9999 -9999 -9999 -9999 -9999 -9999 -9999 -9999 -9999 -9999 -9999 -9999 -9999 -9999
0.386 0.612 0.64 0.47 0.476 0.502 0.487 0.48 0.718 0.687 0.63 0.649 0.721 0.753 0.743 0.769 0.723 0.849 0.678 0.697 0.749 0.752 0.692 0.683 0.701 0.673 0.676 0.737 0.729 0.711 0.589 0.734 0.68 0.617 0.687 0.632 0.607 0.732 0.597 0.398 0.595 0.739 0.651 0.665 0.698 0.744 0.656 0.658 0.746 0.669 0.743 0.76 0.816 -9999 0.771 0.746 0.631 0.803 -9999 -9999 -9999 -9999 -9999 -9999 -9999 -9999 -9999 -9999 -9999 -9999 -9999 -9999 -9999 -9999 -9999 -9999 -9999
0.474 0.593 0.572 0.482 0.522 0.436 0.539 0.646 0.67 0.606 0.474 0.674 0.71 0.72 0.754 0.753 0.714 0.696 0.751 0.74 0.755 0.732 0.668 0.699 0.735 0.72 0.744 0.72 0.638 0.659 0.657 0.593 0.583 0.559 0.619 0.688 0.701 0.657 0.446 0.525 0.431 0.523 0.487 0.687 0.703 0.753 0.644 0.659 0.744 0.789 0.789 0.775 0.689 0.687 0.548 0.651 0.535 0.64 -0.3 -9999 -9999 -9999 -9999 -9999 -9999 -9999 -9999 -9999 -9999 -9999 -9999 -9999 -9999 -9999 -9999 -9999 -9999
0.049 0.156 0.386 0.216 0.245 0.416 0.511 0.523 0.554 0.616 0.712 0.716 0.701 0.753 0.767 0.696 0.764 0.709 0.705 0.716 0.703 0.727 0.681 0.706 0.842 0.755 0.744 0.745 0.698 0.647 0.584 0.551 0.536 0.641 0.659 0.599 0.559 0.487 0.558 0.645 0.668 0.612 0.592 0.744 0.726 0.69 0.738 0.616 0.645 0.732 0.756 0.681 0.693 0.524 -9999 0.5 0.438 0.595 -9999 -9999 -9999 -9999 -9999 -9999 -9999 -9999 -9999 -9999 -9999 -9999 -9999 -9999 -9999 -9999 -9999 -9999 -9999
-0.029 -0.01 0.193 0.445 0.484 0.41 0.526 0.544 0.658 0.686 0.693 0.658 0.65 0.751 0.838 0.747 0.68 0.701 0.767 0.719 0.733 0.672 0.636 0.712 0.694 0.763 0.749 0.67 0.548 0.609 0.546 0.551 0.503 0.492 0.449 0.423 0.577 0.678 0.643 0.74 0.573 0.588 0.665 0.726 0.734 0.769 0.64 0.65 0.539 0.635 0.735 0.764 0.646 0.41 0.513 -9999 -9999 -9999 -9999 -9999 -9999 -9999 -9999 -9999 -9999 -9999 -9999 -9999 -9999 -9999 -9999 -9999 -9999 -9999 -9999 -9999 -9999
0.41 0.425 0.348 0.448 0.494 0.417 0.478 0.473 0.549 0.556 0.592 0.59 0.642 0.695 0.699 0.66 0.715 0.73 0.711 0.74 0.709 0.691 0.668 0.672 0.606 0.681 0.655 0.576 0.561 0.526 0.464 0.549 0.56 0.546 0.456 0.534 0.673 0.703 0.701 0.631 0.588 0.633 0.616 0.731 0.762 0.72 0.731 0.716 0.673 0.697 0.699 0.668 0.675 0.664 0.582 -9999 -9999 -9999 -9999 -9999 -9999 -9999 -9999 -9999 -9999 -9999 -9999 -9999 -9999 -9999 -9999 -9999 -9999 -9999 -9999 -9999 -9999
0.511 0.601 0.631 0.425 0.569 0.556 0.467 0.489 0.539 0.601 0.592 0.555 0.489 0.637 0.675 0.764 0.756 0.714 0.742 0.712 0.734 0.701 0.607 0.644 0.644 0.649 0.512 0.533 0.645 0.724 0.641 0.712 0.717 0.739 0.74 0.635 0.574 0.555 0.521 0.592 0.632 0.707 0.678 0.756 0.789 0.638 0.544 0.561 0.61 0.664 0.605 0.666 0.719 0.653 -9999 -9999 -9999 -9999 -9999 -9999 -9999 -9999 -9999 -9999 -9999 -9999 -9999 -9999 -9999 -9999 -9999 -9999 -9999 -9999 -9999 -9999 -9999
0.522 0.577 0.495 0.467 0.502 0.551 0.48 0.498 0.617 0.607 0.636 0.601 0.626 0.623 0.676 0.674 0.751 0.732 0.671 0.715 0.696 0.578 0.564 0.679 0.589 0.584 0.669 0.654 0.722 0.689 0.671 0.76 0.721 0.738 0.716 0.662 0.694 0.735 0.646 0.668 0.597 0.612 0.757 0.662 0.639 0.644 0.66 0.657 0.794 0.655 0.623 0.697 0.761 0.603 0.555 -9999 -9999 -9999 -9999 -9999 -9999 -9999 -9999 -9999 -9999 -9999 -9999 -9999 -9999 -9999 -9999 -9999 -9999 -9999 -9999 -9999 -9999
0.534 0.415 0.418 0.476 0.53 0.515 0.511 0.58 0.573 0.625 0.682 0.665 0.635 0.69 0.678 0.722 0.687 0.598 0.667 0.62 0.561 0.511 0.568 0.557 0.523 0.653 0.732 0.71 0.733 0.718 0.708 0.706 0.679 0.743 0.65 0.706 0.703 0.763 0.65 0.621 0.676 0.75 0.717 0.636 0.679 0.679 0.688 0.751 0.764 0.761 0.664 0.57 0.625 -0.3 -9999 -9999 -9999 -9999 -9999 -9999 -9999 -9999 -9999 -9999 -9999 -9999 -9999 -9999 -9999 -9999 -9999 -9999 -9999 -9999 -9999 -9999 -9999
0.566 0.468 0.454 0.444 0.454 0.465 0.56 0.638 0.693 0.557 0.729 0.83 0.702 0.641 0.72 0.599 0.661 0.677 0.594 0.546 0.516 0.614 0.589 0.56 0.595 0.608 0.782 0.734 0.641 0.763 0.768 0.691 0.658 0.755 0.644 0.758 0.78 0.711 0.687 0.627 0.69 0.694 0.664 0.848 0.748 0.796 0.786 0.776 0.67 0.633 0.66 0.638 0.619 -0.3 -9999 -9999 -9999 -9999 -9999 -9999 -9999 -9999 -9999 -9999 -9999 -9999 -9999 -9999 -9999 -9999 -9999 -9999 -9999 -9999 -9999 -9999 -9999
0.436 0.504 0.481 0.453 0.483 0.526 0.542 0.566 0.612 0.673 0.605 0.663 0.574 0.619 0.681 0.634 0.613 0.625 0.534 0.519 0.616 0.617 0.673 0.636 0.717 0.716 0.853 0.789 0.65 0.701 0.716 0.698 0.67 0.767 0.757 0.758 0.724 0.682 0.707 0.71 0.715 0.72 0.708 0.864 0.856 0.782 0.878 0.759 0.684 0.756 0.678 0.594 0.561 0.448 -9999 -9999 -9999 -0.3 -9999 -9999 -9999 -9999 -9999 -9999 -9999 -9999 -9999 -9999 -9999 -9999 -9999 -9999 -9999 -9999 -9999 -9999 -9999
0.456 0.479 0.532 0.571 0.593 0.683 0.596 0.472 0.485 0.431 0.421 0.434 0.454 0.434 0.478 0.441 0.488 0.488 0.53 0.542 0.559 0.569 0.535 0.757 0.751 0.767 0.726 0.847 0.778 0.826 0.767 0.735 0.749 0.701 0.724 0.727 0.657 0.665 0.749 0.718 0.715 0.744 0.731 0.769 0.867 0.714 0.668 0.749 0.746 0.684 0.551 0.665 0.56 0.559 -9999 -9999 -9999 -9999 -9999 -9999 -9999 -9999 -9999 -9999 -9999 -9999 -9999 -9999 -9999 -9999 -9999 -9999 -9999 -9999 -9999 -9999 -9999
0.52 0.535 0.538 0.585 0.546 0.562 0.552 0.517 0.469 0.457 0.426 0.48 0.61 0.567 0.538 0.489 0.513 0.566 0.616 0.63 0.646 0.565 0.646 0.77 0.823 0.875 0.887 0.848 0.781 0.787 0.765 0.773 0.732 0.76 0.752 0.651 0.683 0.691 0.705 0.703 0.624 0.72 0.731 0.607 0.691 0.684 0.675 0.858 0.675 0.539 -9999 0.599 0.077 -9999 0.147 -9999 -9999 -9999 -9999 -9999 -9999 -9999 -9999 -9999 -9999 -9999 -9999 -9999 -9999 -9999 -9999 -9999 -9999 -9999 -9999 -9999 -9999
0.512 0.561 0.553 0.511 0.581 0.653 0.581 0.573 0.475 0.507 0.551 0.614 0.662 0.631 0.718 0.625 0.585 0.709 0.677 0.746 0.774 0.755 0.725 0.711 0.725 0.859 0.886 0.862 0.762 0.755 0.775 0.745 0.758 0.71 0.694 0.752 0.765 0.876 0.764 0.758 0.67 0.653 0.66 0.649 0.724 0.664 0.65 0.687 0.129 -9999 -9999 0.509 -9999 -9999 -9999 -9999 -9999 -9999 -9999 -9999 -9999 -9999 -9999 -9999 -9999 -9999 -9999 -9999 -9999 -9999 -9999 -9999 -9999 -9999 -9999 -9999 -9999
0.577 0.591 0.493 0.526 0.717 0.732 0.625 0.632 0.657 0.661 0.59 0.701 0.742 0.672 0.673 0.666 0.619 0.668 0.688 0.828 0.878 0.86 0.856 0.702 0.701 0.885 0.866 0.873 0.746 0.767 0.721 0.701 0.731 0.644 0.689 0.837 0.834 0.893 0.642 0.709 0.724 0.592 0.592 0.555 0.649 0.593 0.684 0.619 -9999 -9999 0.573 -9999 -9999 -9999 -9999 -9999 -9999 -9999 -9999 -9999 -9999 -9999 -9999 -9999 -9999 -9999 -9999 -9999 -9999 -9999 -9999 -9999 -9999 -9999 -9999 -9999 -9999
0.637 0.493 0.549 0.533 0.544 0.618 0.633 0.642 0.672 0.726 0.699 0.708 0.721 0.715 0.725 0.805 0.643 0.713 0.89 0.898 0.901 0.875 0.83 0.643 0.697 0.772 0.859 0.849 0.685 0.633 0.69 0.703 0.734 0.702 0.745 0.765 0.757 0.728 0.734 0.769 0.684 0.663 0.707 0.618 0.442 0.536 0.643 0.508 -9999 -9999 -9999 -9999 -9999 -9999 -9999 -9999 -9999 -9999 -9999 -9999 -9999 -9999 -9999 -9999 -9999 -9999 -9999 -9999 -9999 -9999 -9999 -9999 -9999 -9999 -9999 -9999 -9999
0.514 0.564 0.496 0.444 0.44 0.5 0.661 0.68 0.759 0.743 0.733 0.752 0.753 0.74 0.737 0.845 0.855 0.795 0.774 0.69 0.698 0.704 0.657 0.659 0.666 0.719 0.727 0.747 0.738 0.76 0.823 0.718 0.685 0.7 0.718 0.77 0.776 0.756 0.673 0.655 0.72 0.735 0.669 0.569 0.636 0.569 0.459 -9999 -9999 -9999 -9999 -9999 -9999 -9999 -9999 -9999 -9999 -9999 -9999 -9999 -9999 -9999 -9999 -9999 -9999 -9999 -9999 -9999 -9999 -9999 -9999 -9999 -9999 -9999 -9999 -9999 -9999
0.548 0.577 0.553 0.526 0.414 0.489 0.673 0.715 0.712 0.719 0.752 0.78 0.772 0.764 0.861 0.892 0.873 0.792 0.673 0.709 0.738 0.744 0.71 0.71 0.841 0.781 0.711 0.718 0.814 0.811 0.817 0.734 0.735 0.744 0.76 0.753 0.857 0.747 0.669 0.638 0.669 0.625 0.673 0.459 0.468 0.433 -9999 -9999 -9999 -9999 -9999 -9999 -9999 -9999 -9999 -9999 -9999 -9999 -9999 -9999 -9999 -9999 -9999 -9999 -9999 -9999 -9999 -9999 -9999 -9999 -9999 -9999 -9999 -9999 -9999 -9999 -9999
0.68 0.629 0.627 0.634 0.487 0.655 0.704 0.732 0.716 0.694 0.76 0.754 0.703 0.885 0.866 0.862 0.87 0.726 0.635 0.716 0.754 0.777 0.616 0.734 0.762 0.723 0.692 0.726 0.842 0.746 0.813 0.716 0.728 0.762 0.755 0.756 0.7 0.741 0.653 0.686 0.688 0.653 0.622 0.601 0.565 -9999 -9999 -9999 -9999 -9999 -9999 -9999 -9999 -9999 -9999 -9999 -9999 -9999 -9999 -9999 -9999 -9999 -9999 -9999 -9999 -9999 -9999 -9999 -9999 -9999 -9999 -9999 -9999 -9999 -9999 -9999 -9999
0.737 0.708 0.688 0.718 0.484 0.609 0.756 0.793 0.699 0.741 0.728 0.685 0.627 0.859 0.825 0.846 0.72 0.697 0.721 0.737 0.695 0.729 0.725 0.765 0.745 0.699 0.767 0.656 0.641 0.727 0.74 0.726 0.745 0.726 0.747 0.752 0.707 0.69 0.713 0.728 0.667 0.598 0.588 0.525 0.664 -9999 -9999 -9999 -9999 -9999 -9999 -9999 -9999 -9999 -9999 -9999 -9999 -9999 -9999 -9999 -9999 -9999 -9999 -9999 -9999 -9999 -9999 -9999 -9999 -9999 -9999 -9999 -9999 -9999 -9999 -9999 -9999
0.672 0.707 0.72 0.74 0.497 0.631 0.745 0.715 0.747 0.725 0.693 0.651 0.637 0.874 0.713 0.767 0.734 0.709 0.671 0.693 0.701 0.747 0.764 0.71 0.784 0.726 0.671 0.731 0.701 0.831 0.736 0.722 0.764 0.713 0.855 0.696 0.699 0.693 0.734 0.76 0.692 0.685 0.596 0.455 -0.3 -9999 -9999 -9999 -9999 -9999 -9999 -9999 -9999 -9999 -9999 -9999 -9999 -9999 -9999 -9999 -9999 -9999 -9999 -9999 -9999 -9999 -9999 -9999 -9999 -9999 -9999 -9999 -9999 -9999 -9999 -9999 -9999
0.685 0.714 0.685 0.585 0.524 0.621 0.686 0.649 0.721 0.721 0.728 0.766 0.76 0.667 0.748 0.718 0.698 0.668 0.684 0.608 0.726 0.719 0.841 0.694 0.752 0.699 0.672 0.621 0.728 0.744 0.741 0.677 0.657 0.672 0.736 0.745 0.726 0.62 0.684 0.678 0.652 0.675 0.618 0.625 -0.3 -9999 -9999 -9999 -9999 -9999 -9999 -9999 -9999 -9999 -9999 -9999 -9999 -9999 -9999 -9999 -9999 -9999 -9999 -9999 -9999 -9999 -9999 -9999 -9999 -9999 -9999 -9999 -9999 -9999 -9999 -9999 -9999
0.688 0.726 0.739 0.486 0.561 0.699 0.666 0.619 0.676 0.707 0.699 0.738 0.717 0.67 0.694 0.742 0.724 0.756 0.715 0.616 0.747 0.741 0.749 0.705 0.77 0.698 0.711 0.727 0.747 0.733 0.697 0.73 0.723 0.668 0.705 0.668 0.673 0.681 0.718 0.703 0.616 -9999 0.647 -0.3 -9999 -9999 -9999 -9999 -9999 -9999 -9999 -9999 -9999 -9999 -9999 -9999 -9999 -9999 -9999 -9999 -9999 -9999 -9999 -9999 -9999 -9999 -9999 -9999 -9999 -9999 -9999 -9999 -9999 -9999 -9999 -9999 -9999
0.733 0.751 0.761 0.472 0.573 0.703 0.716 0.657 0.71 0.703 0.715 0.682 0.717 0.703 0.675 0.708 0.846 0.765 0.676 0.662 0.647 0.71 0.679 0.717 0.677 0.656 0.674 0.731 0.703 0.724 0.676 0.69 0.707 0.66 0.658 0.646 0.673 0.673 0.715 0.716 0.662 0.656 0.038 -0.3 -9999 -9999 -9999 -9999 -9999 -9999 -9999 -9999 -9999 -9999 -9999 -9999 -9999 -9999 -9999 -9999 -9999 -9999 -9999 -9999 -9999 -9999 -9999 -9999 -9999 -9999 -9999 -9999 -9999 -9999 -9999 -9999 -9999
0.69 0.709 0.751 0.516 0.604 0.684 0.705 0.698 0.745 0.749 0.748 0.684 0.726 0.756 0.671 0.693 0.802 0.724 0.733 0.657 0.675 0.667 0.665 0.616 0.63 0.679 0.687 0.72 0.694 0.727 0.761 0.603 0.703 0.71 0.599 0.691 0.723 0.7 0.727 0.735 0.711 0.211 -9999 -9999 -9999 -9999 -9999 -9999 -9999 -9999 -9999 -9999 -9999 -9999 -9999 -9999 -9999 -9999 -9999 -9999 -9999 -9999 -9999 -9999 -9999 -9999 -9999 -9999 -9999 -9999 -9999 -9999 -9999 -9999 -9999 -9999 -9999
0.748 0.744 0.678 0.654 0.569 0.696 0.726 0.761 0.784 0.738 0.701 0.705 0.739 0.731 0.707 0.691 0.745 0.707 0.722 0.689 0.695 0.651 0.679 0.685 0.703 0.705 0.869 0.741 0.751 0.749 0.738 0.724 0.73 0.654 0.631 0.638 0.725 0.707 0.819 0.737 0.708 -9999 -9999 -9999 -9999 -9999 -9999 -9999 -9999 -9999 -9999 -9999 -9999 -9999 -9999 -9999 -9999 -9999 -9999 -9999 -9999 -9999 -9999 -9999 -9999 -9999 -9999 -9999 -9999 -9999 -9999 -9999 -9999 -9999 -9999 -9999 -9999
