data/china_ndvi_max_1993.asc
ncols         710
nrows         510
xllcorner     70
yllcorner     10
cellsize      0.1
NODATA_value  -9999
[rows 170 to 203 of 510, columns 462 to 538 of 710]
0.238 0.274 0.261 0.263 0.26 0.283 0.323 0.3 0.289 0.286 0.294 0.298 0.323 0.376 0.368 0.327 0.352 0.347 0.384 0.395 0.355 0.261 0.322 0.367 0.335 0.316 0.341 0.349 0.304 0.478 0.348 0.303 0.294 0.338 0.362 0.32 0.292 0.292 0.283 0.286 0.301 0.288 0.301 0.274 0.321 0.273 0.239 0.244 0.31 0.348 0.3 0.268 0.27 0.358 0.316 0.331 0.318 0.303 0.301 0.301 0.286 0.301 0.345 0.333 0.345 0.303 0.311 0.315 0.311 0.293 0.318 0.32 0.324 0.312 0.307 0.292 0.339
0.257 0.256 0.253 0.275 0.264 0.314 0.303 0.281 0.317 0.322 0.318 0.321 0.38 0.376 0.363 0.362 0.358 0.354 0.411 0.387 0.309 0.29 0.272 0.293 0.298 0.347 0.293 0.334 0.288 0.311 0.273 0.28 0.306 0.31 0.307 0.335 0.307 0.281 0.297 0.32 0.316 0.268 0.292 0.259 0.266 0.284 0.309 0.28 0.255 0.254 0.294 0.334 0.364 0.285 0.301 0.308 0.299 0.285 0.302 0.308 0.312 0.352 0.382 0.364 0.417 0.397 0.391 0.359 0.315 0.306 0.343 0.35 0.316 0.34 0.31 0.326 0.338
0.236 0.231 0.242 0.302 0.244 0.266 0.3 0.302 0.344 0.322 0.312 0.357 0.401 0.381 0.367 0.364 0.459 0.449 0.326 0.315 0.303 0.319 0.298 0.267 0.365 0.431 0.34 0.308 0.285 0.274 0.318 0.376 0.354 0.284 0.3 0.295 0.282 0.317 0.27 0.287 0.301 0.3 0.289 0.28 0.298 0.282 0.282 0.276 0.296 0.32 0.375 0.348 0.309 0.318 0.302 0.302 0.326 0.358 0.355 0.356 0.359 0.374 0.386 0.361 0.325 0.317 0.343 0.385 0.365 0.347 0.347 0.371 0.367 0.358 0.362 0.35 0.367
0.239 0.243 0.243 0.245 0.256 0.243 0.241 0.252 0.296 0.26 0.271 0.334 0.389 0.393 0.433 0.392 0.401 0.297 0.306 0.341 0.307 0.289 0.325 0.421 0.39 0.325 0.297 0.284 0.264 0.282 0.318 0.33 0.328 0.274 0.311 0.279 0.272 0.327 0.262 0.23 0.296 0.311 0.296 0.299 0.295 0.286 0.273 0.287 0.351 0.358 0.335 0.305 0.355 0.261 0.299 0.307 0.334 0.307 0.323 0.346 0.348 0.255 0.398 0.346 0.299 0.321 0.268 0.267 0.325 0.33 0.354 0.373 0.362 0.375 0.375 0.381 0.414
0.261 0.245 0.241 0.247 0.246 0.279 0.295 0.29 0.306 0.359 0.299 0.305 0.325 0.4 0.424 0.499 0.395 0.308 0.32 0.308 0.288 0.252 0.259 0.31 0.332 0.326 0.309 0.302 0.275 0.305 0.269 0.278 0.28 0.25 0.276 0.311 0.29 0.226 0.273 0.252 0.248 0.28 0.304 0.279 0.286 0.299 0.336 0.343 0.374 0.377 0.343 0.343 0.328 0.33 0.31 0.364 0.293 0.311 0.375 0.405 0.378 0.415 0.369 0.294 0.288 0.314 0.304 0.299 0.303 0.318 0.315 0.352 0.397 0.346 0.363 0.37 0.422
0.26 0.26 0.253 0.252 0.237 0.178 0.241 0.259 0.304 0.283 0.279 0.369 0.378 0.333 0.319 0.412 0.361 0.273 0.332 0.324 0.319 0.308 0.288 0.248 0.295 0.401 0.326 0.287 0.272 0.254 0.26 0.245 0.243 0.218 0.204 0.212 0.304 0.302 0.206 0.257 0.361 0.308 0.269 0.361 0.366 0.357 0.335 0.29 0.288 0.295 0.309 0.336 0.377 0.351 0.344 0.27 0.324 0.305 0.343 0.35 0.311 0.29 0.281 0.288 0.293 0.316 0.303 0.297 0.303 0.305 0.323 0.313 0.324 0.366 0.411 0.38 0.376
0.249 0.253 0.259 0.304 -0.3 -0.3 0.235 0.238 0.313 0.253 0.278 0.34 0.354 0.276 0.399 0.388 0.495 0.393 0.338 0.389 0.287 0.274 0.264 0.255 0.286 0.261 0.274 0.292 0.249 0.255 0.275 0.278 0.262 0.259 0.283 0.323 0.28 0.29 0.272 0.268 0.296 0.277 0.28 0.297 0.327 0.275 0.245 0.247 0.243 0.3 0.327 0.328 0.289 0.292 0.258 0.278 0.275 0.273 0.276 0.264 0.278 0.285 0.302 0.291 0.279 0.277 0.292 0.296 0.296 0.31 0.285 0.308 0.344 0.373 0.393 0.392 0.387
0.215 0.228 0.261 0.276 0.227 0.221 0.251 0.273 0.232 0.245 0.223 0.25 0.256 0.299 0.283 0.264 0.259 0.254 0.273 0.282 0.3 0.303 0.313 0.29 0.319 0.27 0.215 0.2 0.214 0.236 0.237 0.202 0.227 0.268 0.243 0.241 0.257 0.254 0.199 0.196 0.316 0.239 0.188 0.237 0.178 0.209 0.229 0.231 0.357 0.303 0.308 0.268 0.249 0.254 0.262 0.248 0.268 0.274 0.278 0.276 0.284 0.273 0.274 0.283 0.296 0.274 0.265 0.271 0.306 0.282 0.289 0.316 0.338 0.371 0.421 0.376 0.387
0.201 0.206 0.229 0.242 0.237 0.235 0.251 0.249 0.217 0.248 0.245 0.245 0.298 0.281 0.237 0.275 0.296 0.304 0.274 0.313 0.279 0.286 0.301 0.287 0.326 0.348 0.298 0.235 0.171 0.157 0.192 0.202 0.181 0.211 0.199 0.186 0.161 0.163 0.193 0.193 0.194 0.169 0.203 0.156 0.207 0.251 0.254 0.31 0.288 0.275 0.273 0.26 0.253 0.268 0.268 0.269 0.264 0.293 0.294 0.304 0.292 0.284 0.281 0.309 0.293 0.278 0.302 0.305 0.32 0.331 0.313 0.349 0.324 0.384 0.406 0.409 0.416
0.258 0.275 0.278 0.233 0.247 0.236 0.218 0.231 0.235 0.252 0.25 0.242 0.246 0.284 0.275 0.344 0.413 0.434 0.307 0.29 0.293 0.319 0.283 0.294 0.296 0.302 0.279 0.282 0.257 0.191 0.184 0.191 0.157 0.182 0.267 0.199 0.177 0.181 0.16 0.165 0.172 0.257 0.246 0.201 0.216 0.244 0.283 0.298 0.269 0.262 0.259 0.26 0.279 0.267 0.276 0.268 0.275 0.29 0.284 0.31 0.29 0.297 0.317 0.286 0.299 0.312 0.325 0.325 0.314 0.326 0.345 0.362 0.363 0.422 0.401 0.403 0.419
0.209 0.229 0.196 0.246 0.26 0.242 0.251 0.268 0.266 0.292 0.27 0.427 0.43 0.407 0.37 0.341 0.342 0.362 0.323 0.328 0.325 0.295 0.29 0.271 0.28 0.27 0.279 0.299 0.298 0.316 0.282 0.324 0.32 0.213 0.247 0.244 0.269 0.315 0.268 0.273 0.335 0.375 0.313 0.308 0.282 0.279 0.282 0.262 0.245 0.252 0.247 0.248 0.22 0.186 0.206 0.212 0.211 0.203 0.269 0.289 0.29 0.303 0.301 0.333 0.346 0.328 0.323 0.318 0.365 0.387 0.402 0.396 0.42 0.43 0.403 0.445 0.422
0.249 0.271 0.215 0.23 0.242 0.276 0.256 0.26 0.295 0.374 0.301 0.31 0.4 0.433 0.365 0.386 0.334 0.348 0.345 0.333 0.311 0.288 0.293 0.298 0.303 0.285 0.276 0.268 0.274 0.298 0.281 0.281 0.265 0.24 0.256 0.323 0.318 0.33 0.285 0.292 0.326 0.305 0.313 0.232 0.296 0.337 0.328 0.268 0.256 0.264 0.293 0.281 0.289 0.322 0.268 0.284 0.298 0.269 0.275 0.342 0.388 0.328 0.3 0.332 0.361 0.39 0.368 0.342 0.382 0.368 0.397 0.392 0.375 0.431 0.411 0.431 0.432
0.251 0.249 0.191 0.246 0.255 0.261 0.27 0.265 0.319 0.322 0.31 0.329 0.371 0.374 0.349 0.337 0.361 0.37 0.351 0.343 0.361 0.296 0.267 0.288 0.29 0.284 0.261 0.27 0.295 0.307 0.302 0.264 0.24 0.31 0.297 0.243 0.308 0.317 0.303 0.311 0.311 0.321 0.333 0.318 0.331 0.345 0.324 0.332 0.347 0.358 0.327 0.309 0.307 0.302 0.272 0.285 0.315 0.343 0.367 0.31 0.366 0.346 0.33 0.359 0.345 0.365 0.384 0.377 0.419 0.399 0.417 0.368 0.375 0.42 0.419 0.429 0.436
0.235 0.192 0.214 0.26 0.28 0.286 0.266 0.251 0.302 0.253 0.266 0.345 0.451 0.344 0.335 0.411 0.394 0.401 0.4 0.383 0.378 0.349 0.301 0.3 0.264 0.282 0.308 0.384 0.325 0.257 0.263 0.278 0.267 0.261 0.26 0.345 0.309 0.296 0.316 0.301 0.328 0.313 0.301 0.384 0.334 0.362 0.342 0.334 0.319 0.314 0.312 0.31 0.331 0.265 0.269 0.297 0.332 0.366 0.374 0.376 0.376 0.401 0.384 0.373 0.364 0.354 0.381 0.391 0.413 0.417 0.408 0.386 0.404 0.413 0.389 0.431 0.443
0.28 0.234 0.251 0.261 0.3 0.27 0.271 0.282 0.285 0.379 0.347 0.365 0.413 0.42 0.382 0.401 0.423 0.421 0.366 0.36 0.353 0.324 0.307 0.307 0.287 0.31 0.291 0.285 0.269 0.25 0.245 0.229 0.275 0.34 0.359 0.34 0.294 0.262 0.291 0.304 0.303 0.306 0.376 0.342 0.317 0.323 0.332 0.311 0.311 0.322 0.322 0.317 0.344 0.302 0.298 0.311 0.368 0.377 0.356 0.364 0.375 0.359 0.376 0.402 0.389 0.386 0.391 0.4 0.402 0.399 0.435 0.431 0.425 0.423 0.428 0.42 0.447
0.296 0.284 0.24 0.32 0.281 0.281 0.331 0.344 0.368 0.363 0.353 0.451 0.459 0.436 0.424 0.443 0.387 0.339 0.364 0.348 0.345 0.349 0.386 0.289 0.276 0.296 0.308 0.43 0.267 0.3 0.346 0.369 0.352 0.314 0.324 0.296 0.297 0.301 0.293 0.297 0.284 0.306 0.276 0.31 0.282 0.308 0.309 0.29 0.333 0.348 0.372 0.333 0.334 0.33 0.344 0.331 0.344 0.361 0.373 0.375 0.376 0.391 0.391 0.334 0.401 0.421 0.428 0.411 0.39 0.373 0.406 0.407 0.37 0.422 0.435 0.417 0.442
0.294 0.284 0.303 0.326 0.272 0.296 0.325 0.293 0.361 0.358 0.381 0.397 0.398 0.503 0.453 0.428 0.408 0.399 0.371 0.366 0.363 0.331 0.321 0.283 0.342 0.29 0.291 0.361 0.335 0.369 0.336 0.314 0.327 0.275 0.287 0.292 0.297 0.3 0.299 0.3 0.297 0.314 0.295 0.312 0.291 0.318 0.343 0.348 0.339 0.347 0.332 0.375 0.34 0.374 0.343 0.358 0.362 0.349 0.385 0.36 0.396 0.396 0.38 0.382 0.405 0.407 0.41 0.418 0.393 0.381 0.392 0.39 0.424 0.427 0.413 0.412 0.38
0.267 0.272 0.26 0.283 0.284 0.286 0.311 0.312 0.324 0.313 0.407 0.512 0.503 0.443 0.481 0.44 0.439 0.448 0.406 0.392 0.355 0.365 0.378 0.334 0.295 0.291 0.302 0.357 0.269 0.261 0.295 0.319 0.31 0.32 0.331 0.296 0.309 0.312 0.309 0.308 0.289 0.304 0.331 0.317 0.317 0.318 0.347 0.329 0.351 0.351 0.347 0.352 0.341 0.334 0.373 0.385 0.375 0.393 0.35 0.368 0.377 0.379 0.376 0.394 0.403 0.41 0.392 0.378 0.378 0.382 0.391 0.406 0.421 0.415 0.438 0.427 0.446
0.285 0.285 0.303 0.254 0.262 0.258 0.294 0.3 0.3 0.402 0.53 0.506 0.544 0.461 0.424 0.412 0.424 0.372 0.388 0.403 0.349 0.467 0.512 0.344 0.324 0.334 0.326 0.302 0.304 0.334 0.318 0.349 0.349 0.316 0.344 0.314 0.332 0.354 0.371 0.323 0.326 0.327 0.329 0.388 0.329 0.346 0.366 0.344 0.369 0.311 0.324 0.374 0.354 0.342 0.341 0.382 0.38 0.39 0.352 0.35 0.385 0.388 0.407 0.397 0.406 0.402 0.401 0.424 0.414 0.417 0.408 0.409 0.433 0.466 0.399 0.434 0.47
0.296 0.294 0.316 0.305 0.301 0.3 0.274 0.442 0.48 0.506 0.49 0.479 0.471 0.465 0.4 0.39 0.429 0.393 0.473 0.459 0.41 0.407 0.347 0.42 0.331 0.335 0.338 0.336 0.328 0.311 0.315 0.325 0.421 0.33 0.336 0.32 0.35 0.332 0.329 0.328 0.336 0.353 0.352 0.452 0.361 0.375 0.357 0.346 0.331 0.286 0.308 0.352 0.362 0.39 0.33 0.308 0.315 0.404 0.386 0.372 0.399 0.388 0.371 0.419 0.401 0.403 0.387 0.435 0.416 0.407 0.445 0.431 0.455 0.442 0.389 0.487 0.529
0.325 0.311 0.291 0.323 0.353 0.344 0.467 0.433 0.425 0.5 0.441 0.471 0.439 0.45 0.534 0.516 0.436 0.422 0.458 0.418 0.431 0.38 0.427 0.419 0.367 0.395 0.488 0.499 0.354 0.374 0.319 0.392 0.311 0.3 0.348 0.351 0.323 0.35 0.315 0.32 0.363 0.43 0.433 0.33 0.319 0.352 0.352 0.345 0.344 0.323 0.35 0.382 0.372 0.374 0.336 0.351 0.461 0.419 0.389 0.377 0.427 0.424 0.396 0.394 0.401 0.43 0.402 0.372 0.439 0.428 0.403 0.418 0.348 0.361 0.431 0.386 0.399
0.312 0.272 0.283 0.397 0.411 0.394 0.477 0.532 0.506 0.501 0.514 0.484 0.489 0.518 0.56 0.494 0.382 0.405 0.462 0.506 0.462 0.485 0.488 0.472 0.432 0.458 0.508 0.394 0.348 0.319 0.387 0.357 0.342 0.308 0.319 0.316 0.366 0.339 0.301 0.319 0.383 0.342 0.365 0.34 0.359 0.292 0.292 0.3 0.339 0.369 0.421 0.388 0.387 0.391 0.362 0.443 0.465 0.461 0.413 0.419 0.419 0.422 0.404 0.441 0.476 0.434 0.394 0.41 0.407 0.417 0.382 0.288 0.198 0.311 0.358 0.388 0.328
0.315 0.35 0.33 0.479 0.505 0.519 0.499 0.534 0.511 0.538 0.48 0.456 0.474 0.468 0.515 0.527 0.44 0.408 0.508 0.552 0.56 0.503 0.402 0.523 0.473 0.511 0.433 0.367 0.336 0.332 0.298 0.352 0.301 0.346 0.355 0.364 0.389 0.357 0.344 0.37 0.345 0.327 0.321 0.329 0.329 0.329 0.341 0.304 0.326 0.366 0.453 0.393 0.406 0.352 0.365 0.527 0.451 0.401 0.426 0.398 0.416 0.41 0.404 0.427 0.436 0.421 0.422 0.396 0.442 0.383 0.366 0.355 0.308 0.382 0.406 0.41 0.436
0.342 0.37 0.331 0.465 0.493 0.55 0.503 0.486 0.435 0.496 0.546 0.551 0.551 0.513 0.512 0.5 0.403 0.495 0.554 0.57 0.556 0.516 0.475 0.52 0.468 0.467 0.379 0.363 0.357 0.319 0.381 0.374 0.354 0.328 0.317 0.331 0.347 0.334 0.326 0.361 0.36 0.351 0.315 0.323 0.356 0.339 0.319 0.326 0.359 0.378 0.367 0.366 0.391 0.4 0.443 0.48 0.388 0.39 0.437 0.395 0.421 0.426 0.42 0.423 0.428 0.416 0.422 0.424 0.412 0.385 0.459 0.397 0.388 0.354 0.407 0.471 0.529
0.375 0.366 0.39 0.474 0.399 0.454 0.535 0.484 0.476 0.497 0.468 0.473 0.485 0.474 0.479 0.376 0.37 0.48 0.545 0.508 0.557 0.572 0.573 0.509 0.441 0.4 0.359 0.336 0.386 0.395 0.417 0.348 0.356 0.332 0.354 0.332 0.33 0.402 0.416 0.369 0.339 0.339 0.323 0.357 0.363 0.35 0.345 0.318 0.363 0.36 0.362 0.371 0.382 0.461 0.5 0.411 0.374 0.41 0.416 0.442 0.448 0.433 0.409 0.435 0.406 0.377 0.402 0.4 0.412 0.404 0.396 0.392 0.402 0.399 0.354 0.428 0.498
0.508 0.478 0.477 0.376 0.347 0.444 0.467 0.412 0.495 0.501 0.462 0.467 0.464 0.417 0.367 0.48 0.447 0.566 0.491 0.5 0.482 0.563 0.579 0.524 0.447 0.417 0.395 0.374 0.367 0.362 0.353 0.344 0.361 0.376 0.303 0.36 0.313 0.316 0.341 0.34 0.334 0.382 0.367 0.349 0.359 0.367 0.383 0.347 0.397 0.408 0.402 0.366 0.367 0.397 0.424 0.415 0.401 0.437 0.43 0.415 0.42 0.411 0.4 0.43 0.415 0.432 0.41 0.399 0.411 0.414 0.396 0.431 0.395 0.468 0.527 0.507 0.479
0.521 0.528 0.519 0.359 0.378 0.495 0.445 0.507 0.467 0.462 0.385 0.45 0.464 0.492 0.482 0.402 0.401 0.4 0.445 0.511 0.488 0.487 0.57 0.523 0.462 0.417 0.392 0.395 0.441 0.379 0.356 0.367 0.377 0.41 0.468 0.471 0.387 0.316 0.33 0.336 0.444 0.403 0.356 0.359 0.351 0.357 0.393 0.375 0.402 0.407 0.408 0.383 0.362 0.367 0.395 0.41 0.387 0.386 0.429 0.432 0.394 0.408 0.425 0.401 0.431 0.421 0.407 0.404 0.411 0.375 0.263 0.401 0.37 0.461 0.491 0.41 0.415
0.521 0.533 0.552 0.353 0.31 0.419 0.408 0.481 0.474 0.461 0.416 0.468 0.435 0.503 0.506 0.463 0.494 0.476 0.47 0.481 0.486 0.52 0.547 0.519 0.448 0.422 0.418 0.407 0.446 0.395 0.399 0.4 0.351 0.403 0.397 0.382 0.372 0.365 0.362 0.395 0.461 0.377 0.346 0.358 0.35 0.358 0.374 0.382 0.389 0.414 0.383 0.408 0.328 0.413 0.385 0.43 0.456 0.427 0.338 0.364 0.397 0.426 0.424 0.432 0.439 0.423 0.412 0.39 0.292 0.365 0.335 0.409 0.416 0.462 0.456 0.462 0.536
0.475 0.544 0.557 0.404 0.342 0.524 0.53 0.474 0.445 0.498 0.403 0.439 0.492 0.472 0.43 0.386 0.492 0.512 0.444 0.426 0.462 0.496 0.537 0.543 0.468 0.463 0.417 0.434 0.395 0.388 0.456 0.426 0.381 0.391 0.387 0.367 0.356 0.342 0.457 0.442 0.411 0.373 0.383 0.361 0.355 0.387 0.463 0.466 0.37 0.174 0.306 0.39 0.377 0.375 0.373 0.412 0.44 0.406 0.272 0.341 0.388 0.394 0.396 0.425 0.439 0.418 0.402 0.409 0.283 0.333 0.487 0.51 0.488 0.444 0.511 0.5 0.508
0.519 0.527 0.498 0.465 0.493 0.556 0.446 0.428 0.439 0.437 0.508 0.482 0.455 0.427 0.502 0.458 0.444 0.478 0.455 0.476 0.457 0.478 0.521 0.501 0.476 0.409 0.43 0.416 0.364 0.384 0.419 0.429 0.45 0.379 0.355 0.361 0.357 0.323 0.46 0.394 0.374 0.354 0.374 0.357 0.357 0.367 0.364 0.376 0.354 0.312 0.376 0.397 0.384 0.38 0.385 0.393 -9999 0.416 0.38 0.388 0.418 0.411 0.413 0.409 0.415 0.43 0.388 0.376 0.365 0.467 0.539 0.529 0.502 0.522 0.53 0.543 0.51
0.367 0.464 0.496 0.525 0.495 0.497 0.489 0.502 0.453 0.493 0.459 0.436 0.485 0.46 0.496 0.459 0.436 0.362 0.428 0.426 0.421 0.443 0.494 0.466 0.417 0.419 0.423 0.418 0.47 0.486 0.463 0.427 0.387 0.384 0.363 0.351 0.396 0.372 0.364 0.321 0.334 0.441 0.402 0.402 0.369 0.395 0.392 0.35 -0.3 -0.3 -9999 -9999 -9999 -9999 0.297 -9999 -9999 -9999 0.384 0.405 0.431 0.401 0.455 0.396 0.344 0.331 0.326 0.362 0.484 0.526 0.537 0.563 0.567 0.602 0.638 0.587 0.583
0.444 0.441 0.446 0.473 0.499 0.444 0.496 0.518 0.422 0.492 0.47 0.462 0.447 0.582 0.553 0.54 0.511 0.422 0.429 0.453 0.425 0.495 0.505 0.457 0.421 0.492 0.528 0.512 0.48 0.44 0.468 0.381 0.356 0.371 0.353 0.395 0.383 0.38 0.435 0.337 0.367 0.512 0.367 0.369 0.394 0.399 0.372 0.388 -9999 -9999 -9999 -9999 -9999 -9999 -9999 -9999 -9999 -9999 0.33 0.365 0.388 0.397 0.39 0.405 0.329 0.367 0.372 0.402 0.531 0.509 0.535 0.547 0.577 0.607 0.549 0.584 0.574
0.496 0.499 0.448 0.448 0.458 0.494 0.522 0.508 0.526 0.456 0.421 0.431 0.458 0.589 0.531 0.514 0.506 0.551 0.499 0.462 0.516 0.549 0.536 0.505 0.485 0.518 0.474 0.472 0.471 0.432 0.43 0.455 0.444 0.401 0.396 0.383 0.393 0.363 0.378 0.434 0.438 0.447 0.444 0.342 0.412 0.403 0.356 0.372 -9999 -9999 -9999 -9999 -9999 -9999 -9999 -9999 -9999 -9999 -9999 -9999 0.269 0.305 0.324 0.329 0.43 0.39 0.436 0.424 0.486 0.541 0.539 0.527 0.512 0.52 0.555 0.57 0.577
0.478 0.533 0.563 0.523 0.519 0.489 0.487 0.44 0.448 0.397 0.426 0.402 0.514 0.62 0.571 0.558 0.512 0.568 0.464 0.424 0.491 0.49 0.541 0.442 0.49 0.536 0.503 0.483 0.417 0.407 0.48 0.446 0.412 0.414 0.366 0.434 0.468 0.397 0.36 0.38 0.385 0.422 0.343 0.343 0.46 0.301 -9999 -9999 -9999 -9999 -9999 -9999 -9999 -9999 -9999 -9999 -9999 -9999 -9999 -9999 0.189 0.217 0.268 0.219 0.342 0.441 0.504 0.392 0.527 0.549 0.543 0.518 0.488 0.512 0.523 0.559 0.588
