data/china_ndvi_max_2003.asc
ncols         710
nrows         510
xllcorner     70
yllcorner     10
cellsize      0.1
NODATA_value  -9999
[rows 306 to 339 of 510, columns 462 to 538 of 710]
0.538 0.54 0.528 0.529 0.457 0.491 0.494 0.543 0.522 0.614 0.674 0.688 0.714 0.734 0.69 0.689 0.69 0.706 0.682 0.601 0.63 0.693 0.651 0.595 0.657 0.702 0.7 0.655 0.681 0.695 0.701 0.659 0.693 0.688 0.688 0.67 0.592 0.533 0.44 0.392 0.307 0.406 0.31 0.435 0.405 -9999 -9999 -9999 -9999 -9999 0.409 0.387 -9999 -9999 -9999 -9999 -9999 -9999 -9999 0.378 0.419 -9999 -9999 -9999 -9999 -9999 -9999 -9999 -9999 -9999 -9999 -9999 -9999 -9999 -9999 -9999 -9999
0.505 0.5 -0.3 0.507 0.491 0.526 0.531 0.324 0.637 0.639 0.617 0.656 0.71 0.67 0.71 0.735 0.715 0.713 0.686 0.675 0.661 0.684 0.591 0.619 0.68 0.699 0.698 0.7 0.715 0.673 0.666 0.671 0.643 0.657 0.652 0.59 0.601 0.64 0.567 0.542 0.381 0.416 0.37 0.485 0.466 -9999 -9999 -9999 0.457 0.425 0.398 0.372 0.404 -9999 -9999 -9999 -9999 -9999 -9999 -9999 -9999 -9999 -9999 -9999 -9999 -9999 -9999 -9999 -9999 -9999 -9999 -9999 -9999 -9999 -9999 -9999 -9999
0.506 0.479 0.476 0.528 0.529 0.541 0.45 0.499 0.641 0.632 0.631 0.754 0.738 0.712 0.734 0.724 0.72 0.733 0.692 0.726 0.674 0.717 0.737 0.703 0.669 0.65 0.749 0.763 0.648 0.669 0.672 0.656 0.643 0.628 0.655 0.702 0.693 0.676 0.534 0.323 0.433 0.467 0.534 0.411 0.393 0.483 0.475 0.469 0.47 0.428 0.46 0.564 0.512 0.453 -9999 -9999 -9999 -9999 0.549 0.504 -9999 -9999 -9999 -9999 -9999 -9999 -9999 -9999 -9999 -9999 -9999 -9999 -9999 -9999 -9999 -9999 -9999
0.406 -0.3 0.432 0.454 0.498 0.472 0.519 0.635 0.689 0.715 0.684 0.726 0.736 0.728 0.705 0.718 0.717 0.746 0.725 0.722 0.706 0.685 0.651 0.601 0.652 0.666 0.666 0.72 0.679 0.698 0.673 0.695 0.622 0.667 0.643 0.646 0.644 0.584 0.523 0.603 0.489 0.571 0.633 0.347 0.355 0.409 0.458 0.419 0.522 0.459 0.498 0.59 0.626 0.534 -0.3 -9999 -9999 0.519 -9999 -9999 0.591 0.525 -9999 -9999 -9999 -9999 -9999 -9999 -9999 -9999 -9999 -9999 -9999 -9999 -9999 -9999 -9999
0.481 0.554 0.387 0.53 0.553 0.645 0.691 0.721 0.702 0.733 0.739 0.684 0.698 0.734 0.687 0.645 0.678 0.681 0.684 0.67 0.7 0.592 0.515 0.634 0.638 0.639 0.71 0.691 0.685 0.655 0.69 0.694 0.619 0.63 0.593 0.648 0.488 0.593 0.682 0.623 0.625 0.496 0.386 0.676 0.577 0.711 0.607 0.619 0.67 0.726 0.718 0.725 0.639 0.261 0.349 0.528 0.532 0.537 -9999 -0.3 -9999 -9999 0.46 -9999 -9999 -9999 -9999 -9999 -9999 -9999 -9999 -9999 -9999 -9999 -9999 -9999 -9999
0.439 0.462 0.512 0.594 0.707 0.682 0.68 0.634 0.695 0.709 0.724 0.721 0.714 0.712 0.715 0.69 0.723 0.703 0.666 0.641 0.55 0.567 0.612 0.667 0.688 0.652 0.629 0.668 0.695 0.665 0.69 0.706 0.683 0.607 0.585 0.52 0.635 0.729 0.725 0.57 0.534 0.502 0.513 0.68 0.667 0.663 0.568 0.486 0.668 0.687 0.73 0.698 0.577 0.42 0.44 0.55 0.719 0.67 0.484 -9999 -9999 -0.3 -9999 -9999 -9999 -9999 -9999 -9999 -9999 -9999 -9999 -9999 -9999 -9999 -9999 -9999 -9999
0.292 0.521 0.622 0.655 0.677 0.687 0.684 0.705 0.753 0.756 0.73 0.702 0.737 0.732 0.719 0.745 0.744 0.726 0.686 0.688 0.59 0.512 0.617 0.682 0.65 0.669 0.638 0.695 0.664 -0.3 0.677 0.724 0.743 0.658 0.601 0.694 0.743 0.745 0.657 0.562 0.431 0.526 0.642 0.701 0.671 0.663 0.61 0.649 0.732 0.74 0.718 0.67 0.645 0.58 0.685 0.66 0.569 -9999 -9999 -9999 -9999 -9999 -9999 -9999 -9999 -9999 -9999 -9999 -9999 -9999 -9999 -9999 -9999 -9999 -9999 -9999 -9999
0.168 0.552 0.685 0.678 0.664 0.668 0.616 0.742 0.739 0.77 0.743 0.711 0.734 0.738 0.777 0.761 0.732 0.757 0.747 0.706 0.653 0.66 0.695 0.739 0.69 0.665 0.7 0.71 0.578 0.594 0.657 0.724 0.702 0.62 0.677 0.751 0.726 0.739 0.667 0.605 0.481 0.564 0.632 0.74 0.676 0.562 0.484 0.518 0.65 0.777 0.717 0.758 0.682 0.683 0.673 0.686 0.473 0.39 -9999 -9999 -9999 -9999 -9999 -9999 -9999 -9999 -9999 -9999 -9999 -9999 -9999 -9999 -9999 -9999 -9999 -9999 -9999
0.433 0.526 0.568 0.652 0.683 0.594 0.609 0.674 0.73 0.788 0.736 0.73 0.768 0.704 0.729 0.811 0.755 0.751 0.802 0.761 0.707 0.729 0.743 0.711 0.657 0.694 0.657 0.705 0.73 0.639 0.684 0.665 0.616 0.605 0.698 0.71 0.722 0.658 0.616 0.532 0.637 0.598 0.645 0.732 0.629 0.542 0.506 0.482 0.646 0.712 0.72 0.708 0.699 -9999 -9999 0.541 -9999 0.679 -9999 -9999 -9999 -9999 -9999 -9999 -9999 -9999 -9999 -9999 -9999 -9999 -9999 -9999 -9999 -9999 -9999 -9999 -9999
0.41 0.621 0.633 0.454 0.452 0.516 0.469 0.476 0.704 0.68 0.605 0.642 0.708 0.74 0.725 0.73 0.698 0.798 0.692 0.693 0.741 0.751 0.671 0.681 0.689 0.656 0.67 0.715 0.707 0.675 0.564 0.69 0.654 0.602 0.671 0.611 0.569 0.686 0.474 0.374 0.59 0.7 0.614 0.659 0.692 0.702 0.586 0.625 0.685 0.651 0.717 0.734 0.74 -9999 0.731 0.706 0.615 0.664 -9999 -9999 -9999 -9999 -9999 -9999 -9999 -9999 -9999 -9999 -9999 -9999 -9999 -9999 -9999 -9999 -9999 -9999 -9999
0.466 0.559 0.552 0.458 0.44 0.438 0.531 0.641 0.667 0.581 0.455 0.642 0.676 0.697 0.724 0.723 0.672 0.669 0.731 0.722 0.737 0.734 0.653 0.698 0.72 0.725 0.74 0.736 0.622 0.63 0.595 0.564 0.516 0.529 0.595 0.633 0.643 0.6 0.393 0.468 0.412 0.478 0.459 0.666 0.684 0.699 0.608 0.619 0.71 0.735 0.743 0.736 0.655 0.658 0.565 0.637 0.489 0.65 -0.3 -9999 -9999 -9999 -9999 -9999 -9999 -9999 -9999 -9999 -9999 -9999 -9999 -9999 -9999 -9999 -9999 -9999 -9999
-0.052 0.179 0.384 0.197 0.233 0.435 0.512 0.531 0.546 0.598 0.69 0.667 0.684 0.715 0.719 0.666 0.711 0.678 0.694 0.699 0.7 0.704 0.656 0.712 0.823 0.74 0.75 0.741 0.698 0.56 0.52 0.449 0.42 0.611 0.647 0.595 0.519 0.45 0.527 0.596 0.566 0.572 0.575 0.709 0.696 0.665 0.7 0.571 0.62 0.706 0.705 0.651 0.662 0.36 -9999 0.484 0.465 0.588 -9999 -9999 -9999 -9999 -9999 -9999 -9999 -9999 -9999 -9999 -9999 -9999 -9999 -9999 -9999 -9999 -9999 -9999 -9999
-0.025 -0.03 0.198 0.392 0.41 0.387 0.5 0.536 0.628 0.687 0.666 0.631 0.646 0.715 0.784 0.735 0.66 0.677 0.743 0.716 0.707 0.649 0.627 0.716 0.696 0.753 0.745 0.663 0.512 0.487 0.481 0.46 0.405 0.421 0.361 0.387 0.522 0.626 0.606 0.69 0.506 0.547 0.65 0.698 0.701 0.707 0.599 0.59 0.495 0.594 0.697 0.678 0.607 0.298 0.376 -9999 -9999 -9999 -9999 -9999 -9999 -9999 -9999 -9999 -9999 -9999 -9999 -9999 -9999 -9999 -9999 -9999 -9999 -9999 -9999 -9999 -9999
0.352 0.27 0.302 0.423 0.437 0.405 0.466 0.496 0.585 0.553 0.573 0.593 0.633 0.709 0.673 0.637 0.693 0.724 0.691 0.706 0.682 0.664 0.647 0.645 0.628 0.675 0.628 0.558 0.517 0.456 0.429 0.493 0.497 0.472 0.389 0.456 0.632 0.686 0.66 0.591 0.55 0.598 0.609 0.72 0.73 0.694 0.681 0.664 0.62 0.614 0.613 0.613 0.635 0.585 0.548 -9999 -9999 -9999 -9999 -9999 -9999 -9999 -9999 -9999 -9999 -9999 -9999 -9999 -9999 -9999 -9999 -9999 -9999 -9999 -9999 -9999 -9999
0.47 0.519 0.568 0.421 0.522 0.503 0.432 0.46 0.504 0.563 0.582 0.51 0.506 0.628 0.661 0.772 0.765 0.739 0.727 0.713 0.711 0.678 0.565 0.602 0.639 0.612 0.478 0.501 0.616 0.697 0.634 0.692 0.713 0.721 0.715 0.6 0.522 0.494 0.437 0.548 0.597 0.679 0.678 0.753 0.733 0.612 0.51 0.522 0.565 0.624 0.528 0.643 0.693 0.639 -9999 -9999 -9999 -9999 -9999 -9999 -9999 -9999 -9999 -9999 -9999 -9999 -9999 -9999 -9999 -9999 -9999 -9999 -9999 -9999 -9999 -9999 -9999
0.467 0.489 0.443 0.431 0.476 0.489 0.456 0.503 0.584 0.602 0.638 0.553 0.614 0.629 0.681 0.684 0.753 0.742 0.663 0.704 0.689 0.547 0.553 0.616 0.559 0.551 0.596 0.627 0.726 0.68 0.668 0.718 0.704 0.751 0.688 0.617 0.657 0.693 0.602 0.623 0.558 0.609 0.752 0.651 0.601 0.609 0.632 0.63 0.732 0.575 0.592 0.662 0.719 0.587 0.543 -9999 -9999 -9999 -9999 -9999 -9999 -9999 -9999 -9999 -9999 -9999 -9999 -9999 -9999 -9999 -9999 -9999 -9999 -9999 -9999 -9999 -9999
0.502 0.389 0.419 0.454 0.496 0.495 0.536 0.599 0.564 0.645 0.684 0.666 0.644 0.685 0.702 0.744 0.672 0.614 0.66 0.588 0.522 0.504 0.533 0.504 0.513 0.641 0.7 0.693 0.726 0.703 0.694 0.669 0.659 0.69 0.617 0.674 0.681 0.721 0.576 0.612 0.651 0.725 0.711 0.619 0.661 0.657 0.683 0.736 0.724 0.682 0.652 0.535 0.54 -0.3 -9999 -9999 -9999 -9999 -9999 -9999 -9999 -9999 -9999 -9999 -9999 -9999 -9999 -9999 -9999 -9999 -9999 -9999 -9999 -9999 -9999 -9999 -9999
0.508 0.443 0.453 0.426 0.466 0.475 0.6 0.632 0.69 0.569 0.717 0.8 0.715 0.661 0.712 0.621 0.627 0.654 0.58 0.515 0.506 0.569 0.568 0.539 0.59 0.616 0.727 0.703 0.661 0.744 0.728 0.637 0.624 0.692 0.623 0.727 0.737 0.691 0.627 0.584 0.662 0.656 0.656 0.805 0.728 0.751 0.748 0.752 0.608 0.582 0.599 0.573 0.535 -0.3 -9999 -9999 -9999 -9999 -9999 -9999 -9999 -9999 -9999 -9999 -9999 -9999 -9999 -9999 -9999 -9999 -9999 -9999 -9999 -9999 -9999 -9999 -9999
0.418 0.468 0.46 0.409 0.452 0.539 0.581 0.601 0.613 0.673 0.627 0.654 0.595 0.622 0.659 0.609 0.65 0.593 0.507 0.493 0.574 0.58 0.604 0.612 0.697 0.701 0.807 0.758 0.656 0.678 0.69 0.66 0.613 0.735 0.698 0.693 0.689 0.656 0.676 0.689 0.708 0.709 0.698 0.834 0.799 0.75 0.795 0.716 0.649 0.691 0.641 0.56 0.506 0.402 -9999 -9999 -9999 -0.3 -9999 -9999 -9999 -9999 -9999 -9999 -9999 -9999 -9999 -9999 -9999 -9999 -9999 -9999 -9999 -9999 -9999 -9999 -9999
0.43 0.456 0.51 0.558 0.604 0.676 0.542 0.475 0.446 0.419 0.412 0.432 0.424 0.413 0.447 0.441 0.471 0.459 0.493 0.468 0.467 0.526 0.49 0.735 0.728 0.753 0.713 0.826 0.741 0.78 0.74 0.723 0.717 0.665 0.681 0.677 0.562 0.617 0.715 0.689 0.692 0.73 0.705 0.749 0.774 0.666 0.651 0.707 0.712 0.644 0.508 0.622 0.497 0.503 -9999 -9999 -9999 -9999 -9999 -9999 -9999 -9999 -9999 -9999 -9999 -9999 -9999 -9999 -9999 -9999 -9999 -9999 -9999 -9999 -9999 -9999 -9999
0.477 0.529 0.532 0.571 0.538 0.561 0.515 0.476 0.428 0.422 0.413 0.478 0.573 0.498 0.51 0.465 0.48 0.523 0.592 0.581 0.588 0.527 0.627 0.74 0.792 0.85 0.837 0.81 0.756 0.759 0.739 0.74 0.71 0.736 0.7 0.621 0.65 0.661 0.664 0.675 0.604 0.7 0.713 0.617 0.686 0.672 0.655 0.776 0.632 0.455 -9999 0.592 0.613 -9999 0.465 -9999 -9999 -9999 -9999 -9999 -9999 -9999 -9999 -9999 -9999 -9999 -9999 -9999 -9999 -9999 -9999 -9999 -9999 -9999 -9999 -9999 -9999
0.467 0.532 0.539 0.492 0.571 0.619 0.528 0.5 0.469 0.44 0.496 0.587 0.66 0.625 0.689 0.579 0.594 0.665 0.664 0.744 0.771 0.718 0.703 0.69 0.726 0.836 0.844 0.843 0.747 0.743 0.738 0.725 0.725 0.689 0.678 0.732 0.742 0.827 0.738 0.732 0.641 0.656 0.618 0.638 0.706 0.605 0.625 0.658 0.488 -9999 -9999 0.5 -9999 -9999 -9999 -9999 -9999 -9999 -9999 -9999 -9999 -9999 -9999 -9999 -9999 -9999 -9999 -9999 -9999 -9999 -9999 -9999 -9999 -9999 -9999 -9999 -9999
0.555 0.523 0.477 0.526 0.695 0.679 0.573 0.609 0.638 0.637 0.595 0.697 0.735 0.67 0.673 0.658 0.619 0.694 0.684 0.833 0.847 0.832 0.805 0.667 0.693 0.835 0.814 0.836 0.728 0.717 0.691 0.683 0.723 0.617 0.666 0.804 0.822 0.813 0.633 0.668 0.685 0.554 0.577 0.534 0.652 0.585 0.669 0.598 -9999 -9999 0.552 -9999 -9999 -9999 -9999 -9999 -9999 -9999 -9999 -9999 -9999 -9999 -9999 -9999 -9999 -9999 -9999 -9999 -9999 -9999 -9999 -9999 -9999 -9999 -9999 -9999 -9999
0.624 0.466 0.488 0.538 0.544 0.601 0.609 0.624 0.651 0.709 0.681 0.704 0.726 0.723 0.725 0.841 0.679 0.726 0.857 0.861 0.87 0.832 0.789 0.627 0.673 0.74 0.827 0.809 0.663 0.614 0.686 0.683 0.72 0.687 0.734 0.748 0.742 0.706 0.709 0.741 0.669 0.653 0.677 0.581 0.44 0.475 0.583 0.449 -9999 -9999 -9999 -9999 -9999 -9999 -9999 -9999 -9999 -9999 -9999 -9999 -9999 -9999 -9999 -9999 -9999 -9999 -9999 -9999 -9999 -9999 -9999 -9999 -9999 -9999 -9999 -9999 -9999
0.486 0.516 0.485 0.44 0.443 0.512 0.66 0.684 0.749 0.742 0.754 0.751 0.733 0.737 0.737 0.846 0.838 0.761 0.738 0.685 0.705 0.689 0.644 0.622 0.65 0.696 0.706 0.727 0.737 0.753 0.817 0.707 0.664 0.694 0.696 0.738 0.756 0.712 0.658 0.655 0.708 0.733 0.644 0.557 0.612 0.537 0.426 -9999 -9999 -9999 -9999 -9999 -9999 -9999 -9999 -9999 -9999 -9999 -9999 -9999 -9999 -9999 -9999 -9999 -9999 -9999 -9999 -9999 -9999 -9999 -9999 -9999 -9999 -9999 -9999 -9999 -9999
0.511 0.553 0.527 0.488 0.424 0.5 0.656 0.717 0.701 0.726 0.748 0.759 0.757 0.751 0.836 0.876 0.834 0.737 0.674 0.702 0.73 0.725 0.688 0.676 0.784 0.74 0.697 0.709 0.799 0.815 0.827 0.737 0.726 0.73 0.75 0.739 0.832 0.736 0.651 0.621 0.659 0.639 0.667 0.459 0.465 0.421 -9999 -9999 -9999 -9999 -9999 -9999 -9999 -9999 -9999 -9999 -9999 -9999 -9999 -9999 -9999 -9999 -9999 -9999 -9999 -9999 -9999 -9999 -9999 -9999 -9999 -9999 -9999 -9999 -9999 -9999 -9999
0.644 0.593 0.619 0.605 0.524 0.651 0.7 0.737 0.685 0.703 0.754 0.729 0.689 0.853 0.875 0.836 0.836 0.712 0.63 0.713 0.737 0.741 0.595 0.7 0.729 0.706 0.668 0.708 0.8 0.742 0.814 0.717 0.72 0.749 0.752 0.74 0.675 0.708 0.635 0.66 0.672 0.645 0.632 0.582 0.527 -9999 -9999 -9999 -9999 -9999 -9999 -9999 -9999 -9999 -9999 -9999 -9999 -9999 -9999 -9999 -9999 -9999 -9999 -9999 -9999 -9999 -9999 -9999 -9999 -9999 -9999 -9999 -9999 -9999 -9999 -9999 -9999
0.718 0.693 0.699 0.655 0.486 0.611 0.751 0.808 0.699 0.721 0.706 0.672 0.605 0.797 0.828 0.838 0.696 0.671 0.704 0.73 0.68 0.708 0.676 0.738 0.713 0.686 0.739 0.636 0.636 0.727 0.74 0.715 0.755 0.715 0.742 0.736 0.675 0.649 0.71 0.721 0.662 0.584 0.572 0.51 0.668 -9999 -9999 -9999 -9999 -9999 -9999 -9999 -9999 -9999 -9999 -9999 -9999 -9999 -9999 -9999 -9999 -9999 -9999 -9999 -9999 -9999 -9999 -9999 -9999 -9999 -9999 -9999 -9999 -9999 -9999 -9999 -9999
0.658 0.701 0.723 0.713 0.447 0.638 0.74 0.723 0.726 0.701 0.669 0.624 0.594 0.819 0.693 0.737 0.707 0.684 0.646 0.666 0.675 0.744 0.739 0.709 0.751 0.7 0.649 0.724 0.701 0.805 0.724 0.715 0.748 0.707 0.819 0.68 0.675 0.693 0.731 0.754 0.698 0.677 0.603 0.41 -0.3 -9999 -9999 -9999 -9999 -9999 -9999 -9999 -9999 -9999 -9999 -9999 -9999 -9999 -9999 -9999 -9999 -9999 -9999 -9999 -9999 -9999 -9999 -9999 -9999 -9999 -9999 -9999 -9999 -9999 -9999 -9999 -9999
0.691 0.707 0.677 0.553 0.51 0.575 0.622 0.627 0.703 0.706 0.71 0.749 0.715 0.639 0.735 0.671 0.668 0.655 0.636 0.609 0.703 0.693 0.784 0.697 0.738 0.678 0.668 0.617 0.724 0.73 0.729 0.673 0.64 0.649 0.711 0.727 0.702 0.621 0.678 0.707 0.685 0.693 0.647 0.611 -0.3 -9999 -9999 -9999 -9999 -9999 -9999 -9999 -9999 -9999 -9999 -9999 -9999 -9999 -9999 -9999 -9999 -9999 -9999 -9999 -9999 -9999 -9999 -9999 -9999 -9999 -9999 -9999 -9999 -9999 -9999 -9999 -9999
0.695 0.741 0.715 0.483 0.538 0.672 0.621 0.567 0.659 0.705 0.718 0.714 0.682 0.653 0.669 0.719 0.711 0.727 0.678 0.608 0.735 0.726 0.747 0.712 0.752 0.672 0.705 0.714 0.737 0.703 0.716 0.703 0.719 0.657 0.701 0.669 0.67 0.687 0.732 0.703 0.609 -9999 0.669 -0.3 -9999 -9999 -9999 -9999 -9999 -9999 -9999 -9999 -9999 -9999 -9999 -9999 -9999 -9999 -9999 -9999 -9999 -9999 -9999 -9999 -9999 -9999 -9999 -9999 -9999 -9999 -9999 -9999 -9999 -9999 -9999 -9999 -9999
0.716 0.745 0.738 0.428 0.556 0.692 0.669 0.663 0.726 0.717 0.733 0.673 0.713 0.68 0.667 0.697 0.813 0.75 0.664 0.649 0.638 0.69 0.684 0.712 0.649 0.636 0.667 0.724 0.698 0.73 0.68 0.682 0.696 0.65 0.647 0.647 0.678 0.674 0.742 0.714 0.672 0.664 0.614 -0.3 -9999 -9999 -9999 -9999 -9999 -9999 -9999 -9999 -9999 -9999 -9999 -9999 -9999 -9999 -9999 -9999 -9999 -9999 -9999 -9999 -9999 -9999 -9999 -9999 -9999 -9999 -9999 -9999 -9999 -9999 -9999 -9999 -9999
0.68 0.683 0.707 0.506 0.598 0.682 0.703 0.699 0.75 0.743 0.726 0.65 0.727 0.725 0.659 0.674 0.78 0.688 0.712 0.632 0.636 0.646 0.624 0.615 0.61 0.665 0.677 0.704 0.688 0.722 0.746 0.6 0.687 0.668 0.598 0.668 0.74 0.702 0.726 0.73 0.71 0.599 -9999 -9999 -9999 -9999 -9999 -9999 -9999 -9999 -9999 -9999 -9999 -9999 -9999 -9999 -9999 -9999 -9999 -9999 -9999 -9999 -9999 -9999 -9999 -9999 -9999 -9999 -9999 -9999 -9999 -9999 -9999 -9999 -9999 -9999 -9999
0.719 0.703 0.624 0.602 0.555 0.672 0.738 0.731 0.761 0.712 0.674 0.676 0.735 0.707 0.671 0.679 0.736 0.688 0.718 0.685 0.686 0.616 0.652 0.674 0.718 0.718 0.813 0.726 0.715 0.734 0.718 0.722 0.71 0.639 0.619 0.644 0.714 0.692 0.8 0.732 0.712 -9999 -9999 -9999 -9999 -9999 -9999 -9999 -9999 -9999 -9999 -9999 -9999 -9999 -9999 -9999 -9999 -9999 -9999 -9999 -9999 -9999 -9999 -9999 -9999 -9999 -9999 -9999 -9999 -9999 -9999 -9999 -9999 -9999 -9999 -9999 -9999
