data/china_ndvi_max_1990.asc
ncols         710
nrows         510
xllcorner     70
yllcorner     10
cellsize      0.1
NODATA_value  -9999
[rows 204 to 237 of 510, columns 231 to 307 of 710]
0.047 0.031 0.026 0.039 0.047 0.056 0.051 0.045 0.037 0.037 0.033 0.039 0.044 0.05 0.06 0.053 0.053 0.079 0.081 0.113 0.091 0.069 0.059 0.06 0.073 0.112 0.166 0.26 0.086 0.134 0.137 0.078 0.051 0.087 0.116 0.138 0.128 0.158 0.083 0.059 0.06 0.065 0.054 0.059 0.051 0.055 0.059 0.069 0.062 0.068 0.066 0.067 0.079 0.084 0.07 0.069 0.069 0.071 0.079 0.072 0.075 0.07 0.066 0.071 0.058 0.055 0.055 0.062 0.058 0.052 0.052 0.05 0.052 0.052 0.052 0.052 0.052
0.065 0.051 0.05 0.063 0.039 0.056 0.049 0.059 0.092 0.061 0.034 0.035 0.03 0.065 0.087 0.067 0.128 0.082 0.067 0.084 0.102 0.086 0.051 0.04 0.047 0.125 0.065 0.062 0.063 0.109 0.137 0.157 0.104 0.065 0.051 0.047 0.045 0.041 0.118 0.238 0.203 0.163 0.059 0.063 0.086 0.121 0.091 0.073 0.059 0.058 0.076 0.072 0.053 0.044 0.044 0.051 0.052 0.046 0.058 0.086 0.072 0.078 0.066 0.064 0.091 0.211 0.143 0.041 0.042 0.052 0.052 0.055 0.063 0.066 0.069 0.071 0.071
0.073 0.059 0.057 0.067 0.05 0.046 0.078 0.083 0.075 0.043 0.041 0.034 0.033 0.027 0.062 0.105 0.213 0.205 0.075 0.069 0.068 0.082 0.073 0.043 0.075 0.09 0.075 0.078 0.067 0.122 0.147 0.141 0.076 0.053 0.058 0.052 0.056 0.061 0.038 0.183 0.161 0.128 0.055 0.071 0.053 0.044 0.139 0.178 0.065 0.054 0.053 0.045 0.052 0.048 0.06 0.1 0.072 0.051 0.054 0.064 0.075 0.064 0.055 0.06 0.154 0.063 0.043 0.038 0.044 0.056 0.058 0.061 0.065 0.066 0.069 0.072 0.073
0.076 0.069 0.069 0.033 0.045 0.043 0.037 0.035 0.05 0.027 0.029 0.03 0.027 0.037 0.047 0.252 0.273 0.244 0.206 0.071 0.047 0.038 0.043 0.041 0.046 0.078 0.048 0.046 0.041 0.057 0.042 0.045 0.054 0.06 0.062 0.064 0.063 0.056 0.051 0.067 0.05 0.05 0.07 0.063 0.063 0.054 0.062 0.057 0.068 0.089 0.09 0.062 0.033 0.033 0.039 0.054 0.145 0.168 0.184 0.193 0.136 0.072 0.041 0.061 0.035 0.036 0.04 0.05 0.054 0.059 0.061 0.064 0.066 0.067 0.072 0.074 0.076
0.101 0.127 0.053 0.037 0.038 0.036 0.035 0.041 0.029 0.052 0.036 0.026 0.029 0.032 0.077 0.277 0.186 0.031 0.037 0.056 0.05 0.046 0.041 0.033 0.037 0.04 0.048 0.064 0.051 0.059 0.056 0.057 0.059 0.066 0.069 0.066 0.07 0.07 0.059 0.059 0.062 0.058 0.06 0.064 0.072 0.067 0.059 0.053 0.05 0.06 0.056 0.06 0.036 0.034 0.038 0.033 0.059 0.216 0.216 0.12 0.048 0.043 0.035 0.081 0.034 0.043 0.052 0.06 0.06 0.067 0.066 0.066 0.065 0.066 0.075 0.076 0.077
0.039 0.045 0.046 0.044 0.039 0.037 0.039 0.04 0.034 0.038 0.03 0.03 0.036 0.036 0.055 0.065 0.055 0.047 0.056 0.058 0.043 0.041 0.043 0.044 0.052 0.082 0.069 0.056 0.072 0.068 0.054 0.057 0.067 0.085 0.082 0.064 0.056 0.063 0.067 0.073 0.074 0.067 0.063 0.082 0.072 0.073 0.074 0.061 0.051 0.054 0.059 0.057 0.043 0.04 0.04 0.04 0.039 0.088 0.211 0.116 0.048 0.044 0.038 0.1 0.049 0.056 0.061 0.063 0.06 0.069 0.069 0.067 0.068 0.067 0.071 0.075 0.078
0.044 0.045 0.049 0.045 0.047 0.047 0.044 0.047 0.043 0.056 0.152 0.061 0.049 0.038 0.05 0.054 0.064 0.073 0.077 0.057 0.059 0.06 0.058 0.054 0.056 0.069 0.065 0.078 0.078 0.068 0.098 0.117 0.092 0.074 0.081 0.071 0.09 0.14 0.065 0.109 0.1 0.093 0.068 0.058 0.054 0.063 0.065 0.07 0.061 0.087 0.075 0.085 0.052 0.062 0.171 0.091 0.065 0.089 0.082 0.072 0.073 0.063 0.05 0.048 0.064 0.066 0.068 0.057 0.058 0.068 0.07 0.075 0.077 0.08 0.071 0.073 0.073
0.064 0.063 0.058 0.055 0.059 0.055 0.049 0.051 0.054 0.044 0.05 0.062 0.051 0.046 0.042 0.037 0.042 0.065 0.068 0.077 0.075 0.071 0.069 0.074 0.106 0.104 0.111 0.105 0.082 0.087 0.083 0.103 0.1 0.082 0.07 0.059 0.076 0.077 0.067 0.113 0.123 0.121 0.101 0.092 0.084 0.078 0.083 0.073 0.066 0.057 0.062 0.069 0.108 0.067 0.279 0.278 0.234 0.213 0.149 0.078 0.075 0.072 0.058 0.052 0.068 0.07 0.068 0.063 0.061 0.059 0.06 0.065 0.068 0.071 0.074 0.076 0.079
0.059 0.053 0.051 0.044 0.039 0.043 0.041 0.047 0.047 0.05 0.059 0.064 0.07 0.064 0.057 0.056 0.043 0.064 0.094 0.089 0.089 0.09 0.097 0.09 0.086 0.085 0.091 0.104 0.097 0.098 0.102 0.11 0.137 0.119 0.081 0.093 0.086 0.101 0.116 0.11 0.122 0.107 0.128 0.126 0.126 0.12 0.101 0.096 0.089 0.069 0.071 0.071 0.094 0.191 0.182 0.267 0.259 0.17 0.095 0.07 0.098 0.09 0.06 0.07 0.136 0.144 0.063 0.068 0.069 0.071 0.063 0.059 0.065 0.066 0.069 0.066 0.067
0.047 0.049 0.051 0.047 0.043 0.046 0.047 0.051 0.048 0.049 0.062 0.065 0.074 0.067 0.079 0.077 0.068 0.074 0.082 0.116 0.137 0.127 0.108 0.089 0.103 0.095 0.097 0.103 0.105 0.106 0.144 0.18 0.126 0.132 0.11 0.094 0.096 0.104 0.114 0.12 0.145 0.136 0.117 0.126 0.107 0.138 0.138 0.159 0.158 0.091 0.097 0.102 0.071 0.08 0.095 0.189 0.293 0.219 0.091 0.074 0.092 0.059 0.054 0.088 0.057 0.184 0.099 0.06 0.066 0.081 0.074 0.061 0.067 0.072 0.078 0.076 0.068
0.057 0.055 0.06 0.057 0.062 0.058 0.063 0.062 0.058 0.062 0.069 0.074 0.06 0.073 0.085 0.086 0.08 0.077 0.125 0.124 0.131 0.093 0.056 0.065 0.074 0.054 0.051 0.108 0.119 0.126 0.129 0.086 0.043 0.035 0.05 0.09 0.092 0.089 0.098 0.105 0.129 0.129 0.147 0.159 0.115 0.107 0.124 0.116 0.119 0.129 0.159 0.129 0.109 0.101 0.078 0.145 0.215 0.124 0.092 0.135 0.043 0.056 0.062 0.092 0.06 0.147 0.11 0.061 0.07 0.061 0.063 0.072 0.074 0.077 0.073 0.075 0.079
0.081 0.087 0.086 0.087 0.086 0.124 0.095 0.102 0.095 0.113 0.137 0.15 0.151 0.122 0.068 0.071 0.071 0.088 0.127 0.094 0.101 0.084 0.076 0.075 0.078 0.076 0.065 0.062 0.091 0.062 0.071 0.072 0.068 0.067 0.078 -0.008 0.002 0.059 0.108 0.146 0.144 0.163 0.153 0.136 0.08 0.115 0.098 0.096 0.132 0.12 0.11 0.081 0.178 0.133 0.263 0.228 0.192 0.159 0.212 0.17 0.146 0.083 0.065 0.079 0.103 0.258 0.318 0.345 0.242 0.198 0.201 0.123 0.096 0.089 0.098 0.097 0.085
0.088 0.09 0.099 0.106 0.038 0.021 0.017 0.028 0.069 0.082 0.089 0.093 0.084 0.067 0.056 0.057 0.048 0.053 0.057 0.081 0.091 0.09 0.087 0.079 0.079 0.08 0.07 0.069 0.075 0.07 0.097 0.12 0.114 0.084 0.074 0.055 0.056 0.071 0.103 0.104 0.125 0.121 0.114 0.09 0.083 0.097 0.126 0.119 0.116 0.108 0.092 0.066 0.08 0.127 0.145 0.172 0.218 0.169 0.201 0.117 0.161 0.147 0.089 0.084 0.08 0.095 0.112 0.139 0.188 0.201 0.215 0.288 0.191 0.092 0.097 0.103 0.099
0.103 0.093 0.063 0.063 0.05 0.043 0.051 0.056 0.056 0.049 0.037 0.028 0.042 0.05 0.053 0.051 0.047 0.055 0.048 0.048 0.053 0.034 0.014 0.06 0.066 0.061 0.069 0.073 0.076 0.097 0.079 0.072 0.091 0.11 0.071 0.075 0.075 0.09 0.086 0.08 0.062 0.048 0.039 0.053 0.105 0.115 0.107 0.084 0.124 0.133 0.128 0.07 0.091 0.106 0.101 0.072 0.177 0.152 0.188 0.225 0.164 0.116 0.109 0.112 0.102 0.12 0.134 0.101 0.104 0.254 0.257 0.23 0.218 0.128 0.098 0.104 0.107
0.047 0.046 0.045 0.044 0.047 0.037 0.043 0.059 0.054 0.051 0.041 0.048 0.047 0.057 0.05 0.054 0.057 0.062 0.049 0.048 0.043 0.046 0.063 0.032 0.039 0.062 0.057 0.097 0.066 0.088 0.081 0.078 0.084 0.092 0.105 0.07 0.068 0.077 0.107 0.083 0.095 0.104 0.1 0.096 0.108 0.122 0.115 0.126 0.126 0.155 0.161 0.174 0.17 0.139 0.073 0.054 0.139 0.16 0.193 0.165 0.174 0.261 0.193 0.169 0.123 0.128 0.134 0.144 0.136 0.065 0.112 0.299 0.375 0.408 0.099 0.115 0.119
0.038 0.04 0.045 0.049 0.048 0.05 0.056 0.061 0.06 0.047 0.05 0.129 0.139 0.07 0.055 0.058 0.065 0.065 0.059 0.051 0.052 0.052 0.069 0.071 0.006 0.065 0.081 0.074 0.091 0.077 0.091 0.085 0.073 0.083 0.11 0.117 0.101 0.094 0.107 0.107 0.105 0.112 0.112 0.117 0.104 0.108 0.116 0.129 0.133 0.119 0.12 0.143 0.151 0.148 0.169 0.149 0.14 0.104 0.082 0.208 0.152 0.15 0.267 0.269 0.177 0.142 0.142 0.132 0.129 0.09 0.153 0.191 0.275 0.299 0.176 0.117 0.125
0.052 0.044 0.062 0.086 0.043 0.037 0.038 -0.023 -0.077 0.13 0.116 0.136 0.109 0.069 0.049 0.051 0.052 0.048 0.048 0.064 0.083 0.049 0.045 0.051 0.064 0.058 0.037 0.103 0.122 0.067 0.053 0.075 0.087 0.094 0.102 0.116 0.124 0.128 0.121 0.089 0.083 0.065 0.091 0.054 0.147 0.12 0.125 0.145 0.129 0.139 0.196 0.181 0.143 0.159 0.226 0.153 0.245 0.258 0.257 0.25 0.174 0.286 0.32 0.139 0.267 0.174 0.183 0.172 0.166 0.147 0.112 0.16 0.204 0.378 0.341 0.326 0.236
0.049 0.044 0.042 0.055 0.034 0.048 0.056 0.042 0.04 0.032 0.05 0.059 0.131 0.063 0.051 0.051 0.049 0.049 0.05 0.055 0.049 0.052 0.048 0.057 0.054 0.065 0.059 0.037 0.035 0.084 0.06 0.062 0.058 0.068 0.085 0.092 0.122 0.131 0.101 0.067 0.064 0.072 0.102 0.116 0.134 0.12 0.128 0.174 0.126 0.085 0.084 0.221 0.234 0.191 0.258 0.246 0.205 0.257 0.335 0.274 0.296 0.238 0.259 0.317 0.295 0.271 0.356 0.368 0.324 0.22 0.139 0.128 0.275 0.364 0.177 0.143 0.099
0.049 0.047 0.036 0.058 0.045 0.059 0.052 0.049 0.051 0.043 0.041 0.034 0.034 0.038 0.047 0.045 0.046 0.044 0.066 0.058 0.062 0.061 0.07 0.076 0.064 0.061 0.072 0.058 0.075 0.02 0.035 0.06 0.103 0.112 0.11 0.099 0.11 0.123 0.116 0.092 0.037 0.029 0.027 0.1 0.107 0.024 0.045 0.159 0.176 0.151 0.14 0.131 0.118 0.28 0.315 0.302 0.272 0.167 0.2 0.25 0.209 0.254 0.267 0.232 0.278 0.332 0.384 0.418 0.397 0.255 0.205 0.218 0.16 0.134 0.126 0.122 0.153
0.053 0.052 0.045 0.049 0.038 0.052 0.056 0.061 0.067 0.059 0.073 0.061 0.049 0.045 0.049 0.053 0.062 0.073 0.072 0.068 0.065 0.063 0.093 0.105 0.078 0.068 0.084 0.072 0.066 0.083 0.068 -0.007 0.034 0.094 0.134 0.111 0.112 0.131 0.123 0.095 0.095 0.099 0.025 -0.025 0.095 0.11 -0.019 0.072 0.191 0.171 0.163 0.154 0.06 0.118 0.26 0.273 0.352 0.318 0.231 0.201 0.307 0.341 0.32 0.312 0.285 0.288 0.291 0.322 0.286 0.216 0.236 0.293 0.288 0.233 0.185 0.261 0.19
0.05 0.052 0.05 0.041 0.051 0.045 0.06 0.059 0.057 0.049 0.052 0.069 0.057 0.043 0.049 0.056 0.071 0.072 0.077 0.074 0.073 0.07 0.082 0.081 0.081 0.099 0.113 0.115 0.1 0.069 0.067 0.076 0.077 0.086 0.084 0.113 0.121 0.127 0.087 0.093 0.093 0.094 0.086 0.061 0.11 0.061 -0.017 0.062 0.075 0.202 0.201 0.166 0.174 0.185 0.12 0.164 0.216 0.284 0.287 0.18 0.135 0.161 0.233 0.326 0.272 0.24 0.369 0.367 0.36 0.302 0.41 0.406 0.366 0.289 0.276 0.256 0.225
0.045 0.05 0.049 0.048 0.042 0.034 0.048 0.048 0.042 0.056 0.056 0.057 0.056 0.046 0.066 0.075 0.073 0.065 0.061 0.065 0.046 0.063 0.08 0.098 0.052 0.014 0.01 0.014 0.053 0.071 0.094 0.09 0.086 0.076 0.087 0.094 0.093 0.06 0.068 0.087 0.102 0.092 0.096 0.13 -0.3 -0.066 0.093 0.116 0.06 0.069 0.173 0.175 0.216 0.231 0.251 0.208 0.242 0.267 0.293 0.295 0.303 0.351 0.395 0.386 0.341 0.402 0.339 0.292 0.28 0.329 0.28 0.284 0.14 0.204 0.416 0.451 0.409
0.043 0.045 0.04 0.042 0.047 0.044 0.039 0.039 0.039 0.047 0.016 0.032 0.062 0.047 0.05 0.047 0.052 0.057 0.061 0.059 0.053 0.059 0.054 0.064 0.061 0.028 0.069 0.064 0.017 0.09 0.098 0.126 0.122 0.125 0.095 0.103 0.115 0.101 0.081 0.088 0.077 0.086 0.106 0.123 -0.3 -0.3 -0.3 0.107 0.136 0.137 0.124 0.159 0.181 0.248 0.184 0.145 0.113 0.153 0.146 0.189 0.232 0.245 0.324 0.313 0.232 0.238 0.291 0.347 0.352 0.341 0.294 0.302 0.235 0.171 0.154 0.22 0.281
0.043 0.047 0.044 0.044 0.048 0.048 0.048 0.038 0.034 0.041 0.049 0.051 0.063 0.152 0.055 0.05 0.056 0.058 0.072 0.07 0.075 0.063 0.062 0.065 0.058 0.069 0.071 0.07 0.068 0.042 0.015 -0.002 -0.009 -0.013 0.073 0.076 0.081 0.077 0.114 0.097 0.106 0.116 0.105 0.112 0.118 -0.3 -0.3 0.097 0.082 0.101 0.144 0.15 0.14 0.15 0.132 0.149 0.093 0.128 0.147 0.311 0.298 0.247 0.307 0.244 0.234 0.277 0.324 0.287 0.141 0.373 0.349 0.317 0.382 0.45 0.332 0.178 0.354
0.04 0.046 0.049 0.042 0.048 0.049 0.051 0.048 0.042 0.042 0.051 0.046 0.082 0.122 0.055 0.055 0.071 0.064 0.063 0.073 0.083 0.066 0.064 0.068 0.056 0.059 0.073 0.082 0.071 0.102 0.097 0.082 0.056 0.015 0.099 0.134 0.108 0.088 0.078 0.092 0.091 0.098 0.116 0.132 0.125 0.121 0.12 0.132 0.133 0.129 0.134 0.178 0.162 0.17 0.178 0.195 0.18 0.19 0.215 0.199 0.342 0.343 0.36 0.373 0.33 0.352 0.37 0.268 0.168 0.282 0.275 0.328 0.425 0.44 0.389 0.282 0.391
0.042 0.046 0.05 0.051 0.047 0.05 0.051 0.053 0.051 0.044 0.051 0.041 0.066 0.128 0.126 0.051 0.054 0.062 0.063 0.079 0.074 0.089 0.06 0.068 0.053 0.079 0.06 0.063 0.082 0.093 0.102 0.098 0.111 0.082 0.11 0.116 0.11 0.09 0.088 0.095 0.083 0.069 0.076 0.086 0.13 0.131 0.116 0.13 0.123 0.132 0.155 0.176 0.178 0.202 0.198 0.158 0.157 0.247 0.27 0.211 0.229 0.278 0.363 0.368 0.373 0.356 0.354 0.349 0.349 0.271 0.211 0.195 0.307 0.393 0.442 0.392 0.373
0.052 0.049 0.053 0.052 0.045 0.046 0.046 0.047 0.049 0.053 0.047 0.047 0.052 0.053 0.051 0.055 0.052 0.047 0.046 0.059 0.069 -0.009 0.078 0.068 0.08 0.109 0.082 0.099 0.093 0.086 0.093 0.085 0.095 0.103 0.109 0.078 0.065 0.071 0.073 0.083 0.079 0.087 0.1 0.107 0.075 0.141 0.121 0.131 0.119 0.139 0.121 0.129 0.154 0.205 0.147 0.171 0.354 0.37 0.25 0.265 0.325 0.3 0.292 0.269 0.208 0.141 0.206 0.243 0.291 0.337 0.354 0.359 0.392 0.411 0.297 0.207 0.252
0.058 0.055 0.055 0.054 0.05 0.045 0.046 0.046 0.048 0.051 0.051 0.051 0.05 0.051 0.045 0.048 0.054 0.055 0.048 0.054 0.052 0.026 0.058 0.082 0.054 0.061 0.096 0.09 0.077 0.071 0.065 0.069 0.082 0.097 0.116 0.112 0.11 0.081 0.079 0.106 0.097 0.104 0.108 0.112 0.102 0.148 0.118 0.141 0.118 0.125 0.115 0.131 0.165 0.192 0.272 0.276 0.271 0.332 0.278 0.294 0.321 0.339 0.331 0.32 0.231 0.221 0.165 0.207 0.215 0.298 0.292 0.3 0.351 0.298 0.418 0.401 0.353
0.061 0.061 0.056 -0.3 0.043 0.052 0.049 0.048 0.048 0.054 0.052 0.051 0.052 0.053 0.043 0.043 0.051 0.054 0.057 0.06 0.056 0.061 0.065 0.059 0.068 0.055 0.071 0.075 0.074 0.076 0.089 0.089 0.075 0.071 0.09 0.088 0.087 0.107 0.09 0.077 0.091 0.099 0.117 0.131 0.141 0.17 0.176 0.136 0.133 0.111 0.116 0.142 0.169 0.179 0.288 0.301 0.327 0.312 0.271 0.268 0.331 0.341 0.377 0.361 0.379 0.31 0.303 0.331 0.342 0.363 0.361 0.354 0.436 0.297 0.392 0.448 0.451
0.06 0.06 0.06 0.067 0.055 0.048 0.042 0.043 0.048 0.054 0.053 0.05 0.049 0.053 0.048 0.045 0.05 0.058 0.058 0.067 0.057 0.06 0.053 0.084 0.063 0.075 0.085 0.095 0.095 0.08 0.081 0.077 0.068 0.086 0.086 0.093 0.118 0.121 0.103 0.123 0.112 0.092 0.078 0.065 0.153 0.175 0.176 0.164 0.21 0.113 0.18 0.139 0.145 0.137 0.256 0.274 0.324 0.292 0.252 0.327 0.335 0.371 0.366 0.386 0.313 0.284 0.293 0.34 0.333 0.414 0.347 0.268 0.308 0.352 0.325 0.358 0.409
0.061 0.056 0.062 0.062 0.066 0.07 0.061 0.019 -0.178 0.049 0.053 0.052 0.051 0.051 0.051 0.05 0.051 0.053 0.056 0.059 0.065 0.071 0.058 0.071 0.046 0.056 0.066 0.082 0.081 0.084 0.072 0.075 0.074 0.093 0.101 0.112 0.12 0.111 0.108 0.122 0.133 0.109 0.092 0.115 0.128 0.144 0.148 0.158 0.134 0.117 0.143 0.137 0.192 0.195 0.292 0.278 0.274 0.3 0.263 0.348 0.37 0.379 0.362 0.395 0.426 0.346 0.338 0.382 0.373 0.416 0.472 0.435 0.394 0.381 0.244 0.315 0.383
0.072 0.058 0.061 0.068 0.063 0.07 0.069 0.063 0.062 0.05 0.056 0.054 0.056 0.054 0.054 0.051 0.049 0.051 0.052 0.056 0.057 0.052 0.059 0.064 0.063 0.072 0.057 0.081 0.069 0.079 0.077 0.066 0.082 0.103 0.103 0.079 0.097 0.101 0.085 0.077 0.078 0.075 0.111 0.15 0.12 0.093 0.122 0.129 0.141 0.114 0.116 0.142 0.171 0.176 0.202 0.266 0.291 0.283 0.235 0.28 0.304 0.32 0.339 0.295 0.361 0.419 0.413 0.426 0.412 0.453 0.41 0.425 0.438 0.463 0.43 0.376 0.37
0.073 0.074 0.092 0.121 0.076 0.069 0.06 0.064 0.064 0.063 0.062 0.058 0.054 0.054 0.057 0.058 0.057 0.052 0.054 0.054 0.055 0.052 0.05 0.053 0.045 0.057 0.055 0.063 0.06 0.056 0.06 0.059 0.06 0.08 0.112 0.103 0.09 0.083 0.068 0.104 0.112 0.142 0.113 0.096 0.121 0.115 0.124 0.14 0.133 0.166 0.19 0.176 0.188 0.175 0.189 0.121 0.181 0.279 0.338 0.252 0.269 0.301 0.288 0.312 0.341 0.377 0.373 0.335 0.316 0.299 0.285 0.328 0.316 0.343 0.384 0.431 0.458
0.133 0.11 0.071 0.064 0.08 0.052 0.05 0.06 0.066 0.063 0.063 0.063 0.065 0.059 0.058 0.063 0.055 0.054 0.057 0.051 0.051 0.055 0.053 0.049 0.047 0.043 0.044 0.054 0.053 0.074 0.08 0.08 0.067 0.07 0.07 0.081 0.076 0.068 0.051 0.197 0.208 0.132 0.089 0.081 0.098 0.075 0.09 0.144 0.137 0.179 0.177 0.19 0.176 0.154 0.218 0.205 0.207 0.226 0.35 0.384 0.352 0.323 0.281 0.285 0.303 0.289 0.272 -0.029 0.339 0.301 0.302 0.285 0.306 0.306 0.29 0.326 0.42
