data/china_ndvi_max_2001.asc
ncols         710
nrows         510
xllcorner     70
yllcorner     10
cellsize      0.1
NODATA_value  -9999
[rows 210 to 244 of 510, columns 231 to 307 of 710]
0.045 0.045 0.048 0.045 0.047 0.046 0.044 0.047 0.043 0.054 0.145 0.057 0.049 0.041 0.05 0.053 0.064 0.072 0.074 0.056 0.058 0.059 0.057 0.057 0.055 0.069 0.061 0.061 0.063 0.074 0.094 0.109 0.085 0.079 0.077 0.075 0.093 0.128 0.063 0.104 0.096 0.087 0.073 0.069 0.056 0.063 0.07 0.067 0.06 0.079 0.075 0.085 0.054 0.068 0.163 0.087 0.058 0.083 0.071 0.072 0.073 0.062 0.049 0.05 0.064 0.067 0.068 0.058 0.058 0.068 0.07 0.075 0.078 0.081 0.073 0.073 0.074
0.063 0.062 0.058 0.053 0.058 0.054 0.048 0.05 0.053 0.046 0.052 0.056 0.051 0.046 0.041 0.039 0.043 0.065 0.066 0.072 0.072 0.066 0.068 0.074 0.107 0.099 0.104 0.092 0.082 0.089 0.089 0.094 0.104 0.082 0.066 0.069 0.083 0.095 0.082 0.124 0.131 0.128 0.106 0.098 0.088 0.081 0.085 0.069 0.063 0.059 0.063 0.067 0.102 0.073 0.266 0.267 0.211 0.192 0.118 0.084 0.078 0.071 0.057 0.053 0.069 0.071 0.069 0.064 0.062 0.06 0.061 0.065 0.069 0.071 0.075 0.076 0.08
0.058 0.053 0.05 0.043 0.039 0.039 0.039 0.046 0.045 0.05 0.058 0.062 0.066 0.064 0.056 0.054 0.044 0.063 0.079 0.09 0.085 0.093 0.1 0.097 0.092 0.088 0.086 0.095 0.09 0.099 0.112 0.116 0.15 0.131 0.085 0.091 0.088 0.104 0.116 0.119 0.122 0.127 0.134 0.122 0.127 0.117 0.101 0.094 0.088 0.071 0.068 0.07 0.094 0.198 0.182 0.278 0.28 0.165 0.096 0.078 0.099 0.091 0.062 0.089 0.115 0.1 0.065 0.069 0.071 0.07 0.062 0.059 0.065 0.068 0.07 0.066 0.068
0.046 0.047 0.05 0.045 0.042 0.044 0.046 0.05 0.047 0.05 0.061 0.065 0.07 0.069 0.077 0.074 0.065 0.075 0.082 0.114 0.138 0.123 0.105 0.087 0.097 0.101 0.093 0.1 0.102 0.105 0.16 0.186 0.131 0.124 0.113 0.114 0.117 0.119 0.111 0.126 0.144 0.135 0.134 0.134 0.109 0.15 0.148 0.168 0.151 0.093 0.096 0.101 0.072 0.084 0.097 0.192 0.283 0.177 0.082 0.09 0.118 0.061 0.063 0.094 0.063 0.184 0.091 0.06 0.066 0.08 0.074 0.061 0.068 0.073 0.078 0.076 0.067
0.056 0.055 0.06 0.057 0.059 0.056 0.057 0.056 0.051 0.056 0.06 0.061 0.059 0.072 0.089 0.085 0.082 0.077 0.12 0.13 0.107 0.074 0.07 0.083 0.087 0.08 0.078 0.113 0.117 0.141 0.13 0.102 0.05 0.064 0.086 0.095 0.102 0.102 0.1 0.108 0.125 0.126 0.149 0.171 0.126 0.118 0.128 0.122 0.117 0.13 0.152 0.12 0.105 0.102 0.092 0.171 0.211 0.123 0.088 0.119 0.045 0.057 0.068 0.085 0.062 0.149 0.102 0.061 0.066 0.062 0.063 0.073 0.075 0.077 0.071 0.072 0.078
0.077 0.083 0.082 0.085 0.086 0.137 0.089 0.095 0.094 0.105 0.13 0.147 0.147 0.117 0.075 0.071 0.078 0.094 0.13 0.094 0.097 0.084 0.076 0.093 0.078 0.079 0.074 0.077 0.118 0.078 0.083 0.079 0.081 0.071 0.039 -0.01 -0 0.066 0.089 0.144 0.145 0.164 0.155 0.133 0.091 0.12 0.1 0.095 0.132 0.118 0.141 0.074 0.19 0.139 0.242 0.211 0.181 0.157 0.217 0.155 0.132 0.073 0.064 0.092 0.112 0.273 0.318 0.317 0.225 0.188 0.179 0.114 0.089 0.085 0.09 0.09 0.084
0.087 0.087 0.096 0.098 0.061 0.026 0.018 0.039 0.071 0.09 0.09 0.091 0.072 0.071 0.065 0.069 0.073 0.079 0.073 0.106 0.11 0.089 0.09 0.084 0.089 0.086 0.075 0.078 0.084 0.073 0.091 0.115 0.115 0.087 0.082 0.058 0.054 0.071 0.103 0.109 0.128 0.132 0.125 0.092 0.09 0.108 0.131 0.123 0.118 0.106 0.093 0.079 0.089 0.133 0.162 0.183 0.229 0.181 0.211 0.111 0.148 0.139 0.091 0.081 0.093 0.116 0.142 0.208 0.197 0.219 0.234 0.271 0.165 0.089 0.09 0.094 0.093
0.1 0.084 0.072 0.067 0.053 0.047 0.067 0.058 0.055 0.048 0.039 0.029 0.04 0.05 0.056 0.058 0.058 0.062 0.059 0.075 0.074 0.047 0.019 0.059 0.07 0.065 0.079 0.081 0.077 0.079 0.079 0.07 0.093 0.095 0.076 0.099 0.087 0.088 0.076 0.081 0.082 0.067 0.049 0.073 0.108 0.114 0.109 0.095 0.119 0.13 0.126 0.062 0.073 0.111 0.096 0.085 0.186 0.158 0.207 0.212 0.173 0.116 0.109 0.112 0.102 0.115 0.125 0.094 0.103 0.241 0.26 0.25 0.2 0.125 0.096 0.098 0.099
0.048 0.047 0.047 0.043 0.049 0.041 0.047 0.052 0.052 0.051 0.041 0.048 0.046 0.055 0.051 0.059 0.06 0.066 0.056 0.066 0.059 0.06 0.064 0.031 0.042 0.066 0.061 0.118 0.069 0.086 0.079 0.076 0.081 0.104 0.124 0.079 0.076 0.063 0.103 0.081 0.096 0.1 0.09 0.091 0.114 0.123 0.116 0.126 0.123 0.167 0.164 0.174 0.164 0.13 0.072 0.052 0.148 0.177 0.199 0.189 0.184 0.244 0.183 0.154 0.117 0.132 0.131 0.142 0.144 0.07 0.112 0.303 0.34 0.371 0.098 0.115 0.119
0.039 0.04 0.046 0.049 0.048 0.051 0.056 0.061 0.058 0.048 0.048 0.11 0.128 0.067 0.056 0.059 0.065 0.067 0.064 0.062 0.067 0.057 0.071 0.082 0.017 0.06 0.083 0.076 0.101 0.075 0.088 0.083 0.071 0.078 0.124 0.114 0.114 0.103 0.11 0.106 0.101 0.111 0.114 0.116 0.114 0.103 0.113 0.131 0.134 0.127 0.125 0.15 0.159 0.164 0.175 0.152 0.143 0.113 0.091 0.227 0.203 0.203 0.267 0.252 0.166 0.142 0.143 0.131 0.132 0.091 0.168 0.195 0.3 0.293 0.159 0.113 0.13
0.054 0.046 0.06 0.074 0.043 0.038 0.038 -0.023 -0.077 0.132 0.123 0.139 0.119 0.058 0.049 0.051 0.052 0.048 0.049 0.063 0.084 0.051 0.052 0.055 0.071 0.052 0.062 0.103 0.124 0.069 0.053 0.073 0.077 0.094 0.102 0.113 0.112 0.121 0.116 0.109 0.103 0.081 0.086 0.066 0.15 0.124 0.127 0.149 0.13 0.151 0.209 0.168 0.15 0.155 0.215 0.147 0.243 0.234 0.251 0.255 0.177 0.276 0.306 0.147 0.256 0.17 0.174 0.165 0.16 0.132 0.112 0.157 0.201 0.372 0.309 0.304 0.21
0.047 0.044 0.042 0.051 0.035 0.048 0.056 0.043 0.029 0.041 0.07 0.107 0.144 0.055 0.051 0.051 0.05 0.05 0.061 0.057 0.058 0.06 0.053 0.055 0.064 0.077 0.069 0.058 0.071 0.081 0.07 0.071 0.07 0.071 0.095 0.1 0.117 0.132 0.119 0.084 0.085 0.076 0.103 0.121 0.138 0.122 0.142 0.168 0.128 0.087 0.08 0.211 0.219 0.191 0.264 0.263 0.212 0.27 0.348 0.266 0.298 0.231 0.276 0.331 0.308 0.255 0.333 0.359 0.324 0.224 0.133 0.133 0.276 0.341 0.157 0.159 0.116
0.049 0.047 0.036 0.057 0.046 0.059 0.053 0.05 0.05 0.044 0.043 0.04 0.039 0.039 0.048 0.047 0.053 0.083 0.063 0.058 0.061 0.061 0.066 0.074 0.073 0.075 0.07 0.067 0.073 0.016 0.038 0.069 0.096 0.097 0.108 0.112 0.121 0.136 0.124 0.073 0.035 0.028 0.026 0.103 0.111 0.043 0.048 0.163 0.178 0.151 0.155 0.156 0.147 0.315 0.329 0.309 0.291 0.17 0.214 0.26 0.233 0.28 0.274 0.234 0.303 0.338 0.388 0.372 0.387 0.227 0.204 0.217 0.151 0.145 0.122 0.12 0.145
0.052 0.052 0.044 0.05 0.04 0.053 0.056 0.061 0.064 0.06 0.071 0.062 0.048 0.046 0.05 0.054 0.064 0.075 0.072 0.067 0.063 0.065 0.093 0.113 0.092 0.075 0.088 0.082 0.071 0.081 0.06 -0.007 0.052 0.102 0.14 0.127 0.116 0.131 0.128 0.099 0.098 0.103 0.038 -0.026 0.096 0.1 -0.012 0.071 0.189 0.173 0.17 0.163 0.08 0.163 0.301 0.293 0.361 0.341 0.237 0.233 0.365 0.378 0.328 0.319 0.283 0.264 0.294 0.32 0.292 0.215 0.234 0.288 0.26 0.211 0.177 0.233 0.186
0.051 0.053 0.047 0.04 0.052 0.047 0.06 0.059 0.056 0.048 0.053 0.068 0.055 0.044 0.052 0.061 0.069 0.073 0.079 0.083 0.078 0.079 0.093 0.102 0.096 0.1 0.11 0.123 0.097 0.081 0.073 0.075 0.075 0.092 0.079 0.125 0.127 0.146 0.097 0.1 0.099 0.095 0.079 0.075 0.103 0.055 -0.019 0.092 0.08 0.209 0.19 0.171 0.174 0.193 0.158 0.208 0.255 0.312 0.287 0.185 0.163 0.216 0.247 0.32 0.261 0.262 0.371 0.34 0.352 0.281 0.406 0.405 0.363 0.288 0.253 0.246 0.208
0.044 0.049 0.048 0.047 0.04 0.034 0.048 0.048 0.042 0.058 0.056 0.057 0.056 0.045 0.068 0.078 0.075 0.068 0.064 0.075 0.072 0.092 0.094 0.111 0.07 0.02 0.01 0.023 0.05 0.081 0.102 0.104 0.1 0.083 0.088 0.091 0.089 0.064 0.072 0.102 0.113 0.105 0.104 0.118 -0.3 -0.064 0.114 0.122 0.096 0.089 0.186 0.18 0.2 0.213 0.238 0.206 0.255 0.28 0.307 0.323 0.328 0.359 0.398 0.377 0.346 0.401 0.338 0.312 0.296 0.33 0.289 0.272 0.131 0.25 0.448 0.432 0.37
0.043 0.045 0.04 0.042 0.046 0.043 0.038 0.039 0.039 0.047 0.016 0.039 0.06 0.043 0.051 0.048 0.053 0.062 0.064 0.071 0.067 0.07 0.073 0.077 0.065 0.03 0.079 0.078 0.034 0.1 0.098 0.128 0.147 0.143 0.104 0.112 0.117 0.104 0.087 0.087 0.087 0.092 0.123 0.114 -0.3 -0.3 -0.3 0.133 0.148 0.156 0.124 0.156 0.201 0.259 0.204 0.184 0.14 0.204 0.161 0.194 0.248 0.267 0.351 0.349 0.255 0.265 0.32 0.333 0.336 0.347 0.311 0.3 0.207 0.16 0.155 0.225 0.281
0.043 0.047 0.044 0.044 0.047 0.047 0.047 0.036 0.034 0.042 0.049 0.055 0.063 0.149 0.053 0.05 0.056 0.06 0.071 0.068 0.077 0.073 0.074 0.074 0.081 0.086 0.087 0.099 0.079 0.06 0.017 0.02 0.01 -0.011 0.088 0.091 0.094 0.089 0.105 0.114 0.112 0.121 0.111 0.117 0.121 -0.3 -0.3 0.106 0.096 0.113 0.159 0.157 0.137 0.147 0.134 0.127 0.08 0.127 0.142 0.317 0.305 0.253 0.334 0.252 0.239 0.289 0.34 0.333 0.179 0.355 0.349 0.316 0.386 0.418 0.321 0.173 0.346
0.04 0.045 0.047 0.041 0.048 0.048 0.051 0.047 0.041 0.043 0.052 0.053 0.106 0.115 0.053 0.056 0.071 0.065 0.067 0.071 0.085 0.068 0.071 0.081 0.077 0.077 0.091 0.1 0.086 0.104 0.099 0.084 0.059 0.02 0.09 0.119 0.111 0.09 0.092 0.111 0.094 0.104 0.123 0.13 0.126 0.127 0.122 0.134 0.129 0.12 0.142 0.171 0.156 0.178 0.183 0.181 0.197 0.201 0.228 0.206 0.343 0.347 0.369 0.361 0.328 0.351 0.375 0.272 0.163 0.283 0.297 0.336 0.432 0.448 0.373 0.275 0.369
0.042 0.046 0.049 0.05 0.046 0.049 0.051 0.051 0.05 0.044 0.054 0.051 0.091 0.125 0.105 0.049 0.054 0.062 0.064 0.071 0.08 0.088 0.06 0.074 0.081 0.092 0.071 0.083 0.098 0.11 0.116 0.111 0.119 0.094 0.116 0.113 0.111 0.101 0.101 0.104 0.11 0.087 0.088 0.099 0.144 0.146 0.129 0.14 0.13 0.117 0.148 0.176 0.18 0.205 0.205 0.149 0.168 0.229 0.244 0.246 0.254 0.296 0.383 0.368 0.376 0.348 0.353 0.336 0.338 0.272 0.256 0.249 0.365 0.431 0.425 0.368 0.36
0.051 0.048 0.051 0.051 0.044 0.046 0.046 0.047 0.049 0.053 0.047 0.047 0.053 0.053 0.051 0.055 0.053 0.046 0.046 0.063 0.073 -0.01 0.073 0.068 0.062 0.098 0.1 0.102 0.094 0.093 0.1 0.093 0.097 0.111 0.125 0.098 0.086 0.095 0.091 0.101 0.103 0.11 0.107 0.115 0.097 0.139 0.119 0.117 0.114 0.134 0.123 0.133 0.16 0.202 0.142 0.178 0.302 0.345 0.233 0.276 0.337 0.298 0.291 0.28 0.281 0.203 0.28 0.329 0.371 0.363 0.399 0.359 0.392 0.423 0.31 0.252 0.288
0.057 0.053 0.051 0.052 0.049 0.044 0.046 0.046 0.047 0.051 0.051 0.051 0.05 0.05 0.045 0.049 0.054 0.056 0.048 0.056 0.057 0.031 0.066 0.081 0.074 0.079 0.091 0.086 0.079 0.072 0.082 0.089 0.09 0.111 0.121 0.12 0.128 0.113 0.101 0.11 0.108 0.122 0.118 0.121 0.106 0.154 0.116 0.149 0.105 0.123 0.103 0.128 0.164 0.196 0.257 0.275 0.264 0.327 0.282 0.292 0.324 0.335 0.316 0.313 0.219 0.235 0.178 0.233 0.25 0.318 0.311 0.343 0.37 0.322 0.433 0.393 0.374
0.059 0.058 0.054 -0.3 0.04 0.051 0.047 0.047 0.049 0.054 0.052 0.051 0.052 0.052 0.044 0.046 0.053 0.055 0.058 0.059 0.058 0.065 0.068 0.061 0.068 0.062 0.08 0.076 0.07 0.076 0.09 0.086 0.083 0.072 0.1 0.102 0.078 0.09 0.095 0.086 0.102 0.107 0.122 0.124 0.139 0.166 0.16 0.122 0.121 0.095 0.111 0.152 0.176 0.194 0.28 0.278 0.304 0.275 0.297 0.277 0.339 0.346 0.373 0.366 0.372 0.288 0.302 0.323 0.333 0.37 0.369 0.385 0.391 0.334 0.406 0.45 0.453
0.059 0.06 0.058 0.066 0.054 0.048 0.035 0.039 0.045 0.054 0.053 0.051 0.049 0.053 0.048 0.046 0.052 0.059 0.059 0.067 0.057 0.061 0.054 0.075 0.059 0.076 0.083 0.085 0.09 0.079 0.084 0.078 0.07 0.083 0.092 0.089 0.103 0.116 0.097 0.103 0.095 0.09 0.097 0.101 0.164 0.172 0.172 0.156 0.196 0.143 0.174 0.135 0.137 0.129 0.233 0.26 0.308 0.274 0.26 0.341 0.347 0.371 0.366 0.391 0.317 0.282 0.317 0.357 0.335 0.408 0.365 0.31 0.354 0.389 0.373 0.412 0.432
0.059 0.056 0.059 0.062 0.068 0.074 0.059 0.007 -0.178 0.049 0.053 0.052 0.051 0.052 0.051 0.051 0.051 0.055 0.058 0.06 0.066 0.07 0.06 0.076 0.039 0.057 0.067 0.082 0.08 0.082 0.07 0.077 0.08 0.085 0.095 0.097 0.109 0.11 0.103 0.11 0.094 0.097 0.084 0.092 0.123 0.135 0.135 0.144 0.141 0.125 0.156 0.126 0.167 0.173 0.253 0.271 0.274 0.315 0.271 0.345 0.369 0.371 0.356 0.385 0.367 0.352 0.358 0.389 0.38 0.42 0.444 0.411 0.406 0.382 0.27 0.333 0.411
0.065 0.06 0.06 0.065 0.064 0.072 0.069 0.064 0.061 0.047 0.055 0.054 0.055 0.053 0.055 0.053 0.049 0.051 0.053 0.056 0.057 0.053 0.06 0.064 0.062 0.074 0.057 0.076 0.069 0.078 0.077 0.069 0.082 0.093 0.091 0.075 0.092 0.093 0.087 0.077 0.074 0.075 0.111 0.148 0.109 0.084 0.118 0.115 0.128 0.12 0.123 0.146 0.192 0.17 0.208 0.271 0.296 0.279 0.217 0.291 0.308 0.325 0.336 0.314 0.368 0.418 0.418 0.431 0.419 0.444 0.421 0.465 0.441 0.462 0.427 0.374 0.359
0.066 0.07 0.09 0.109 0.07 0.067 0.06 0.063 0.064 0.063 0.062 0.058 0.054 0.055 0.058 0.058 0.057 0.052 0.055 0.054 0.055 0.053 0.051 0.053 0.045 0.055 0.055 0.06 0.059 0.061 0.065 0.062 0.063 0.081 0.111 0.113 0.104 0.092 0.064 0.088 0.113 0.117 0.103 0.11 0.106 0.112 0.12 0.123 0.125 0.149 0.189 0.166 0.177 0.174 0.178 0.137 0.187 0.279 0.299 0.252 0.263 0.279 0.321 0.348 0.356 0.377 0.401 0.346 0.308 0.325 0.309 0.33 0.334 0.363 0.409 0.444 0.438
0.13 0.106 0.08 0.064 0.079 0.052 0.05 0.059 0.065 0.064 0.064 0.064 0.064 0.056 0.057 0.063 0.054 0.056 0.059 0.051 0.051 0.055 0.053 0.05 0.046 0.043 0.045 0.054 0.054 0.074 0.075 0.076 0.065 0.069 0.071 0.08 0.08 0.071 0.056 0.199 0.161 0.12 0.112 0.082 0.087 0.085 0.088 0.128 0.125 0.159 0.156 0.183 0.177 0.155 0.197 0.18 0.18 0.207 0.319 0.339 0.342 0.328 0.287 0.292 0.315 0.295 0.297 0.206 0.369 0.305 0.248 0.275 0.308 0.327 0.311 0.351 0.417
0.165 0.155 0.139 0.142 0.091 0.086 0.08 0.072 0.067 0.064 0.066 0.064 0.057 0.053 0.057 0.062 0.057 0.059 0.057 0.053 0.056 0.056 0.064 0.062 0.051 0.052 0.047 0.058 0.057 0.069 0.068 0.083 0.077 0.068 0.062 0.058 0.061 0.064 0.042 0.059 0.075 0.058 0.06 0.073 0.039 0.084 0.099 0.096 0.088 0.106 0.106 0.131 0.16 0.1 0.19 0.2 0.179 0.239 0.253 0.322 0.379 0.372 0.373 0.379 0.312 0.352 0.319 -0.3 -0.3 -0.3 -9999 -0.3 -0.3 0.316 0.243 0.256 0.412
0.199 0.199 0.111 0.135 0.087 0.072 0.062 0.054 0.059 0.065 0.064 0.054 -0.163 0.017 0.051 0.042 0.055 0.059 0.052 -0.108 -0.006 -0.066 0.058 0.064 0.056 0.057 0.055 0.055 0.053 0.057 0.062 0.07 0.067 0.064 0.069 0.061 0.058 0.06 0.059 0.06 0.057 0.056 0.064 0.066 0.083 0.09 0.098 0.084 0.082 0.11 0.101 0.094 0.102 0.102 0.179 0.162 0.183 0.208 0.198 0.246 0.226 0.365 0.38 0.38 0.341 0.282 0.311 0.263 -0.3 -9999 -0.3 -0.3 -0.3 -0.3 0.132 0.229 0.354
0.071 0.132 0.048 0.051 0.137 0.08 0.08 0.062 0.064 0.058 0.06 0.056 0.059 0.06 0.06 0.058 0.054 0.059 0.056 0.047 -0.101 -0.049 -0.005 0.037 0.057 0.061 0.057 0.051 -0.081 0.061 0.071 0.063 0.063 0.06 0.049 0.059 0.063 0.053 0.048 0.054 0.056 0.059 0.069 0.076 0.093 0.091 0.082 0.093 0.128 0.151 0.129 0.093 0.113 0.08 0.09 0.108 0.162 0.158 0.121 0.142 0.153 0.223 0.205 0.339 0.411 0.431 -0.3 -0.3 -9999 -0.3 -9999 -9999 -9999 -0.3 -0.3 0.078 0.155
0.051 0.056 0.053 0.05 0.06 0.073 0.116 0.07 0.062 0.06 0.058 0.052 0.052 0.056 0.063 0.052 0.073 0.054 0.067 0.053 0.059 -0.086 -0.218 -0.01 0.063 0.065 0.056 -0.038 0.025 0.068 0.073 0.064 0.055 0.064 0.06 0.052 0.05 0.05 0.046 0.05 0.051 0.058 0.063 0.07 0.082 0.087 0.084 0.092 0.093 0.103 0.119 0.09 0.08 0.067 0.115 0.083 0.103 0.123 0.108 0.114 0.11 0.145 0.191 0.195 0.349 0.372 0.408 0.314 -0.3 -0.3 -0.3 -0.3 -0.3 -9999 -0.3 -0.3 -0.3
0.059 0.058 0.054 0.05 0.054 0.044 0.06 0.091 0.081 0.079 0.061 0.059 0.054 0.052 0.063 0.064 0.099 0.107 0.133 0.084 0.052 0.059 -0.082 -0.046 -0.086 -0.017 -0.011 -0.127 -0.025 0.069 0.067 0.068 0.067 0.063 0.057 0.059 0.058 0.054 0.048 0.047 0.049 0.057 0.061 0.075 0.083 0.075 0.079 0.078 0.091 0.1 0.105 0.112 0.152 0.163 0.145 0.127 0.14 0.13 0.105 0.005 -0.069 0.041 0.123 0.11 0.237 0.309 0.364 0.398 0.429 -0.3 -0.3 -0.3 -0.3 -0.3 -0.3 -0.3 -0.3
0.056 0.056 0.051 0.051 0.056 0.052 0.053 0.045 0.056 0.118 0.093 0.077 0.066 0.06 0.078 0.079 0.094 0.115 0.096 0.098 0.073 0.057 0.06 0.061 0.068 0.072 0.066 0.065 0.064 0.059 0.06 0.07 0.069 0.071 0.064 0.057 0.051 0.046 0.046 0.047 0.059 0.078 0.07 0.061 0.083 0.085 0.075 0.081 0.081 0.093 0.121 0.109 0.112 0.123 0.129 0.129 0.095 0.114 0.143 0.08 0.09 0.092 0.092 0.102 0.16 0.204 0.283 0.363 0.451 0.411 0.342 0.32 0.344 0.325 -0.3 -0.3 0.158
0.061 0.061 0.056 0.055 0.051 0.049 0.046 0.044 0.043 0.068 0.074 0.085 0.103 0.092 0.092 0.118 0.133 0.152 0.138 0.104 0.091 0.087 0.084 0.087 0.064 0.063 0.072 0.07 0.069 0.056 0.056 0.107 0.079 0.087 0.066 0.064 0.063 0.063 0.065 0.057 0.07 0.09 0.121 0.126 0.072 0.12 0.119 0.079 0.086 0.094 0.138 0.101 0.084 0.142 0.082 0.081 0.096 0.094 0.194 0.133 0.109 0.096 0.099 0.113 0.103 0.106 0.167 0.249 0.323 0.42 0.428 0.406 0.396 0.401 0.349 0.393 0.28
