data/china_ndvi_max_2000.asc
ncols         710
nrows         510
xllcorner     70
yllcorner     10
cellsize      0.1
NODATA_value  -9999
[rows 306 to 339 of 510, columns 385 to 461 of 710]
0.637 0.617 0.56 0.605 0.613 0.631 0.626 0.659 0.644 0.661 0.591 0.638 0.644 0.63 0.652 0.657 0.658 0.633 0.671 0.656 0.647 0.663 0.669 0.652 0.648 0.645 0.63 0.64 0.612 0.599 0.475 0.479 0.559 0.517 0.52 0.478 0.472 0.363 0.361 0.492 0.536 0.545 0.504 0.549 0.566 0.545 0.554 0.403 0.444 0.48 0.468 0.49 0.484 0.467 0.455 0.394 0.371 0.479 0.459 0.466 -0.3 0.456 0.47 0.456 0.468 0.36 0.494 0.534 0.54 0.512 0.513 0.529 0.57 0.622 0.693 0.621 0.591
0.643 0.642 0.638 0.635 0.669 0.642 0.669 0.682 0.652 0.637 0.628 0.624 0.673 0.665 0.682 0.663 0.658 0.655 0.688 0.663 0.679 0.679 0.673 0.642 0.685 0.648 0.653 0.645 0.639 0.607 0.617 0.596 0.573 0.495 0.539 0.554 0.516 0.439 0.488 0.537 0.496 0.525 0.519 0.558 0.533 0.52 0.526 0.491 0.514 0.511 0.448 0.477 0.472 0.477 0.372 0.421 0.521 -0.3 0.495 0.506 -0.3 0.394 0.503 0.479 0.424 0.441 0.482 0.401 0.453 0.501 0.544 0.563 0.597 0.679 0.595 0.547 0.497
0.648 0.653 0.664 0.671 0.671 0.66 0.696 0.695 0.676 0.618 0.619 0.625 0.682 0.681 0.666 0.693 0.734 0.705 0.673 0.705 0.719 0.693 0.675 0.708 0.703 0.678 0.677 0.659 0.67 0.659 0.611 0.577 0.571 0.488 0.5 0.506 0.511 0.462 0.584 0.561 0.559 0.555 0.541 0.538 0.515 0.545 0.531 0.533 0.546 0.527 0.528 0.509 0.53 0.477 0.494 0.446 0.539 0.497 0.514 0.443 0.474 0.444 0.552 0.479 0.446 0.423 0.459 0.456 0.401 0.375 0.501 0.525 0.584 0.566 0.507 0.544 0.525
0.668 0.631 0.625 0.638 0.645 0.662 0.687 0.682 0.643 0.66 0.635 0.635 0.685 0.682 0.659 0.718 0.707 0.722 0.69 0.701 0.735 0.72 0.688 0.691 0.695 0.667 0.675 0.661 0.635 0.651 0.616 0.575 0.578 0.557 0.528 0.495 0.492 0.496 0.508 0.496 0.549 0.552 0.512 0.509 0.519 0.469 0.494 0.514 0.501 0.512 0.488 0.432 0.407 0.412 0.453 0.413 0.514 -0.3 0.47 0.504 0.514 0.531 0.556 0.495 0.529 0.503 0.514 0.486 0.356 0.415 0.518 0.524 0.531 0.488 0.485 0.482 0.498
0.613 0.595 0.594 0.601 0.623 0.67 0.654 0.663 0.663 0.645 0.7 0.695 0.709 0.725 0.746 0.704 0.729 0.726 0.728 0.744 0.644 0.679 0.709 0.639 0.603 0.606 0.612 0.614 0.572 0.609 0.606 0.593 0.588 0.567 0.534 0.49 0.522 0.516 0.499 0.471 0.534 0.515 0.512 0.497 0.482 0.421 0.404 0.418 -0.3 -0.3 0.425 0.416 0.499 0.481 0.498 0.539 0.522 0.508 0.444 0.529 0.636 0.633 0.595 0.605 0.646 0.505 0.492 0.507 0.419 0.367 0.505 0.497 0.433 0.503 0.511 0.456 0.506
0.576 0.576 0.601 0.636 0.649 0.64 0.632 0.659 0.637 0.673 0.672 0.697 0.695 0.696 0.71 0.721 0.726 0.733 0.709 0.69 0.71 0.701 0.662 0.631 0.58 0.634 0.598 0.643 0.644 0.608 0.551 0.555 0.582 0.568 0.526 0.525 0.496 0.507 0.521 0.463 0.449 0.49 0.49 0.473 0.427 0.492 0.487 0.371 -0.3 0.43 0.422 0.519 0.502 0.524 0.582 0.616 0.579 0.597 0.574 0.57 0.651 0.678 0.648 0.598 0.574 0.52 0.456 0.448 0.556 0.543 0.507 0.413 0.434 0.412 0.497 0.451 0.504
0.571 0.597 0.642 0.652 0.646 0.641 0.642 0.635 0.645 0.602 0.626 0.659 0.687 0.689 0.699 0.706 0.689 0.669 0.694 0.689 0.675 0.66 0.64 0.643 0.634 0.619 0.65 0.648 0.638 0.623 0.537 0.567 0.562 0.532 0.405 0.548 0.54 0.51 0.536 0.515 0.543 0.459 0.484 0.489 0.491 0.479 0.483 0.418 0.453 0.373 0.438 0.545 0.602 0.612 0.488 0.641 0.697 0.67 0.645 0.606 0.646 0.628 0.565 0.599 0.578 0.581 0.592 0.597 0.6 0.611 0.656 0.627 0.523 0.514 0.315 0.467 0.429
0.534 0.611 0.626 0.647 0.598 0.63 0.644 0.649 0.616 0.558 0.593 0.644 0.667 0.688 0.654 0.583 0.612 0.681 0.654 0.662 0.663 0.666 0.671 0.651 0.622 0.656 0.622 0.615 0.599 0.633 0.518 0.541 0.507 0.51 0.408 0.535 0.549 0.567 0.549 0.524 0.505 0.527 0.584 0.54 0.55 0.481 0.485 0.489 0.359 0.549 0.496 0.572 0.559 0.618 0.729 0.656 0.699 0.662 0.561 0.594 0.542 0.569 0.616 0.609 0.599 0.565 0.573 0.61 0.64 0.628 0.594 0.578 0.564 0.551 0.48 0.606 0.42
0.597 0.613 0.653 0.578 0.618 0.668 0.66 0.606 0.575 0.551 0.573 0.633 0.642 0.643 0.612 0.607 0.606 0.625 0.629 0.612 0.659 0.63 0.652 0.623 0.593 0.587 0.64 0.627 0.572 0.526 0.584 0.536 0.545 0.543 0.518 0.516 0.547 0.548 0.535 0.536 0.492 0.49 0.532 0.483 0.509 0.423 0.501 0.422 0.492 0.572 0.637 0.675 0.649 0.718 0.717 0.535 0.542 0.625 0.64 0.583 0.638 0.618 0.596 0.615 0.55 0.635 0.626 0.614 0.643 0.661 0.616 0.65 0.671 0.609 0.591 0.614 0.19
0.607 0.615 0.627 0.593 0.634 0.688 0.617 0.619 0.621 0.572 0.628 0.611 0.656 0.668 0.624 0.619 0.578 0.626 0.618 0.603 0.643 0.624 0.675 0.68 0.652 0.569 0.595 0.59 0.609 0.586 0.599 0.581 0.581 0.57 0.568 0.539 0.532 0.494 0.534 0.492 0.519 0.408 0.526 0.583 0.636 0.428 0.244 0.517 0.633 0.677 0.624 0.7 0.712 0.615 0.511 0.625 0.657 0.63 0.708 0.728 0.694 0.733 0.714 0.732 0.743 0.71 0.669 0.677 0.588 0.64 0.643 0.627 0.58 0.594 0.566 0.245 0.394
0.605 0.628 0.62 0.625 0.652 0.649 0.643 0.613 0.623 0.614 0.623 0.628 0.656 0.66 0.618 0.625 0.643 0.643 0.587 0.611 0.666 0.641 0.602 0.585 0.632 0.679 0.616 0.644 0.567 0.541 0.605 0.588 0.577 0.62 0.57 0.529 0.555 0.524 0.521 0.532 0.51 0.549 0.553 0.566 0.525 0.247 0.461 0.552 0.53 0.53 0.624 0.605 0.531 0.5 0.525 0.682 0.716 0.698 0.648 0.662 0.702 0.663 0.64 0.68 0.688 0.698 0.601 0.574 0.579 0.646 0.62 0.642 0.582 0.5 0.516 0.144 0.227
0.605 0.605 0.63 0.643 0.661 0.639 0.605 0.575 0.619 0.627 0.667 0.653 0.631 0.638 0.638 0.624 0.627 0.647 0.608 0.573 0.583 0.592 0.564 0.67 0.679 0.635 0.615 0.595 0.574 0.538 0.563 0.55 0.61 0.587 0.502 0.506 0.528 0.528 0.534 0.514 0.464 0.528 0.574 0.546 0.51 0.446 0.507 0.556 0.529 0.564 0.556 0.587 0.608 0.585 0.622 0.64 0.721 0.714 0.687 0.649 0.662 0.619 0.573 0.569 0.613 0.572 0.593 0.676 0.684 0.661 0.63 0.53 0.508 0.449 0.391 0.297 0.098
0.592 0.634 0.618 0.608 0.646 0.612 0.548 0.59 0.573 0.664 0.678 0.653 0.643 0.65 0.596 0.605 0.627 0.641 0.628 0.603 0.57 0.641 0.683 0.639 0.664 0.674 0.644 0.643 0.583 0.556 0.613 0.551 0.574 0.533 0.547 0.529 0.51 0.5 0.528 0.538 0.508 0.476 0.509 0.644 0.663 0.467 0.428 0.515 0.516 0.509 0.525 0.608 0.595 0.623 0.645 0.567 0.726 0.699 0.664 0.631 0.59 0.521 0.603 0.686 0.645 0.721 0.728 0.737 0.731 0.684 0.725 0.682 0.504 0.49 0.508 0.347 0.162
0.625 0.623 0.599 0.609 0.647 0.595 0.581 0.612 0.627 0.669 0.632 0.666 0.618 0.609 0.578 0.603 0.625 0.632 0.625 0.648 0.674 0.697 0.64 0.631 0.655 0.674 0.668 0.636 0.628 0.587 0.539 0.484 0.368 0.474 0.453 0.511 0.512 0.507 0.494 0.507 0.485 0.501 0.531 0.534 0.649 0.472 0.5 0.53 0.543 0.562 0.696 0.666 0.631 0.611 0.689 0.552 0.54 0.609 0.578 0.579 0.614 0.645 0.662 0.673 0.677 0.716 0.719 0.734 0.753 0.719 0.709 0.602 0.55 0.45 0.517 0.434 0.448
0.642 0.619 0.602 0.609 0.601 0.62 0.62 0.642 0.642 0.633 0.671 0.598 0.632 0.634 0.602 0.609 0.673 0.681 0.722 0.715 0.698 0.696 0.668 0.654 0.633 0.69 0.633 0.653 0.586 0.586 0.576 0.575 0.581 0.519 0.494 0.518 0.499 -0.3 -0.3 0.373 -0.3 -0.3 0.596 0.514 0.303 0.472 0.525 0.516 0.549 0.688 0.682 0.621 0.603 0.64 0.666 0.549 0.709 0.688 0.713 0.716 0.651 0.678 0.652 0.641 0.738 0.789 0.791 0.794 0.649 0.55 0.53 0.439 0.509 0.549 0.502 0.448 0.457
0.589 0.598 0.627 0.616 0.681 0.602 0.636 0.638 0.586 0.606 0.659 0.613 0.646 0.619 0.64 0.655 0.688 0.73 0.731 0.707 0.706 0.647 0.659 0.664 0.665 0.64 0.644 0.634 0.665 0.552 0.604 0.585 0.568 0.544 0.508 0.504 0.512 0.462 0.398 0.43 0.383 0.463 0.348 0.293 0.369 0.486 0.478 0.514 0.572 0.676 0.631 0.626 0.635 0.705 0.748 0.581 0.714 0.763 0.737 0.697 0.672 0.609 0.688 0.735 0.77 0.793 0.8 0.704 0.637 0.522 0.41 0.49 0.667 0.626 0.407 0.453 0.419
0.607 0.583 0.611 0.666 0.687 0.627 0.603 0.597 0.625 0.65 0.588 0.584 0.585 0.607 0.633 0.693 0.719 0.698 0.686 0.689 0.668 0.67 0.661 0.65 0.693 0.713 0.673 0.676 0.623 0.617 0.634 0.598 0.605 0.622 0.563 0.608 0.587 0.545 0.499 0.461 0.467 0.497 0.458 0.497 0.437 0.533 0.553 0.556 0.648 0.672 0.627 0.554 0.623 0.717 0.605 0.694 0.741 0.728 0.707 0.72 0.653 0.602 0.662 0.734 0.734 0.661 0.678 0.609 0.561 0.489 0.484 0.624 0.618 0.365 0.212 0.368 0.511
0.571 0.604 0.611 0.659 0.635 0.538 0.564 0.629 0.637 0.581 0.569 0.596 0.593 0.644 0.679 0.719 0.684 0.682 0.649 0.636 0.617 0.668 0.625 0.709 0.701 0.673 0.575 0.656 0.652 0.701 0.678 0.656 0.64 0.64 0.643 0.642 0.626 0.542 0.501 0.431 0.474 0.503 0.474 0.434 0.501 0.549 0.558 0.569 0.605 0.694 0.664 0.55 0.536 0.626 0.663 0.742 0.764 0.712 0.773 0.762 0.652 0.74 0.721 0.721 0.69 0.687 0.688 0.684 0.597 0.534 0.519 0.555 0.478 0.335 0.301 0.477 0.489
0.559 0.606 0.65 0.633 0.587 0.537 0.589 0.582 0.535 0.513 0.607 0.622 0.633 0.682 0.698 0.691 0.672 0.665 0.639 0.628 0.672 0.662 0.667 0.682 0.676 0.695 0.714 0.707 0.71 0.72 0.667 0.657 0.647 0.599 0.619 0.581 0.528 0.552 0.486 0.41 0.484 0.482 0.495 0.468 0.534 0.59 0.556 0.555 0.588 0.599 0.674 0.569 0.611 0.674 0.764 0.775 0.774 0.756 0.712 0.624 0.727 0.707 0.662 0.653 0.662 0.646 0.603 0.593 0.543 0.516 0.512 0.523 0.453 0.393 0.3 0.476 0.48
0.582 0.59 0.59 0.603 0.573 0.516 0.579 0.548 0.559 0.623 0.587 0.641 0.661 0.612 0.667 0.653 0.658 0.659 0.628 0.608 0.671 0.719 0.716 0.722 0.712 0.669 0.681 0.617 0.599 0.571 0.64 0.687 0.649 0.606 0.688 0.684 0.581 0.536 0.568 0.613 0.533 0.527 0.53 0.411 0.485 0.542 0.544 0.614 0.632 0.571 0.572 0.725 0.812 0.632 0.564 0.73 0.769 0.715 0.754 0.737 0.778 0.687 0.638 0.551 0.538 0.554 0.553 0.531 0.493 0.505 0.544 0.497 0.396 0.334 0.456 0.435 0.438
0.556 0.558 0.601 0.636 0.671 0.555 0.57 0.553 0.595 0.576 0.631 0.654 0.589 0.651 0.673 0.659 0.667 0.628 0.608 0.636 0.71 0.718 0.739 0.703 0.681 0.644 0.648 0.667 0.651 0.668 0.658 0.648 0.636 0.665 0.624 0.663 0.633 0.563 0.545 0.548 0.52 0.539 0.553 0.55 0.485 0.504 0.543 0.519 0.566 0.516 0.631 0.721 0.628 0.554 0.597 0.702 0.659 0.693 0.693 0.659 0.643 0.666 0.58 0.546 0.515 0.56 0.526 0.549 0.525 0.557 0.51 0.496 0.445 0.392 0.413 0.463 0.449
0.573 0.59 0.648 0.641 0.656 0.59 0.59 0.535 0.596 0.589 0.612 0.637 0.59 0.668 0.663 0.657 0.632 0.578 0.645 0.691 0.734 0.74 0.701 0.631 0.67 0.644 0.714 0.699 0.682 0.648 0.657 0.594 0.646 0.683 0.606 0.634 0.61 0.573 0.553 0.53 0.57 0.606 0.605 0.578 0.505 0.283 0.408 0.499 0.514 0.54 0.659 0.541 0.637 0.639 0.67 0.674 0.677 0.661 0.647 0.66 0.581 0.552 0.589 0.556 0.555 0.521 0.54 0.518 0.537 0.51 0.504 0.438 0.408 0.432 0.513 0.552 0.502
0.561 0.608 0.626 0.601 0.6 0.556 0.511 0.542 0.636 0.555 0.631 0.59 0.602 0.606 0.605 0.627 0.603 0.548 0.695 0.722 0.685 0.663 0.6 0.631 0.649 0.649 0.705 0.68 0.658 0.628 0.587 0.585 0.595 0.686 0.658 0.604 0.609 0.58 0.549 0.581 0.571 0.613 0.601 0.592 0.564 0.388 0.498 0.532 0.529 0.605 0.605 0.565 0.638 0.712 0.705 0.625 0.633 0.586 0.622 0.589 0.525 0.584 0.635 0.619 0.604 0.547 0.507 0.504 0.47 0.466 0.432 0.485 0.522 0.484 0.544 0.616 0.625
0.583 0.609 0.611 0.678 0.71 0.536 0.58 0.616 0.59 0.594 0.591 0.643 0.628 0.666 0.625 0.569 0.507 0.566 0.665 0.712 0.625 0.554 0.511 0.605 0.677 0.62 0.554 0.563 0.557 0.568 0.546 0.556 0.595 0.641 0.703 0.594 0.573 0.536 0.565 0.549 0.559 0.559 0.572 0.553 0.562 0.53 0.54 0.568 0.581 0.606 0.577 0.64 0.601 0.669 0.641 0.606 0.56 0.585 0.613 0.6 0.62 0.614 0.577 0.61 0.619 0.484 0.51 0.533 0.48 0.445 0.469 0.563 0.539 0.565 0.593 0.579 0.633
0.713 0.731 0.787 0.723 0.63 0.598 0.601 0.613 0.564 0.587 0.643 0.63 0.6 0.545 0.536 0.535 0.505 0.561 0.62 0.5 0.558 0.504 0.63 0.701 0.719 0.696 0.642 0.516 0.537 0.553 0.556 0.528 0.589 0.567 0.472 0.602 0.654 0.64 0.581 0.559 0.555 0.552 0.545 0.524 0.413 0.474 0.338 0.51 0.631 0.674 0.72 0.653 0.548 0.512 0.627 0.595 0.615 0.575 0.569 0.517 0.609 0.603 0.603 0.536 0.534 0.498 0.527 0.515 0.472 0.448 0.677 0.673 0.628 0.59 0.68 0.551 0.518
0.677 0.748 0.744 0.674 0.654 0.57 0.558 0.605 0.553 0.624 0.666 0.65 0.578 0.594 0.621 0.581 0.593 0.584 0.646 0.552 0.61 0.601 0.653 0.713 0.679 0.681 0.655 0.516 0.528 0.57 0.605 0.56 0.555 0.497 0.526 0.535 0.546 0.597 0.586 0.563 0.551 0.535 0.536 0.554 0.51 0.49 0.328 0.514 0.6 0.587 0.696 0.588 0.555 0.659 0.639 0.586 0.585 0.582 0.557 0.457 0.547 0.5 0.494 0.578 0.555 0.543 0.534 0.536 0.556 0.485 0.65 0.701 0.64 0.585 0.666 0.525 0.501
0.687 0.676 0.687 0.627 0.606 0.567 0.59 0.52 0.671 0.689 0.635 0.578 0.574 0.675 0.662 0.613 0.608 0.62 0.641 0.566 0.634 0.648 0.654 0.689 0.675 0.623 0.678 0.548 0.509 0.534 0.601 0.531 0.534 0.536 0.546 0.514 0.496 0.5 0.615 0.524 0.566 0.604 0.572 0.574 0.597 0.552 0.472 0.563 0.598 0.581 0.528 0.522 0.609 0.564 0.509 0.578 0.543 0.6 0.634 0.62 0.697 0.7 0.628 0.58 0.606 0.65 0.621 0.658 0.53 0.449 0.592 0.561 0.652 0.629 0.525 0.595 0.573
0.661 0.646 0.631 0.626 0.626 0.573 0.585 0.626 0.692 0.641 0.633 0.691 0.69 0.727 0.703 0.58 0.561 0.676 0.583 0.656 0.655 0.679 0.674 0.703 0.656 0.641 0.642 0.668 0.569 0.597 0.569 0.597 0.564 0.515 0.544 0.543 0.529 0.546 0.569 0.536 0.588 0.585 0.572 0.596 0.606 0.557 0.477 0.561 0.553 0.566 0.544 0.546 0.507 0.544 0.409 0.55 0.632 0.648 0.717 0.667 0.718 0.683 0.679 0.654 0.661 0.606 0.622 0.537 0.554 0.638 0.604 0.636 0.623 0.5 0.531 0.682 0.65
0.685 0.67 0.642 0.634 0.617 0.58 0.573 0.621 0.652 0.664 0.698 0.723 0.706 0.636 0.651 0.574 0.651 0.677 0.619 0.634 0.635 0.647 0.635 0.673 0.597 0.649 0.616 0.622 0.588 0.626 0.611 0.588 0.622 0.624 0.572 0.507 0.543 0.546 0.584 0.598 0.573 0.599 0.555 0.633 0.591 0.549 0.535 0.559 0.627 0.617 0.542 0.543 0.579 0.601 0.599 0.659 0.659 0.714 0.781 0.723 0.717 0.637 0.656 0.667 0.689 0.592 0.594 0.62 0.576 0.552 0.654 0.654 0.562 0.54 0.638 0.685 0.709
0.672 0.664 0.593 0.658 0.555 0.564 0.539 0.544 0.626 0.656 0.622 0.597 0.608 0.651 0.67 0.658 0.625 0.59 0.641 0.659 0.652 0.659 0.653 0.675 0.646 0.671 0.584 0.598 0.635 0.592 0.548 0.512 0.542 0.544 0.513 0.484 0.529 0.63 0.667 0.584 0.587 0.592 0.593 0.613 0.62 0.56 0.621 0.642 0.655 0.643 0.592 0.638 0.684 0.713 0.699 0.767 0.662 0.67 0.62 0.573 0.605 0.481 0.558 0.557 0.487 0.528 0.567 0.634 0.697 0.629 0.507 0.594 0.646 0.589 0.571 0.704 0.699
0.671 0.662 0.644 0.608 0.518 0.569 0.63 0.643 0.69 0.675 0.627 0.629 0.619 0.632 0.576 0.615 0.544 0.604 0.645 0.708 0.704 0.731 0.678 0.626 0.651 0.607 0.585 0.571 0.523 0.52 0.518 0.479 0.501 0.475 0.488 0.51 0.54 0.649 0.648 0.581 0.597 0.626 0.693 0.593 0.551 0.611 0.643 0.694 0.59 0.59 0.597 0.62 0.674 0.682 0.696 0.63 0.646 0.643 0.69 0.704 0.676 0.557 0.58 0.566 0.485 0.493 0.426 0.701 0.7 0.513 0.514 0.595 0.596 0.638 0.568 0.664 0.651
0.647 0.647 0.619 0.531 0.542 0.65 0.657 0.687 0.695 0.678 0.647 0.625 0.594 0.562 0.622 0.591 0.627 0.659 0.698 0.678 0.699 0.665 0.556 0.549 0.555 0.58 0.535 0.522 0.544 0.503 0.497 0.507 0.51 0.53 0.519 0.548 0.551 0.579 0.592 0.525 0.588 0.706 0.664 0.551 0.513 0.621 0.6 0.59 0.644 0.559 0.615 0.667 0.663 0.689 0.652 0.628 0.712 0.727 0.652 0.61 0.604 0.593 0.553 0.514 0.519 0.438 0.405 0.629 0.564 0.61 0.642 0.645 0.578 0.635 0.658 0.715 0.644
0.643 0.681 0.556 0.519 0.648 0.691 0.694 0.666 0.672 0.683 0.622 0.554 0.573 0.674 0.682 0.623 0.631 0.686 0.717 0.655 0.671 0.541 0.531 0.563 0.574 0.493 0.55 0.543 0.56 0.539 0.517 0.517 0.525 0.513 0.528 0.592 0.564 0.549 0.532 0.468 0.656 0.706 0.638 0.495 0.509 0.6 0.554 0.582 0.527 0.55 0.662 0.669 0.682 0.754 0.711 0.733 0.701 0.602 0.521 0.491 0.632 0.652 0.636 0.513 0.53 0.469 0.609 0.664 0.597 0.587 0.633 0.523 0.6 0.722 0.712 0.746 0.714
0.613 0.619 0.617 0.655 0.674 0.688 0.684 0.683 0.65 0.649 0.632 0.634 0.666 0.68 0.712 0.649 0.671 0.687 0.692 0.652 0.558 0.537 0.531 0.535 0.538 0.537 0.537 0.539 0.525 0.511 0.533 0.489 0.502 0.595 0.583 0.668 0.669 0.564 0.511 0.489 0.58 0.587 0.551 0.434 0.466 0.624 0.623 0.578 0.525 0.508 0.696 0.723 0.711 0.721 0.655 0.603 0.521 0.536 0.511 0.571 0.76 0.655 0.574 0.565 0.455 0.536 0.555 0.642 0.695 0.662 0.684 0.602 0.572 0.7 0.713 0.718 0.663
