data/china_ndvi_max_1988.asc
ncols         710
nrows         510
xllcorner     70
yllcorner     10
cellsize      0.1
NODATA_value  -9999
[rows 140 to 174 of 510, columns 77 to 153 of 710]
-9999 -9999 -9999 -9999 -9999 -9999 -9999 -9999 -9999 -9999 -9999 -9999 -9999 -9999 -9999 -9999 -9999 -9999 -9999 -9999 -9999 -9999 -9999 -9999 -9999 -9999 -9999 -9999 -9999 -9999 -9999 -9999 -9999 -9999 -9999 -9999 -9999 -9999 -9999 -9999 -9999 -9999 -9999 -9999 -9999 -9999 -9999 -9999 -9999 -9999 -9999 -9999 -9999 0.294 0.304 0.267 0.293 0.322 0.325 0.309 0.304 0.316 0.354 0.319 0.375 0.368 0.367 0.395 0.401 0.343 0.374 0.299 0.335 0.214 0.185 0.183 0.145
-9999 -9999 -9999 -9999 -9999 -9999 -9999 -9999 -9999 -9999 -9999 -9999 -9999 -9999 -9999 -9999 -9999 -9999 -9999 -9999 -9999 -9999 -9999 -9999 -9999 -9999 -9999 -9999 -9999 -9999 -9999 -9999 -9999 -9999 -9999 -9999 -9999 -9999 -9999 -9999 -9999 -9999 -9999 -9999 -9999 -9999 -9999 -9999 -9999 -9999 -9999 -9999 0.241 0.247 0.276 0.299 0.322 0.326 0.252 0.326 0.281 0.273 0.283 0.31 0.324 0.282 0.353 0.422 0.476 0.341 0.269 0.265 0.236 0.135 0.102 0.115 0.131
-9999 -9999 -9999 -9999 -9999 -9999 -9999 -9999 -9999 -9999 -9999 -9999 -9999 -9999 -9999 -9999 -9999 -9999 -9999 -9999 -9999 -9999 -9999 -9999 -9999 -9999 -9999 -9999 -9999 -9999 -9999 -9999 -9999 -9999 -9999 -9999 -9999 -9999 -9999 -9999 -9999 -9999 -9999 -9999 -9999 -9999 -9999 -9999 -9999 -9999 -9999 -9999 0.288 0.331 0.303 0.303 0.276 0.277 0.262 0.297 0.269 0.24 0.239 0.354 0.25 0.282 0.337 0.39 0.381 0.329 0.274 0.259 0.203 0.185 0.167 0.169 0.191
-9999 -9999 -9999 -9999 -9999 -9999 -9999 -9999 -9999 -9999 -9999 -9999 -9999 -9999 -9999 -9999 -9999 -9999 -9999 -9999 -9999 -9999 -9999 -9999 -9999 -9999 -9999 -9999 -9999 -9999 -9999 -9999 -9999 -9999 -9999 -9999 -9999 -9999 -9999 -9999 -9999 -9999 -9999 -9999 -9999 -9999 -9999 -9999 -9999 -9999 -9999 0.274 0.223 0.287 0.284 0.333 0.29 0.275 0.238 0.246 0.258 0.28 0.313 0.249 0.266 0.359 0.371 0.331 0.326 0.324 0.236 0.181 0.171 0.161 0.152 0.163 0.18
-9999 -9999 -9999 -9999 -9999 -9999 -9999 -9999 -9999 -9999 -9999 -9999 -9999 -9999 -9999 -9999 -9999 -9999 -9999 -9999 -9999 -9999 -9999 -9999 -9999 -9999 -9999 -9999 -9999 -9999 -9999 -9999 -9999 -9999 -9999 -9999 -9999 -9999 -9999 -9999 -9999 -9999 -9999 -9999 -9999 -9999 -9999 -9999 -9999 -9999 -9999 0.251 0.222 0.207 0.168 0.208 0.217 0.233 0.309 0.305 0.313 0.322 0.267 0.31 0.368 0.403 0.321 0.306 0.278 0.205 0.171 0.135 0.125 0.175 0.191 0.133 0.154
-9999 -9999 -9999 -9999 -9999 -9999 -9999 -9999 -9999 -9999 -9999 -9999 -9999 -9999 -9999 -9999 -9999 -9999 -9999 -9999 -9999 -9999 -9999 -9999 -9999 -9999 -9999 -9999 -9999 -9999 -9999 -9999 -9999 -9999 -9999 -9999 -9999 -9999 -9999 -9999 -9999 -9999 -9999 -9999 -9999 -9999 -9999 -9999 -9999 -9999 0.247 0.216 0.345 0.222 0.259 0.265 0.251 0.244 0.219 0.22 0.283 0.274 0.286 0.411 0.371 0.313 0.289 0.261 0.156 0.144 0.132 0.127 0.117 0.102 0.1 0.093 0.072
-9999 -9999 -9999 -9999 -9999 -9999 -9999 -9999 -9999 -9999 -9999 -9999 -9999 -9999 -9999 -9999 -9999 -9999 -9999 -9999 -9999 -9999 -9999 -9999 -9999 -9999 -9999 -9999 -9999 -9999 -9999 -9999 -9999 -9999 -9999 -9999 -9999 -9999 -9999 -9999 -9999 -9999 -9999 -9999 -9999 -9999 -9999 -9999 -9999 -9999 0.232 0.194 0.232 0.222 0.272 0.219 0.199 0.19 0.29 0.263 0.169 0.232 0.24 0.338 0.267 0.197 0.147 0.137 0.098 0.11 0.126 0.1 0.093 0.07 0.067 0.055 0.072
-9999 -9999 -9999 -9999 -9999 -9999 -9999 -9999 -9999 -9999 -9999 -9999 -9999 -9999 -9999 -9999 -9999 -9999 -9999 -9999 -9999 -9999 -9999 -9999 -9999 -9999 -9999 -9999 -9999 -9999 -9999 -9999 -9999 -9999 -9999 -9999 -9999 -9999 -9999 -9999 -9999 -9999 -9999 -9999 -9999 -9999 -9999 -9999 -9999 0.269 0.267 0.223 0.184 0.231 0.209 0.202 0.19 0.229 0.181 0.194 0.192 0.192 0.198 0.249 0.201 0.185 0.125 0.1 0.144 0.18 0.176 0.161 0.116 0.09 0.107 0.206 0.163
-9999 -9999 -9999 -9999 -9999 -9999 -9999 -9999 -9999 -9999 -9999 -9999 -9999 -9999 -9999 -9999 -9999 -9999 -9999 -9999 -9999 -9999 -9999 -9999 -9999 -9999 -9999 -9999 -9999 -9999 -9999 -9999 -9999 -9999 -9999 -9999 -9999 -9999 -9999 -9999 -9999 -9999 -9999 -9999 -9999 -9999 -9999 -9999 0.273 0.285 0.281 0.266 0.229 0.229 0.231 0.197 0.193 0.162 0.281 0.262 0.262 0.179 0.185 0.227 0.25 0.204 0.154 0.14 0.144 0.113 0.09 0.108 0.166 0.078 0.09 0.216 0.211
-9999 -9999 -9999 -9999 -9999 -9999 -9999 -9999 -9999 -9999 -9999 -9999 -9999 -9999 -9999 -9999 -9999 -9999 -9999 -9999 -9999 -9999 -9999 -9999 -9999 -9999 -9999 -9999 -9999 -9999 -9999 -9999 -9999 -9999 -9999 -9999 -9999 -9999 -9999 -9999 -9999 -9999 -9999 -9999 -9999 -9999 -9999 -9999 0.289 0.335 0.345 0.362 0.341 0.317 0.305 0.278 0.318 0.33 0.205 0.184 0.197 0.248 0.209 0.295 0.283 0.219 0.182 0.149 0.139 0.098 0.09 0.08 0.075 0.069 0.072 0.086 0.064
-9999 -9999 -9999 -9999 -9999 -9999 -9999 -9999 -9999 -9999 -9999 -9999 -9999 -9999 -9999 -9999 -9999 -9999 -9999 -9999 -9999 -9999 -9999 -9999 -9999 -9999 -9999 -9999 -9999 -9999 -9999 -9999 -9999 -9999 -9999 -9999 -9999 -9999 -9999 -9999 -9999 -9999 -9999 -9999 -9999 -9999 -9999 0.228 0.454 0.481 0.499 0.434 0.449 0.322 0.331 0.332 0.182 0.157 0.16 0.203 0.338 0.315 0.293 0.221 0.205 0.196 0.155 0.153 0.123 0.112 0.199 0.2 0.13 0.145 0.154 0.13 0.126
-9999 -9999 -9999 -9999 -9999 -9999 -9999 -9999 -9999 -9999 -9999 -9999 -9999 -9999 -9999 -9999 -9999 -9999 -9999 -9999 -9999 -9999 -9999 -9999 -9999 -9999 -9999 -9999 -9999 -9999 -9999 -9999 -9999 -9999 -9999 -9999 -9999 -9999 -9999 -9999 -9999 -9999 -9999 -9999 -9999 -9999 -9999 0.205 0.404 0.428 0.439 0.377 0.351 0.405 0.361 0.26 0.203 0.196 0.219 0.33 0.331 0.287 0.26 0.195 0.166 0.161 0.147 0.15 0.117 0.215 0.166 0.129 0.124 0.129 0.137 0.1 0.17
-9999 -9999 -9999 -9999 -9999 -9999 -9999 -9999 -9999 -9999 -9999 -9999 -9999 -9999 -9999 -9999 -9999 -9999 -9999 -9999 -9999 -9999 -9999 -9999 -9999 -9999 -9999 -9999 -9999 -9999 -9999 -9999 -9999 -9999 -9999 -9999 -9999 -9999 -9999 -9999 -9999 -9999 -9999 -9999 -9999 -9999 -9999 0.157 0.38 0.357 0.278 0.264 0.252 0.279 0.272 0.257 0.263 0.293 0.285 0.328 0.286 0.225 0.208 0.209 0.166 0.162 0.155 0.151 0.158 0.189 0.157 0.119 0.123 0.085 0.108 0.085 0.139
-9999 -9999 -9999 -9999 -9999 -9999 -9999 -9999 -9999 -9999 -9999 -9999 -9999 -9999 -9999 -9999 -9999 -9999 -9999 -9999 -9999 -9999 -9999 -9999 -9999 -9999 -9999 -9999 -9999 -9999 -9999 -9999 -9999 -9999 -9999 -9999 -9999 -9999 -9999 -9999 -9999 -9999 -9999 -9999 -9999 -9999 0.124 0.151 0.198 0.196 0.174 0.194 0.23 0.298 0.288 0.303 0.298 0.336 0.271 0.248 0.247 0.254 0.235 0.194 0.192 0.174 0.17 0.19 0.167 0.158 0.183 0.116 0.119 0.112 0.154 0.058 0.077
-9999 -9999 -9999 -9999 -9999 -9999 -9999 -9999 -9999 -9999 -9999 -9999 -9999 -9999 -9999 -9999 -9999 -9999 -9999 -9999 -9999 -9999 -9999 -9999 -9999 -9999 -9999 -9999 -9999 -9999 -9999 -9999 -9999 -9999 -9999 -9999 -9999 -9999 -9999 -9999 -9999 -9999 -9999 -9999 -9999 -9999 -9999 0.12 0.155 0.184 0.203 0.234 0.244 0.294 0.337 0.333 0.295 0.293 0.289 0.274 0.279 0.264 0.245 0.229 0.228 0.228 0.219 0.192 0.22 0.246 0.182 0.098 0.112 0.145 0.059 0.064 0.075
-9999 -9999 -9999 -9999 -9999 -9999 -9999 -9999 -9999 -9999 -9999 -9999 -9999 -9999 -9999 -9999 -9999 -9999 -9999 -9999 -9999 -9999 -9999 -9999 -9999 -9999 -9999 -9999 -9999 -9999 -9999 -9999 -9999 -9999 -9999 -9999 -9999 -9999 -9999 -9999 -9999 -9999 -9999 -9999 -9999 -9999 -9999 -9999 0.126 0.143 0.156 0.215 0.302 0.304 0.273 0.295 0.273 0.278 0.319 0.376 0.348 0.286 0.248 0.204 0.238 0.217 0.225 0.209 0.203 0.223 0.197 0.125 0.184 0.12 0.116 0.231 0.113
-9999 -9999 -9999 -9999 -9999 -9999 -9999 -9999 -9999 -9999 -9999 -9999 -9999 -9999 -9999 -9999 -9999 -9999 -9999 -9999 -9999 -9999 -9999 -9999 -9999 -9999 -9999 -9999 -9999 -9999 -9999 -9999 -9999 -9999 -9999 -9999 -9999 -9999 -9999 0.082 0.232 0.305 0.413 -9999 -9999 -9999 -9999 -9999 -9999 0.167 0.138 0.181 0.203 0.283 0.33 0.304 0.278 0.272 0.289 0.295 0.276 0.246 0.219 0.223 0.188 0.153 0.191 0.176 0.212 0.203 0.155 0.09 0.118 0.145 0.173 0.195 0.107
-9999 -9999 -9999 -9999 -9999 -9999 -9999 -9999 -9999 -9999 -9999 -9999 -9999 -9999 -9999 -9999 -9999 -9999 -9999 -9999 -9999 -9999 -9999 -9999 -9999 -9999 -9999 -9999 -9999 -9999 -9999 -9999 -9999 -9999 0.082 0.216 0.336 0.365 0.358 0.357 0.384 0.417 0.433 0.444 0.413 0.377 0.333 0.309 0.152 0.153 0.136 0.113 0.154 0.191 0.191 0.269 0.242 0.255 0.202 0.197 0.18 0.18 0.201 0.168 0.146 0.123 0.187 0.099 0.132 0.169 0.116 0.103 0.094 0.201 0.146 0.146 0.107
-9999 -9999 -9999 -9999 -9999 -9999 -9999 -9999 -9999 -9999 -9999 -9999 -9999 -9999 -9999 -9999 -9999 -9999 -9999 -9999 -9999 -9999 -9999 -9999 -9999 -9999 -9999 -9999 -0.028 0.063 0.266 0.294 0.146 0.321 0.361 0.385 0.302 0.237 0.22 0.21 0.238 0.24 0.2 0.245 0.216 0.195 0.216 0.168 0.073 0.09 -0.067 0.069 0.126 0.164 0.157 0.206 0.178 0.147 0.194 0.191 0.221 0.183 0.184 0.188 0.174 0.165 0.175 0.17 0.175 0.138 0.151 0.132 0.14 0.227 0.256 0.194 0.124
-9999 -9999 -9999 -9999 -9999 -9999 -9999 -9999 -9999 -9999 -9999 -9999 -9999 -9999 -9999 -9999 -9999 -9999 -9999 -9999 -9999 -9999 -9999 -9999 0.003 0.014 0.001 0.07 0.23 0.284 0.311 0.261 0.259 0.239 0.217 0.246 0.23 0.249 0.232 0.259 0.223 0.153 0.159 0.173 0.169 0.191 0.185 0.185 0.109 -0.087 -0.113 -0.082 0.088 0.131 0.157 0.142 0.154 0.191 0.231 0.214 0.188 0.185 0.186 0.246 0.239 0.316 0.329 0.333 0.272 0.327 0.127 0.13 0.159 0.174 0.165 0.205 0.151
-9999 -9999 -9999 -9999 -9999 -9999 -9999 -9999 -9999 -9999 -9999 -9999 -9999 -9999 -9999 -9999 -9999 -9999 -9999 -9999 -9999 -9999 0.129 0.166 0.164 0.159 0.183 0.21 0.258 0.263 0.274 0.287 0.324 0.291 0.252 0.191 0.191 0.18 0.144 0.11 0.127 0.133 0.132 0.16 0.271 0.35 0.317 0.253 0.208 0.297 0.083 -0.3 -0.3 -0.3 -0.3 -0.064 0.166 0.156 0.151 0.161 0.191 0.193 0.128 0.162 0.171 0.185 0.204 0.191 0.314 0.327 0.297 0.218 0.14 0.16 0.157 0.169 0.236
-9999 -9999 -9999 -9999 -9999 -9999 -9999 -9999 -9999 -9999 -9999 -9999 -9999 -9999 -9999 -9999 -9999 -9999 -9999 -9999 -9999 -9999 -9999 0.031 -9999 0.098 0.1 0.051 0.115 0.171 0.257 0.259 0.259 0.277 0.229 0.242 0.292 0.224 0.238 0.199 0.19 0.147 0.116 0.1 0.122 0.254 0.348 0.318 0.352 0.28 0.196 0.166 0.12 -0.3 -0.131 0.023 0.131 0.117 0.13 0.132 0.131 0.149 0.131 0.133 0.132 0.147 0.166 0.198 0.285 0.241 0.332 0.267 0.116 0.174 0.243 0.195 0.179
-9999 -9999 -9999 -9999 -9999 -9999 -9999 -9999 -9999 -9999 -9999 -9999 -9999 -9999 -9999 -9999 -9999 -9999 -9999 -9999 -9999 -9999 -9999 -9999 -9999 -9999 -9999 0.181 0.111 0.069 0.047 0.064 0.145 0.031 0.296 0.285 0.337 0.319 0.276 0.212 0.18 0.165 0.155 0.12 0.164 0.204 0.23 0.288 0.247 0.186 0.185 0.341 0.318 0.065 0.061 0.067 0.135 0.099 0.068 0.069 0.064 0.1 0.141 0.179 0.249 0.16 0.174 0.182 0.308 0.29 0.234 0.281 0.211 0.201 0.213 0.278 0.293
-9999 -9999 -9999 -9999 -9999 -9999 -9999 -9999 -9999 -9999 -9999 -9999 -9999 -9999 -9999 -9999 -9999 -9999 -9999 -9999 -9999 -9999 -9999 -9999 -9999 -9999 -9999 0.214 0.009 0.045 0.1 0.336 0.331 -0.3 -0.3 -0.3 -0.3 0.183 0.167 0.161 0.14 0.135 0.125 0.16 0.195 0.191 0.318 0.312 0.211 0.241 0.226 0.336 0.331 0.068 0.059 0.142 0.13 0.155 0.16 0.149 0.133 0.143 0.17 0.135 0.137 0.229 0.156 0.16 0.166 0.204 0.273 0.266 0.268 0.171 0.165 0.171 0.323
-9999 -9999 -9999 -9999 -9999 -9999 -9999 -9999 -9999 -9999 -9999 -9999 -9999 -9999 -9999 -9999 -9999 -9999 -9999 -9999 -9999 -9999 -9999 -9999 -9999 -9999 -9999 0.361 0.085 0.101 0.263 0.376 0.384 0.28 -0.3 -0.3 0.141 0.182 0.194 0.233 0.21 0.185 0.245 0.218 0.165 0.141 0.241 0.226 0.297 0.279 0.212 0.242 0.231 0.127 0.116 0.117 0.123 0.142 0.221 0.302 0.192 0.214 0.258 0.124 0.141 0.268 0.181 0.163 0.174 0.254 0.272 0.332 0.201 0.146 0.155 0.165 0.26
-9999 -9999 -9999 -9999 -9999 -9999 -9999 -9999 -9999 -9999 -9999 -9999 -9999 -9999 -9999 -9999 -9999 -9999 -9999 -9999 -9999 -9999 -9999 -9999 -9999 -9999 -9999 0.269 0.337 0.401 0.404 0.396 0.391 0.418 0.41 0.337 0.362 0.401 0.406 0.414 0.367 0.346 0.285 0.126 0.104 0.099 0.105 0.096 0.118 0.101 0.095 0.122 0.12 0.161 0.227 0.371 0.329 0.267 0.251 0.188 0.128 0.121 0.093 0.158 0.303 0.304 0.254 0.273 0.191 0.172 0.148 0.137 0.137 0.219 0.173 0.145 0.286
-9999 -9999 -9999 -9999 -9999 -9999 -9999 -9999 -9999 -9999 -9999 -9999 -9999 -9999 -9999 -9999 -9999 -9999 -9999 -9999 -9999 -9999 -9999 -9999 -9999 -9999 -9999 0.309 0.262 0.213 0.269 0.334 0.337 0.396 0.427 0.427 0.41 0.449 0.397 0.391 0.375 0.361 0.276 0.256 0.213 0.213 0.202 0.214 0.129 0.104 0.1 0.123 0.147 0.268 0.381 0.289 0.169 0.202 0.295 0.27 0.234 0.141 0.124 0.103 0.177 0.195 0.158 0.167 0.235 0.156 0.168 0.149 0.163 0.179 0.18 0.159 0.163
-9999 -9999 -9999 -9999 -9999 -9999 -9999 -9999 -9999 -9999 -9999 -9999 -9999 -9999 -9999 -9999 -9999 -9999 -9999 -9999 -9999 -9999 -9999 -9999 -9999 -9999 -9999 -9999 0.338 0.365 0.354 0.316 0.26 0.284 0.309 0.365 0.398 0.395 0.38 0.37 0.388 0.392 0.35 0.394 0.365 0.325 0.218 0.17 0.244 0.263 0.218 0.191 0.214 0.306 0.238 0.331 0.215 0.028 0.272 0.303 0.244 0.259 0.332 0.305 0.317 0.302 0.247 0.161 0.148 0.153 0.177 0.193 0.186 0.219 0.206 0.175 0.193
-9999 -9999 -9999 -9999 -9999 -9999 -9999 -9999 -9999 -9999 -9999 -9999 -9999 -9999 -9999 -9999 -9999 -9999 -9999 -9999 -9999 -9999 -9999 -9999 -9999 -9999 -9999 -9999 0.325 0.287 0.339 0.311 0.185 0.204 0.244 0.251 0.27 0.256 0.317 0.421 0.419 0.405 0.366 0.386 0.384 0.36 0.321 0.287 0.313 0.367 0.269 0.25 0.29 0.286 0.341 0.343 0.166 0.076 0.136 0.144 0.179 0.281 0.17 0.223 0.248 0.344 0.288 0.314 0.352 0.378 0.25 0.264 0.239 0.237 0.182 0.209 0.196
-9999 -9999 -9999 -9999 -9999 -9999 -9999 -9999 -9999 -9999 -9999 -9999 -9999 -9999 -9999 -9999 -9999 -9999 -9999 -9999 -9999 -9999 -9999 -9999 -9999 -9999 -9999 -9999 0.278 0.263 0.326 0.282 0.28 0.193 0.209 0.23 0.269 0.276 0.262 0.269 0.324 0.351 0.36 0.31 0.392 0.377 0.352 0.36 0.342 0.324 0.301 0.244 0.272 0.333 0.278 0.109 0.119 0.095 0.053 -0.095 0.139 0.137 0.073 0.073 0.116 0.184 0.278 0.228 0.288 0.317 0.281 0.405 0.407 0.248 0.233 0.25 0.205
-9999 -9999 -9999 -9999 -9999 -9999 -9999 -9999 -9999 -9999 -9999 -9999 -9999 -9999 -9999 -9999 -9999 -9999 -9999 -9999 -9999 -9999 -9999 -9999 -9999 -9999 -9999 -9999 -9999 0.183 0.229 0.31 0.326 0.36 0.377 0.415 0.325 0.282 0.365 0.383 0.388 0.32 0.206 0.238 0.257 0.28 0.29 0.243 0.331 0.342 0.371 0.368 0.424 0.48 0.471 0.465 0.481 0.487 0.164 0.183 0.095 0.067 0.104 0.042 0.048 0.201 0.247 0.181 0.242 0.215 0.279 0.234 0.293 0.115 0.255 0.251 0.34
-9999 -9999 -9999 -9999 -9999 -9999 -9999 -9999 -9999 -9999 -9999 -9999 -9999 -9999 -9999 -9999 -9999 -9999 -9999 -9999 -9999 -9999 -9999 -9999 -9999 -9999 -9999 -9999 -9999 0.23 0.259 0.306 0.303 0.271 0.29 0.298 0.323 0.347 0.326 0.368 0.38 0.382 0.366 0.322 0.277 0.285 0.311 0.284 0.306 0.289 0.298 0.291 0.348 0.39 0.43 0.459 0.464 0.472 0.403 0.376 0.319 0.3 0.337 0.244 0.099 0.131 0.072 0.096 0.042 0.091 0.168 0.173 0.183 0.222 0.164 0.226 0.262
-9999 -9999 -9999 -9999 -9999 -9999 -9999 -9999 -9999 -9999 -9999 -9999 -9999 -9999 -9999 -9999 -9999 -9999 -9999 -9999 -9999 -9999 -9999 -9999 -9999 -9999 -9999 -9999 -9999 -9999 0.221 0.162 0.178 0.202 0.201 0.228 0.245 0.232 0.28 0.286 0.368 0.382 0.353 0.207 0.184 0.191 0.219 0.279 0.339 0.337 0.352 0.36 0.435 0.463 0.474 0.47 0.474 0.47 0.442 0.451 0.441 0.433 0.414 0.393 0.393 0.334 0.246 0.177 0.091 0.004 0.121 -0.009 0.134 0.052 0.134 0.122 0.198
-9999 -9999 -9999 -9999 -9999 -9999 -9999 -9999 -9999 -9999 -9999 -9999 -9999 -9999 -9999 -9999 -9999 -9999 -9999 -9999 -9999 -9999 -9999 -9999 -9999 -9999 -9999 -9999 -9999 -9999 0.17 0.155 0.159 0.205 0.187 0.275 0.196 0.197 0.199 0.235 0.252 0.344 0.279 0.32 0.246 0.175 0.188 0.265 0.27 0.307 0.323 0.353 0.373 0.446 0.448 0.455 0.496 0.491 0.441 0.343 0.363 0.416 0.399 0.192 0.24 0.168 0.319 0.219 0.373 0.262 0.187 0.038 0.09 -0.026 -0.019 0.012 0.065
-9999 -9999 -9999 -9999 -9999 -9999 -9999 -9999 -9999 -9999 -9999 -9999 -9999 -9999 -9999 -9999 -9999 -9999 -9999 -9999 -9999 -9999 -9999 -9999 -9999 -9999 -9999 -9999 -9999 -9999 -9999 0.218 0.237 0.259 0.249 0.286 0.286 0.262 0.207 0.237 0.256 0.209 0.202 0.332 0.344 0.342 0.356 0.373 0.322 0.387 0.366 0.343 0.362 0.4 0.41 0.46 0.436 0.469 0.498 0.447 0.405 0.334 0.353 0.156 0.243 0.181 0.25 0.285 0.08 0.132 0.243 0.124 -0.018 0.012 -0 0.001 0.008
