data/china_ndvi_max_2004.asc
ncols         710
nrows         510
xllcorner     70
yllcorner     10
cellsize      0.1
NODATA_value  -9999
[rows 272 to 305 of 510, columns 77 to 153 of 710]
-9999 -9999 -9999 -9999 -9999 -9999 -9999 -9999 -9999 -9999 -9999 -0.3 0.07 0.078 0.082 0.077 0.073 0.075 0.081 0.081 0.09 0.083 0.083 0.095 0.11 0.106 0.105 0.125 0.106 0.104 0.082 0.084 0.09 0.073 0.046 0.063 0.078 0.059 0.094 0.075 0.119 0.111 0.092 0.094 0.08 0.091 0.081 0.028 0.083 0.087 0.058 0.095 0.085 0.112 0.127 0.107 0.108 0.104 0.112 0.123 0.128 0.122 0.124 0.109 0.106 0.09 0.08 0.045 0.094 0.107 0.121 0.114 0.105 0.099 0.049 0.099 0.119
-9999 -9999 -9999 -9999 -9999 -9999 -9999 -9999 -9999 -9999 -9999 0.072 0.082 0.074 0.06 0.082 0.08 0.085 0.094 0.079 0.077 0.088 0.079 0.093 0.097 0.113 0.119 0.104 0.099 0.1 0.091 0.088 0.096 0.089 0.088 0.083 0.083 0.108 0.07 0.075 0.082 0.095 0.061 0.064 0.074 0.091 0.093 0.094 0.11 0.104 0.105 0.095 0.082 0.092 0.095 0.063 0.104 0.12 0.117 0.117 0.107 0.118 0.135 0.12 0.118 0.097 0.088 0.074 0.092 0.108 0.131 0.132 0.112 0.12 0.122 0.115 0.121
-9999 -9999 -9999 -9999 -9999 -9999 -9999 -9999 -9999 -9999 -9999 0.087 0.106 0.083 0.07 0.082 0.09 0.084 0.086 0.083 0.082 0.058 -0.3 0.088 0.087 0.083 0.076 0.076 0.106 0.112 0.098 0.105 0.106 0.1 0.109 0.079 0.102 0.114 0.077 0.094 0.104 0.107 0.112 0.095 0.105 0.083 0.077 0.083 0.092 0.095 0.094 0.095 0.08 0.102 0.113 0.102 0.105 0.133 0.11 0.119 0.104 0.104 0.12 0.115 0.112 0.118 0.113 0.121 0.069 -0.021 0.081 0.119 0.14 0.136 0.135 0.126 0.118
-9999 -9999 -9999 -9999 -9999 -9999 -9999 -9999 -9999 -9999 -9999 -9999 -9999 0.086 0.09 0.082 0.077 0.07 0.097 0.12 0.091 0.092 0.114 0.084 0.078 0.089 0.113 0.113 0.062 0.093 0.106 0.121 0.115 0.117 0.112 0.11 0.12 0.128 0.113 0.111 0.115 0.108 0.098 0.094 0.106 0.114 0.105 0.087 0.058 0.057 0.061 0.099 0.1 0.07 0.093 0.1 0.102 0.103 0.122 0.106 0.098 0.107 0.113 0.082 0.068 -0.23 0.082 0.085 0.145 0.132 0.124 0.091 0.098 0.109 0.111 0.14 0.135
-9999 -9999 -9999 -9999 -9999 -9999 -9999 -9999 -9999 -9999 -9999 -9999 -9999 -9999 0.098 0.079 0.087 0.085 0.092 0.121 0.109 0.125 0.127 0.118 0.103 0.105 0.103 0.121 0.106 0.118 0.107 0.118 0.113 0.121 0.115 0.111 0.115 0.12 0.116 0.113 0.095 0.112 0.111 0.114 0.121 0.113 0.108 0.113 0.099 0.065 0.067 0.084 0.097 0.085 0.091 0.095 0.106 0.106 0.117 0.107 0.106 0.127 0.112 0.074 0.118 0.069 0.102 0.099 0.134 0.126 0.145 0.064 0.092 0.125 0.146 0.094 0.093
-9999 -9999 -9999 -9999 -9999 -9999 -9999 -9999 -9999 -9999 -9999 -9999 -9999 -9999 -9999 0.087 0.089 0.096 0.065 0.087 0.112 0.094 0.112 0.107 0.097 0.1 0.079 0.087 0.074 0.087 0.083 0.068 0.079 0.093 0.11 0.114 0.098 0.091 0.088 0.077 0.082 0.108 0.11 0.113 0.118 0.112 0.114 0.107 0.115 0.119 0.113 0.08 0.089 0.093 0.096 0.105 0.109 0.132 0.125 0.127 0.122 0.119 0.117 0.096 0.09 0.115 0.127 0.127 0.127 0.125 0.132 0.126 0.122 0.132 0.138 0.128 0.129
-9999 -9999 -9999 -9999 -9999 -9999 -9999 -9999 -9999 -9999 -9999 -9999 -9999 -9999 -9999 0.097 0.126 0.115 0.064 0.111 0.118 0.12 0.107 0.131 0.144 0.104 0.073 0.073 0.076 0.065 0.071 0.071 0.077 0.093 0.1 0.107 0.081 0.066 0.077 0.066 0.087 0.09 0.083 0.102 0.098 0.106 0.115 0.116 0.124 0.133 0.12 0.088 0.1 0.109 0.123 0.111 0.107 0.118 0.14 0.128 0.107 0.12 0.114 0.116 0.111 0.118 0.124 0.124 0.117 0.099 0.125 0.126 0.124 0.111 0.099 0.103 0.103
-9999 -9999 -9999 -9999 -9999 -9999 -9999 -9999 -9999 -9999 -9999 -9999 -9999 -9999 -9999 0.077 0.09 0.111 0.094 0.111 0.121 0.085 0.1 0.112 0.099 0.106 0.102 0.09 0.029 -0.071 0.053 0.057 0.058 0.088 0.099 0.122 0.118 0.116 0.088 0.084 0.085 0.083 0.085 0.07 0.1 0.107 0.098 0.081 0.095 0.101 0.095 0.084 0.084 0.117 0.124 0.116 0.097 0.112 0.129 0.129 0.12 0.119 0.105 0.1 0.105 0.12 0.118 0.126 0.125 0.131 0.127 0.118 0.119 0.118 0.111 0.106 0.102
-9999 -9999 -9999 -9999 -9999 -9999 -9999 -9999 -9999 -9999 -9999 -9999 -9999 -9999 -9999 -9999 0.078 0.073 0.094 0.085 0.091 0.075 0.073 0.11 0.106 0.109 0.096 0.104 0.113 0.125 0.112 0.086 0.074 0.093 0.123 0.101 0.079 0.113 0.102 0.102 0.084 0.065 0.072 0.084 0.055 0.018 0.051 0.054 0.091 0.086 0.071 0.071 0.08 0.108 0.129 0.122 0.095 0.113 0.133 0.144 0.129 0.112 0.107 0.096 0.082 0.092 0.122 0.136 0.134 0.127 0.131 0.129 0.118 0.12 0.122 0.128 0.124
-9999 -9999 -9999 -9999 -9999 -9999 -9999 -9999 -9999 -9999 -9999 -9999 -9999 -9999 -9999 -9999 0.1 0.084 0.09 0.068 0.086 0.08 0.102 0.105 0.122 0.114 0.121 0.119 0.141 0.113 0.106 0.083 0.091 0.001 0.07 0.112 0.117 0.089 0.085 0.073 0.037 0.082 0.083 0.081 0.084 -0.055 0.046 0.058 0.05 0.059 0.068 0.083 0.091 0.117 0.119 0.124 0.121 0.119 0.108 0.12 0.11 0.103 0.065 0.082 0.094 0.099 0.115 0.127 0.137 0.127 0.133 0.136 0.136 0.136 0.136 0.135 0.131
-9999 -9999 -9999 -9999 -9999 -9999 -9999 -9999 -9999 -9999 -9999 -9999 -9999 -9999 -9999 -9999 0.089 0.098 0.088 0.089 0.094 0.096 0.103 0.105 0.11 0.116 0.131 0.126 0.079 0.078 0.09 0.094 0.089 0.074 0.081 0.1 0.11 0.09 0.111 0.118 0.126 0.089 0.098 0.067 0.076 0.091 0.082 0.086 0.07 0.066 0.068 0.07 0.072 0.092 0.087 0.089 0.104 0.093 0.109 0.12 0.111 0.102 0.093 0.101 0.111 0.099 0.099 0.132 0.126 0.125 0.123 0.131 0.136 0.136 0.147 0.139 0.125
-9999 -9999 -9999 -9999 -9999 -9999 -9999 -9999 -9999 0.046 0.045 -9999 -9999 -9999 -9999 -9999 -9999 0.104 0.079 0.089 0.08 0.089 0.1 0.091 0.099 0.079 0.094 0.078 0.079 0.1 0.098 0.1 0.108 0.112 0.114 0.113 0.113 0.124 0.086 0.089 0.108 0.102 0.071 0.072 0.072 0.064 0.06 0.065 0.074 0.081 0.087 0.072 0.067 0.103 0.083 0.076 0.082 0.085 0.113 0.134 0.118 0.11 0.105 0.112 0.128 0.117 0.11 0.112 0.12 0.106 0.112 0.125 0.123 0.128 0.144 0.143 0.128
-9999 -9999 -9999 -9999 -9999 -9999 -9999 -9999 0.039 0.04 0.042 -9999 -9999 -9999 -9999 0.056 0.039 0.045 0.089 0.081 0.092 0.075 0.075 0.077 0.083 0.073 0.07 0.061 0.093 0.096 0.106 0.108 0.121 0.108 0.112 0.113 0.094 0.099 0.092 0.077 0.076 0.085 0.07 0.12 0.114 0.096 0.046 -0.011 0.069 0.067 0.062 0.076 0.072 0.11 0.101 0.07 0.079 0.094 0.115 0.109 0.117 0.117 0.115 0.126 0.13 0.121 0.109 0.11 0.129 0.118 0.129 0.115 0.124 0.134 0.146 0.144 0.126
-9999 -9999 -9999 -9999 -9999 -9999 -9999 -9999 0.012 0.026 0.055 0.048 -9999 -9999 -9999 0.095 0.112 0.079 0.075 0.03 0.027 0.118 0.073 0.066 0.09 0.104 0.107 0.117 0.102 0.094 0.087 0.12 0.13 0.12 0.116 0.091 0.105 0.109 0.107 0.104 0.109 0.096 0.12 0.088 0.098 0.108 0.13 0.171 0.111 0.126 0.123 0.094 0.115 0.104 0.126 0.126 0.102 0.128 0.117 0.116 0.09 0.073 0.08 0.096 0.097 0.104 0.103 0.117 0.123 0.117 0.133 0.141 0.12 0.145 0.144 0.124 0.119
-9999 -9999 -9999 -9999 -9999 -9999 -9999 -9999 -9999 0.021 0.061 0.046 0.041 0.077 0.077 0.104 0.098 0.096 0.089 0.085 0.022 0.067 0.089 0.091 0.109 0.118 0.122 0.09 0.105 0.117 0.101 0.11 0.118 0.125 0.122 0.087 0.098 0.092 0.111 0.115 0.095 0.102 0.093 0.102 0.093 0.062 0.093 0.098 0.115 0.106 0.116 0.119 0.129 0.128 0.126 0.139 0.135 0.134 0.128 0.132 0.129 0.043 0.082 0.1 0.097 0.107 0.119 0.105 0.104 0.091 0.106 0.125 0.119 0.124 0.113 0.106 0.11
-9999 -9999 -9999 -9999 -9999 -9999 -9999 -9999 0.03 0.066 0.071 0.056 0.071 0.074 0.105 0.079 0.082 0.095 0.123 0.116 0.085 -0.002 0.044 0.105 0.114 0.119 0.093 0.094 0.103 0.114 0.102 0.075 0.1 0.097 0.097 0.119 0.103 0.094 0.113 0.12 0.112 0.1 0.091 0.098 0.099 0.111 0.1 0.09 0.1 0.109 0.104 0.122 0.127 0.112 0.09 0.108 0.119 0.134 0.107 0.134 0.126 0.133 0.137 0.135 0.128 0.128 0.124 0.12 0.098 0.094 0.014 0.073 0.078 0.09 -0.002 0.098 0.125
-9999 -9999 -9999 -9999 -9999 -9999 -9999 -9999 -9999 0.047 0.079 0.066 0.069 0.105 0.077 0.085 0.082 0.097 0.111 0.115 0.132 0.009 -0.005 0.127 0.097 0.127 0.108 0.11 0.096 0.109 0.107 0.107 0.086 0.074 0.086 0.103 0.114 0.124 0.125 0.127 0.113 0.109 0.107 0.097 0.103 0.12 0.108 0.121 0.125 0.126 0.11 0.133 0.125 0.118 0.098 0.101 0.122 0.148 -0.3 0.09 0.124 0.111 0.117 0.114 0.126 0.125 0.131 0.129 0.116 0.123 0.082 0.063 0.095 0.1 0.11 0.119 0.126
-9999 -9999 -9999 -9999 -9999 -9999 -9999 -9999 -9999 -9999 0.075 0.039 0.024 0.104 0.065 0.072 0.07 0.08 0.11 0.118 0.132 0.049 -0.001 0.068 0.077 0.105 0.109 0.085 0.106 0.102 0.124 0.111 0.096 0.074 0.09 0.122 0.111 0.113 0.115 0.13 0.118 0.097 0.096 0.06 0.09 0.095 0.099 0.108 0.129 0.123 0.124 0.133 0.138 0.116 0.119 0.119 0.113 0.126 0.091 0.101 0.106 0.122 0.125 0.132 -0.3 0.074 0.118 0.121 0.129 0.123 0.114 0.111 0.107 0.103 0.105 0.097 0.119
-9999 -9999 -9999 -9999 -9999 -9999 -9999 -9999 -9999 -9999 -9999 0.037 0.1 0.082 0.086 0.088 0.083 0.063 0.086 0.087 0.081 0.13 0.124 0.098 0.084 0.082 0.118 0.115 0.102 0.138 0.113 0.1 0.091 0.099 0.1 0.116 0.118 0.132 0.111 0.119 0.132 0.1 0.11 0.109 0.097 0.099 0.125 0.104 0.102 0.136 0.14 0.11 0.147 0.089 -0.025 -0.069 0.076 0.099 0.032 0.083 0.126 0.108 0.125 0.115 0.119 0.113 0.127 0.129 0.113 0.118 0.124 0.111 0.132 0.134 0.131 0.12 0.135
-9999 -9999 -9999 -9999 -9999 -9999 -9999 -9999 -9999 -9999 0.075 0.083 0.071 0.073 0.101 0.108 0.097 0.075 0.071 0.072 0.097 0.111 0.104 0.096 0.088 0.084 0.08 0.109 0.095 0.085 0.119 0.107 0.104 0.095 0.104 0.112 0.125 0.144 0.121 0.122 0.129 0.111 0.119 0.113 0.112 0.123 0.134 0.094 0.129 0.129 0.141 0.133 0.141 0.096 0.088 0.02 0.122 0.119 0.058 0.094 0.104 0.125 0.128 0.128 0.131 0.117 0.125 0.129 0.118 0.133 0.126 0.124 0.129 0.134 0.131 0.133 0.143
-9999 -9999 -9999 -9999 -9999 -9999 -9999 -9999 -9999 -9999 -9999 0.034 0.06 0.074 0.097 0.088 0.064 0.066 0.063 0.066 0.069 0.08 0.087 0.08 0.079 0.089 0.08 0.091 0.126 0.087 0.085 0.129 0.115 0.111 0.108 0.101 0.116 0.117 0.131 0.123 0.117 0.113 0.112 0.126 0.133 0.129 0.083 0.038 0.102 0.125 0.116 0.118 0.103 0.107 0.095 0.124 0.141 0.149 0.071 0.092 0.104 0.13 0.126 0.118 0.142 0.135 0.129 0.114 0.108 0.118 0.122 0.135 0.134 0.054 0.124 0.143 0.14
-9999 -9999 -9999 -9999 -9999 -9999 -9999 -9999 -9999 -9999 -9999 -9999 0.053 0.095 0.105 0.095 0.084 0.072 0.06 0.063 0.051 0.07 0.089 0.084 0.061 0.065 0.078 0.08 0.14 0.131 0.104 0.113 0.118 0.119 0.094 0.101 0.109 0.107 0.127 0.128 0.122 0.134 0.111 0.129 0.135 0.135 0.043 0.056 0.107 0.109 0.1 0.104 0.078 -0.3 0.059 0.13 0.158 0.123 0.093 0.081 0.111 0.136 0.136 0.115 0.123 0.112 0.118 0.11 0.131 0.133 0.153 0.129 0.139 0.114 0.013 0.139 0.13
-9999 -9999 -9999 -9999 -9999 -9999 -9999 -9999 -9999 -9999 -9999 0.041 0.045 0.109 0.131 0.114 0.101 0.099 0.059 0.055 0.054 0.066 0.071 0.102 0.081 0.074 0.095 0.079 0.128 0.138 0.13 0.077 0.099 0.134 0.12 0.114 0.111 0.112 0.115 0.11 0.131 0.121 0.124 0.135 0.129 0.133 0.07 0.094 0.114 0.128 0.121 0.092 -0.3 -0.3 -0.3 0.093 0.134 0.065 0.097 0.09 0.114 0.135 0.132 0.097 0.114 0.094 0.106 0.116 0.117 0.136 0.147 0.141 0.139 0.119 0.007 0.137 0.122
-9999 -9999 -9999 -9999 -9999 -9999 -9999 -9999 -9999 -9999 -9999 0.06 0.071 0.107 0.135 0.124 0.085 0.096 0.108 0.108 0.094 0.086 0.079 0.083 0.103 0.119 0.121 0.099 0.129 0.129 0.143 0.129 0.139 0.111 0.138 0.125 0.143 0.146 0.123 0.11 0.119 0.105 0.123 0.119 0.119 0.118 0.087 0.104 0.118 0.098 0.104 0.15 0.077 0.101 0.111 0.134 0.159 0.142 0.112 0.136 0.084 0.129 0.13 -0.156 -0.008 0.072 0.101 0.125 0.131 0.111 0.125 0.119 0.13 0.075 0.105 0.14 0.151
-9999 -9999 -9999 -9999 -9999 -9999 -9999 -9999 -9999 -9999 -9999 -9999 0.015 0.072 0.113 0.097 0.104 0.083 0.13 0.123 0.116 0.107 0.085 0.086 0.103 0.123 0.117 0.133 0.112 0.123 0.139 0.103 0.085 0.09 0.097 0.118 0.119 0.122 0.133 0.128 0.114 0.09 0.123 0.108 0.112 0.096 0.092 0.104 0.125 0.106 0.095 0.137 0.104 0.114 0.093 0.113 0.118 0.091 0.137 0.124 0.145 0.151 0.138 -0.056 0.053 0.113 0.108 0.103 0.115 0.131 0.129 0.134 0.125 0.131 0.114 0.143 0.136
-9999 -9999 -9999 -9999 -9999 -9999 -9999 -9999 -9999 -9999 -9999 -9999 -9999 0.088 0.05 0.035 0.052 0.107 0.133 0.118 0.13 0.128 0.13 0.106 0.096 0.105 0.12 0.119 0.135 0.122 0.118 0.138 0.137 0.097 0.082 0.083 0.121 0.118 0.111 0.119 0.136 0.127 0.123 0.113 0.12 0.117 0.065 0.052 0.12 0.123 0.118 0.109 0.102 0.126 0.116 0.127 0.134 0.108 0.128 0.143 0.159 0.128 0.142 0.111 0.135 0.094 0.096 0.117 0.133 0.138 0.162 0.163 0.152 0.142 0.196 0.175 0.157
-9999 -9999 -9999 -9999 -9999 -9999 -9999 -9999 -9999 -9999 -9999 -9999 -9999 0.114 0.097 0.072 -0.01 -0.019 0.062 0.083 0.073 0.085 0.134 0.13 0.117 0.102 0.099 0.098 0.135 0.117 0.122 0.125 0.133 0.149 0.128 0.066 0.081 0.092 0.089 0.075 0.137 0.117 0.134 0.133 0.119 0.132 0.119 -0.032 0.111 0.132 0.119 0.116 0.114 0.118 0.121 0.114 0.163 0.147 0.122 0.169 0.129 0.13 0.145 -0.3 -0.3 -0.3 0.12 0.128 0.13 0.143 0.147 0.147 0.148 0.168 0.16 0.165 0.149
-9999 -9999 -9999 -9999 -9999 -9999 -9999 -9999 -9999 -9999 -9999 -9999 -9999 -9999 0.009 -9999 0.013 -9999 -9999 0.011 0.029 0.03 0.078 0.142 0.135 0.104 0.093 0.108 0.124 0.128 0.123 0.127 0.124 0.14 0.149 0.131 0.071 0.099 0.072 0.105 0.111 0.089 0.143 0.122 0.133 0.133 0.141 0.056 0.075 0.129 0.114 0.122 0.138 0.108 0.111 0.115 0.124 0.127 0.086 0.152 0.126 0.132 0.139 0.165 0.154 0.143 0.135 0.136 0.047 0.087 0.142 0.156 0.133 0.138 0.128 0.115 0.127
-9999 -9999 -9999 -9999 -9999 -9999 -9999 -9999 -9999 -9999 -9999 -9999 -9999 -9999 -9999 -9999 -9999 -9999 -9999 -9999 -9999 0.094 0.063 0.079 0.108 0.122 0.135 0.143 0.12 0.13 0.128 0.135 0.141 0.114 0.114 0.112 0.099 0.12 0.11 0.08 0.175 0.145 0.123 0.093 0.134 0.131 0.12 0.123 0.106 0.076 0.012 0.109 0.149 0.037 0.09 0.131 0.128 0.066 0.051 0.044 0.109 0.134 0.124 0.121 0.108 0.13 0.142 0.139 0.134 0.127 0.11 0.106 0.109 0.13 0.089 0.124 0.148
-9999 -9999 -9999 -9999 -9999 -9999 -9999 -9999 -9999 -9999 -9999 -9999 -9999 -9999 -9999 -9999 -9999 -9999 -9999 -9999 -9999 -9999 0.099 0.073 0.054 0.111 0.137 0.133 0.138 0.129 0.131 0.11 0.105 0.127 0.099 0.109 0.094 0.121 0.125 0.142 0.146 0.138 0.155 0.121 0.095 0.096 0.132 0.146 0.09 0.072 -0.014 0.071 0.137 0.074 0.084 0.109 0.094 0.045 0.107 0.129 0.115 0.099 0.053 0.101 0.113 0.128 0.123 0.124 0.125 0.13 0.117 0.083 0.108 0.125 0.117 0.12 0.136
-9999 -9999 -9999 -9999 -9999 -9999 -9999 -9999 -9999 -9999 -9999 -9999 -9999 -9999 -9999 -9999 -9999 -9999 -9999 -9999 -9999 -9999 -9999 0.158 0.097 0.076 0.105 0.088 0.133 0.146 0.135 0.096 0.114 0.128 0.116 -0.3 0.1 0.107 -0.3 0.146 0.159 0.135 0.129 0.125 0.107 0.107 0.117 0.102 0.109 0.089 0.094 0.076 0.115 0.123 0.127 0.124 0.031 0.019 0.135 0.13 0.104 0.13 0.078 0.094 0.108 0.098 0.128 0.102 0.131 0.143 0.145 0.136 0.136 0.123 0.128 0.114 0.106
-9999 -9999 -9999 -9999 -9999 -9999 -9999 -9999 -9999 -9999 -9999 -9999 -9999 -9999 -9999 -9999 -9999 -9999 -9999 -9999 -9999 -9999 -9999 -9999 0.088 0.03 0.022 0.039 0.098 0.123 0.146 0.147 0.132 0.077 0.089 -0.3 -0.3 0.142 0.137 0.141 0.155 0.123 0.086 0.126 0.11 0.09 0.12 0.122 0.105 0.106 0.128 0.094 0.14 0.122 0.092 0.091 0.038 0 0.149 0.145 0.126 0.125 0.125 0.096 0.114 0.085 0.106 0.097 0.105 0.132 0.142 0.135 0.146 0.136 0.128 0.144 0.122
-9999 -9999 -9999 -9999 -9999 -9999 -9999 -9999 -9999 -9999 -9999 -9999 -9999 -9999 -9999 -9999 -9999 -9999 -9999 -9999 -9999 -9999 -9999 -9999 -9999 -9999 -9999 -9999 0.046 0.053 0.106 0.134 0.138 0.134 0.081 0.072 0.089 0.124 0.175 0.172 0.152 0.106 0.103 0.088 0.098 0.106 0.139 0.132 0.134 0.121 0.111 0.106 0.197 0.085 0.064 0.123 0.048 0.022 0.12 0.145 0.139 0.095 0.091 0.118 0.086 0.029 0.114 0.127 0.12 0.114 0.127 0.147 0.135 0.13 0.12 0.127 0.12
-9999 -9999 -9999 -9999 -9999 -9999 -9999 -9999 -9999 -9999 -9999 -9999 -9999 -9999 -9999 -9999 -9999 -9999 -9999 -9999 -9999 -9999 -9999 -9999 -9999 -9999 -9999 -9999 -9999 -9999 -9999 -0.013 0.059 0.106 0.092 0.087 0.033 -9999 0.094 -9999 -9999 0.051 -0.002 0.045 0.107 0.12 0.118 0.129 0.135 0.135 0.135 0.126 0.124 0.124 0.119 0.119 0.162 0.139 0.112 0.099 0.146 0.104 0.087 0.164 0.118 0.108 0.129 0.15 0.03 0.132 0.136 0.086 0.068 0.136 0.131 0.133 0.139
