data/china_ndvi_max_1984.asc
ncols         710
nrows         510
xllcorner     70
yllcorner     10
cellsize      0.1
NODATA_value  -9999
[rows 272 to 305 of 510, columns 154 to 230 of 710]
0.123 0.111 0.094 0.098 0.039 0.064 0.102 0.104 0.105 0.116 0.119 0.12 0.13 0.109 0.087 0.064 0.147 0.131 0.129 0.134 0.133 0.132 0.127 0.135 0.112 0.1 0.094 0.11 0.12 0.12 0.132 0.117 0.124 0.131 0.129 0.135 0.07 0.076 0.094 0.092 0.103 0.131 0.129 0.122 0.106 0.134 0.066 0.158 0.173 0.217 0.165 0.15 0.14 0.104 0.138 0.046 0.128 0.16 0.154 0.172 0.18 0.164 0.169 0.186 0.178 0.225 0.241 0.186 0.173 0.182 0.235 0.187 0.202 0.209 0.211 0.207 0.234
0.119 0.11 0.113 0.104 -0.023 0.054 0.117 0.119 0.106 0.113 0.117 0.143 0.137 0.129 0.128 0.092 0.14 0.136 0.124 0.119 0.114 0.119 0.111 0.098 0.116 0.137 0.119 0.118 0.11 0.102 0.098 0.129 0.112 0.096 0.108 0.117 0.112 0.09 0.095 0.13 0.165 0.099 0.103 -0.013 0.082 0.117 0.172 0.173 0.122 0.161 0.131 0.14 0.112 0.091 0.084 0.113 0.167 0.203 0.079 0.207 0.239 0.181 0.176 0.158 0.191 0.201 0.224 0.285 0.272 0.258 0.259 0.228 0.217 0.208 0.222 0.194 0.257
0.125 0.145 0.144 0.124 0.099 0.091 0.115 0.106 0.102 0.099 0.094 0.182 0.184 0.16 0.144 0.115 0.128 0.147 0.134 0.128 0.114 0.101 0.113 0.134 0.16 0.161 0.099 0.113 0.111 0.116 0.114 0.097 0.107 0.113 0.138 0.128 0.14 0.132 0.107 0.143 0.159 0.089 0.109 0.131 0.16 0.166 0.145 0.154 0.164 0.162 -0.3 0.132 0.107 0.076 0.134 0.037 0.048 0.047 -0.027 0.187 0.198 0.216 0.181 0.205 0.219 0.221 0.208 0.238 0.236 0.245 0.249 0.188 0.186 0.198 0.201 0.211 0.25
0.094 0.128 0.108 0.101 0.115 0.137 0.11 0.114 0.128 0.141 0.124 0.126 0.119 0.121 0.097 0.076 0.111 0.131 0.132 0.132 0.127 0.109 0.131 0.133 0.129 0.155 0.158 0.128 0.131 0.133 0.134 0.145 0.132 0.141 0.132 0.124 0.128 0.109 0.127 0.136 0.149 0.151 0.142 0.149 0.149 -0.3 0.115 -0.3 0.116 -0.3 0.156 0.091 0.1 0.126 0.086 -0.024 -0.033 -0.026 0.061 0.147 0.093 -0.012 0.072 0.11 0.169 0.158 0.14 0.16 0.16 0.232 0.256 0.215 0.248 0.243 0.215 0.228 0.224
0.123 0.1 0.105 0.102 0.123 0.141 0.138 0.157 0.149 0.168 0.172 0.118 0.12 0.127 0.114 0.096 0.105 0.123 0.097 0.129 0.126 0.136 0.128 0.111 0.106 0.117 0.131 0.105 0.137 0.143 0.12 0.14 0.161 0.11 0.138 0.129 0.123 0.116 0.105 0.11 0.112 0.121 0.117 0.123 0.14 -0.012 0.149 0.14 0.152 0.138 0.14 0.101 0.089 0.089 0.087 0.099 0.063 -0.029 -0.04 0.089 0.095 0.09 0.108 0.117 0.149 0.142 0.241 0.25 0.239 0.228 0.22 0.209 0.223 0.217 0.234 0.23 0.265
0.121 0.125 0.128 0.137 0.146 0.146 0.161 0.18 0.154 0.137 0.127 0.187 0.172 0.099 0.123 0.091 0.103 0.121 0.12 0.128 0.124 0.127 0.13 0.116 0.114 0.119 0.056 -0.004 0.102 0.121 0.064 0.144 0.123 0.138 0.157 0.148 0.073 0.071 0.11 0.135 0.111 0.097 0.095 0.065 0.115 0.114 0.126 0.106 0.114 0.111 0.147 0.142 0.107 0.11 0.108 0.095 0.065 0.02 -0.015 0.125 0.154 0.134 0.136 0.141 0.11 0.142 0.106 0.151 0.225 0.264 0.165 0.211 0.219 0.21 0.184 0.216 0.263
0.108 0.11 0.102 0.112 0.119 0.113 0.18 0.159 0.141 0.138 0.147 0.134 0.164 0.127 0.099 0.072 0.11 0.112 0.126 0.115 0.127 0.111 0.116 0.115 0.102 0.11 0.075 0.102 0.115 0.127 0.144 0.134 0.093 0.107 0.125 0.112 0.119 0.101 0.101 0.11 0.123 0.132 0.137 0.087 0.129 0.095 0.114 0.1 0.105 0.126 0.136 0.172 0.168 0.151 0.146 0.14 0.096 0.114 0.049 0.048 0.158 0.136 0.137 0.125 0.126 0.189 -0.034 0.026 0.141 0.245 0.197 0.225 0.199 0.234 0.237 0.218 0.255
0.043 0.101 0.121 0.132 0.124 0.114 0.126 0.114 0.057 0.12 0.13 0.156 0.112 0.073 0.036 0.092 0.123 0.133 0.134 0.133 0.126 0.128 0.124 0.112 0.08 0.112 0.125 0.145 0.165 0.17 0.161 0.112 0.126 0.115 0.119 0.141 0.093 0.094 0.131 0.14 0.156 0.159 0.14 0.126 -0.3 0.091 0.115 0.137 0.132 0.152 0.16 0.156 0.162 0.16 0.131 0.123 0.113 0.122 0.119 0.144 0.157 0.144 0.154 0.152 0.161 0.179 0.131 0.17 0.197 0.289 0.222 0.214 0.205 0.226 0.237 0.239 0.246
0.123 0.117 0.113 0.121 0.11 0.106 0.131 0.123 0.121 0.129 0.143 0.114 0.028 -0.3 0.105 0.128 0.128 -0.024 0.061 0.094 0.109 0.116 0.124 0.119 0.122 0.134 0.129 0.118 -0.113 0.099 0.145 0.154 0.158 0.137 0.087 0.082 0.155 0.155 0.152 0.153 0.123 0.108 0.136 0.139 0.144 0.125 0.193 0.183 0.128 0.166 0.133 0.193 0.142 0.121 0.13 0.145 0.169 0.168 0.176 0.184 0.172 0.128 0.155 0.134 0.101 0.144 0.176 0.174 0.167 0.267 0.275 0.157 0.131 0.161 0.192 0.242 0.197
0.121 0.144 0.141 0.117 0.109 0.109 0.127 0.131 0.124 0.135 0.141 0.13 0.108 0.111 0.128 0.124 0.107 0.085 0.108 0.116 0.115 0.129 0.132 0.103 0.05 0.089 0.105 0.106 0.096 0.134 0.137 0.158 0.161 0.165 0.15 0.129 0.164 0.157 0.157 0.152 0.129 0.162 0.17 0.156 0.153 0.153 0.158 0.156 0.157 0.174 0.162 0.176 0.173 0.172 0.16 0.177 0.185 0.171 0.194 0.156 0.152 0.106 0.134 0.128 0.154 0.158 0.173 0.262 0.103 0.176 0.078 0.117 0.154 0.098 0.167 0.159 0.22
0.123 0.121 0.135 0.134 0.13 0.138 0.132 0.134 0.114 0.136 0.137 0.107 0.112 0.092 0.116 0.117 0.108 0.11 0.121 0.144 0.156 0.124 0.089 0.105 0.111 0.129 0.142 0.121 0.149 0.145 0.149 0.118 0.148 0.161 0.143 0.131 0.14 0.146 0.148 0.16 0.16 0.094 0.071 0.15 0.157 0.154 0.158 0.163 0.145 0.157 0.17 0.142 0.156 0.183 0.169 0.179 0.209 0.155 0.127 0.19 0.185 0.124 0.145 0.166 0.147 0.147 0.225 0.213 0.141 0.132 0.139 0.106 0.094 0.086 0.177 0.283 0.259
0.134 0.126 0.151 0.158 0.158 0.155 0.138 0.133 0.13 0.095 0.091 0.072 0.1 0.117 0.124 0.14 0.146 0.146 0.131 0.127 0.124 0.131 0.118 0.134 0.149 0.166 0.133 0.166 0.182 0.165 0.17 0.155 0.142 0.158 0.155 0.135 0.14 0.146 0.143 0.132 0.14 0.135 0.135 0.142 0.165 0.171 0.132 0.126 0.152 0.174 0.164 0.161 0.154 0.173 0.167 0.163 0.106 0.085 0.119 0.124 0.103 0.181 0.237 0.198 0.143 0.141 0.223 0.174 0.092 0.152 0.167 0.149 0.209 0.231 0.229 0.326 0.205
0.127 0.149 0.151 0.155 0.147 0.142 0.125 0.119 0.114 0.091 0.105 0.123 0.121 0.122 0.139 0.147 0.121 0.115 0.138 0.116 0.105 0.154 0.138 0.146 0.15 0.124 0.132 0.132 0.146 0.179 0.167 0.126 0.117 0.135 0.147 0.13 0.154 0.154 0.142 0.133 0.163 0.146 0.142 0.134 0.146 0.152 0.13 0.119 0.147 0.161 0.169 0.163 0.161 0.166 0.159 0.196 0.109 0.136 0.153 0.138 0.155 0.113 0.099 0.125 0.209 0.266 0.246 0.223 0.146 0.15 0.242 0.172 0.173 0.193 0.274 0.347 0.133
0.092 0.113 0.106 0.078 0.129 0.128 0.118 0.125 0.097 0.121 0.108 0.122 0.108 0.114 0.117 0.105 0.115 0.133 0.142 0.093 0.087 0.086 0.167 0.095 0.105 0.126 0 0.081 0.11 0.11 0.145 0.183 0.157 0.111 0.135 0.183 0.175 0.145 0.101 0.136 0.143 0.107 0.115 0.118 0.128 0.14 0.148 0.154 0.172 0.178 0.172 0.162 0.173 0.141 0.112 0.144 0.172 0.17 0.226 0.208 0.165 0.206 0.235 0.227 0.205 0.275 0.309 0.262 0.315 0.292 0.323 0.303 0.21 0.198 0.202 0.256 0.314
0.128 0.106 0.102 0.097 0.115 0.12 0.113 0.099 0.095 0.099 0.101 0.067 0.148 0.108 0.11 0.13 0.128 0.126 0.171 0.159 0.072 0.133 0.168 0.155 0.169 0.131 0.119 0.135 0.134 0.145 0.161 0.152 0.13 0.022 0.16 0.164 0.146 0.143 0.164 0.159 0.145 0.141 0.136 0.131 0.123 0.128 0.152 0.131 0.13 0.152 0.139 0.128 0.132 0.107 0.116 0.143 0.149 0.173 0.2 0.213 0.207 0.227 0.259 0.297 0.273 0.267 0.28 0.278 0.311 0.299 0.335 0.314 0.277 0.344 0.288 0.21 0.242
0.13 0.095 0.094 0.097 0.088 0.075 0.092 0.084 0.038 0.074 0.07 0.095 0.049 0.084 0.098 0.099 0.134 0.127 0.131 0.062 0.134 0.146 0.138 0.13 0.093 0.131 0.125 0.143 0.14 0.129 0.151 0.158 0.136 0.137 0.164 0.16 0.119 0.126 0.13 0.131 0.103 0.142 0.122 0.132 0.135 0.125 0.088 0.088 0.084 0.099 0.1 0.108 0.128 0.147 0.147 0.132 0.179 0.205 0.223 0.251 0.229 0.259 0.252 0.284 0.318 0.349 0.339 0.317 0.329 0.315 0.288 0.343 0.355 0.348 0.32 0.301 0.267
0.122 0.111 0.107 0.106 0.125 0.119 0.119 0.113 0.104 0.104 0.099 0.067 0.093 0.1 0.099 0.105 0.119 0.126 0.122 0.126 0.123 0.139 0.132 0.123 0.121 0.135 0.149 0.138 0.118 0.131 0.183 0.154 0.134 0.121 0.136 0.131 0.074 0.104 0.1 0.103 0.106 0.16 0.15 0.132 0.097 0.099 0.128 0.13 0.133 0.133 0.134 0.151 0.164 0.169 -0.083 -0.3 0.161 0.214 0.232 0.22 0.222 0.122 0.183 0.238 0.363 0.392 0.385 0.364 0.37 0.3 0.307 0.39 0.361 0.371 0.352 0.284 0.254
0.116 0.132 0.147 0.136 0.138 0.141 0.113 0.124 0.116 0.108 0.117 0.099 0.085 0.099 0.107 0.108 0.109 0.119 0.136 0.138 0.126 0.14 0.131 0.104 0.127 0.124 0.124 0.151 0.133 0.117 0.109 0.143 0.135 0.018 0.077 0.066 -0.069 0.092 0.099 0.096 0.089 0.091 0.09 0.115 0.131 0.141 0.145 0.149 0.142 0.137 0.149 0.175 0.188 0.154 0.14 0.051 0.164 0.207 0.241 0.247 0.262 0.241 0.267 0.339 0.373 0.371 0.366 0.367 0.364 0.363 0.368 0.366 0.38 0.398 0.385 0.373 0.257
0.131 0.139 0.141 0.125 0.12 0.119 0.124 0.115 0.126 0.118 0.12 0.105 0.127 0.13 0.145 0.126 0.112 0.141 0.087 0.085 0.073 -0.3 0.008 0.082 0.103 0.114 0.14 0.127 0.128 0.113 0.138 0.136 0.038 -0.005 0.097 -0.101 -9999 -0.3 -0.092 0.054 0.07 0.119 0.118 0.115 0.075 0.103 0.124 0.133 0.136 0.141 0.144 0.168 0.18 0.19 0.198 0.193 0.218 0.205 0.238 0.235 0.271 0.265 0.314 0.328 0.354 0.335 0.308 0.34 0.34 0.352 0.29 0.271 0.35 0.285 0.27 0.266 0.433
0.153 0.166 0.153 0.143 0.129 0.134 0.139 0.125 0.128 0.128 0.113 0.121 0.125 0.13 0.134 0.128 0.124 0.128 0.113 0.117 0.113 0.117 0.127 0.144 0.14 0.132 0.134 0.134 0.124 0.126 0.145 0.138 0.057 -0.3 0.069 -0.3 -0.3 -0.3 -0.3 -0.078 0.06 0.079 -0.009 0.08 0.078 0.099 0.149 0.148 0.139 0.142 0.03 0.165 0.19 0.22 0.165 0.154 0.211 0.186 0.188 0.213 0.251 0.304 0.262 0.31 0.336 0.349 0.312 0.339 0.347 0.371 0.381 0.247 0.294 0.287 0.305 0.302 0.292
0.147 0.133 0.131 0.141 0.141 0.133 0.128 0.127 0.12 0.118 0.124 0.145 0.146 0.149 0.145 0.137 0.134 0.122 0.146 0.145 0.142 0.161 0.169 0.17 0.161 -0.3 0.048 0.044 0.151 0.179 0.176 0.139 0.13 0.164 0.16 0.155 -0.3 -0.3 -0.3 0.087 0.136 -0.009 0.084 0.103 0.134 0.148 0.147 0.172 0.16 0.155 0.15 0.185 0.228 0.154 0.169 0.232 0.205 0.159 0.133 0.233 0.198 0.297 0.308 0.294 0.326 0.341 0.342 0.357 0.386 0.374 0.382 0.27 0.279 0.313 0.307 0.36 0.27
0.126 0.142 0.147 0.139 0.131 0.132 0.124 0.106 0.13 0.14 0.141 0.156 0.138 0.116 0.13 0.133 0.124 0.125 0.114 0.116 0.115 0.138 0.152 0.163 0.139 0.138 0.139 0.155 0.166 0.166 0.171 0.127 0.156 0.168 -0.3 0.167 0.075 -0.3 -0.044 0.108 0.141 0.154 0.136 0.139 0.147 0.154 0.184 0.185 0.191 0.202 0.225 0.203 0.214 0.169 0.16 0.251 0.207 0.108 0.18 0.172 0.194 0.265 0.289 0.249 0.303 0.343 0.338 0.401 0.415 0.387 0.393 0.303 0.272 0.191 0.26 0.299 0.338
0.129 0.151 0.15 0.141 0.141 0.131 0.135 0.129 0.132 0.154 0.168 0.13 0.119 0.014 0.025 0.126 0.136 0.128 0.108 0.102 0.1 0.161 0.15 0.157 0.15 0.126 0.172 0.174 0.187 0.228 0.209 0.166 0.187 0.151 0.133 0.149 0.03 0.028 0.087 0.124 0.141 0.155 0.168 0.157 0.142 0.162 0.153 0.152 0.172 0.188 0.189 0.191 0.185 0.185 0.157 0.151 0.117 0.143 0.197 0.207 0.248 0.177 0.235 0.283 0.314 0.357 0.325 0.334 0.341 0.336 0.311 0.276 0.263 0.333 0.343 0.332 0.339
0.144 0.119 0.12 0.107 0.121 0.12 0.142 0.16 0.146 0.161 0.165 0.116 0.141 0.135 0.097 0.153 0.134 0.142 0.145 0.201 0.184 0.178 0.182 0.164 0.17 -0.05 0.153 0.137 0.108 0.136 0.162 0.19 0.168 0.177 0.155 0.136 0.167 0.165 0.147 0.182 0.176 0.173 0.173 0.189 0.173 0.255 0.216 0.229 0.184 0.173 0.187 0.09 0.091 0.108 0.137 0.14 0.251 0.246 0.24 0.242 0.258 0.249 0.274 0.263 0.285 0.289 0.32 0.35 0.356 0.333 0.372 0.351 0.313 0.288 0.342 0.421 0.275
0.135 0.112 0.117 0.106 0.094 0.09 0.135 0.149 0.144 0.147 0.159 0.145 0.131 -0.3 0.127 0.121 0.14 0.13 0.092 0.128 0.166 0.16 0.172 0.15 0.15 0.149 0.125 0.161 0.147 0.156 0.148 0.202 0.191 0.17 0.163 0.152 0.194 0.198 0.142 0.226 0.21 0.17 0.206 0.211 0.193 0.235 0.252 0.244 0.259 0.181 0.167 0.017 -0.115 0.102 0.145 0.179 0.255 0.227 0.241 0.245 0.212 0.155 0.241 0.246 0.29 0.316 0.342 0.319 0.325 0.355 0.389 0.236 0.297 0.326 0.275 0.257 0.215
0.129 0.118 0.087 0.092 0.115 0.106 0.132 0.144 0.153 0.175 0.162 0.149 0.134 -0.3 0.094 0.149 0.146 0.137 0.13 0.138 0.15 0.137 0.125 0.128 0.135 0.159 0.169 0.136 -0.3 0.154 0.138 0.16 0.149 0.146 0.133 0.134 0.156 0.156 -0.3 0.154 0.182 0.139 0.155 0.186 0.224 0.238 0.237 0.222 0.245 0.198 0.191 -0.3 0.158 0.197 0.202 0.268 0.255 0.201 -0.3 0.255 0.293 0.273 0.312 0.275 0.304 0.337 0.345 0.35 0.349 0.355 0.357 0.236 0.364 0.256 0.226 0.27 0.336
0.151 0.106 0.124 0.129 0.146 0.151 0.151 0.158 0.184 0.162 0.154 0.128 -0.3 0.13 0.176 0.144 0.14 0.136 0.011 0.115 0.117 0.121 0.146 0.138 0.17 0.17 0.147 0.114 0.175 0.12 -0.3 0.156 0.137 0.122 0.131 0.141 0.124 0.126 0.127 0.184 0.181 0.087 0.147 0.167 0.178 0.189 0.198 0.185 0.199 0.196 0.217 0.193 0.218 0.221 0.194 0.226 0.257 0.214 0.223 0.244 0.309 0.328 0.287 0.308 0.349 0.35 0.353 0.332 0.291 0.363 0.281 0.37 0.321 0.217 0.301 0.355 0.364
0.113 0.067 0.097 0.163 0.141 0.142 0.144 0.146 0.137 0.154 0.169 -0.3 0.128 0.157 0.148 0.166 0.19 -0.3 -0.3 0.036 0.078 0.138 0.152 0.174 0.188 0.182 0.158 0.144 0.162 0.133 0.118 -0.3 0.139 0.147 0.144 0.145 -0.3 0.163 0.149 0.143 0.171 0.162 0.164 0.183 0.179 0.169 0.213 0.201 0.202 0.19 0.198 0.198 0.277 0.245 0.22 0.239 0.241 0.269 0.213 0.242 0.285 0.193 0.279 0.276 0.319 0.33 0.347 0.36 0.337 0.38 0.349 0.267 0.234 0.235 0.262 0.344 0.326
0.151 -0.3 0.2 0.067 -0.3 0.114 0.14 0.124 0.166 0.177 0.171 0.12 0.141 0.167 0.179 0.168 0.145 0.074 0.103 0.151 0.165 0.172 0.159 0.166 0.169 0.169 0.176 0.158 0.139 0.166 0.188 0.208 0.121 0.131 0.146 0.161 0.184 0.17 0.172 0.138 0.118 0.173 0.16 0.152 0.133 0.138 0.18 0.208 0.201 0.123 0.09 0.169 0.176 -0.3 0.182 -0.3 0.113 0.189 0.249 0.251 0.333 0.085 0.262 0.264 0.193 0.242 0.169 0.141 0.214 0.245 0.206 0.333 0.251 0.24 0.26 0.228 0.133
0.17 0.161 0.152 0.15 0.078 0.103 0.169 0.197 0.18 0.184 0.18 0.038 0.107 0.158 0.167 0.172 0.141 0.151 0.159 0.206 0.215 0.184 0.182 0.165 0.142 0.16 0.181 0.17 0.154 0.164 0.159 0.142 0.009 0.094 0.139 0.16 0.176 0.179 0.176 0.173 0.164 0.27 0.26 0.246 0.266 0.227 0.249 0.207 0.207 0.002 -9999 0.169 -0.3 -0.3 -0.3 0.137 0.16 0.272 0.293 0.247 0.262 0.209 0.326 0.307 0.181 0.173 0.182 0.242 0.229 0.217 0.222 0.305 0.321 0.256 0.274 0.248 0.194
0.126 0.145 0.17 0.163 0.121 0.126 0.146 0.148 0.135 0.162 0.162 0.147 0.117 0.136 0.185 0.205 0.174 0.15 0.186 0.168 0.164 0.183 0.169 0.187 0.186 0.168 0.198 0.208 0.183 0.211 0.219 0.044 0.105 0.152 0.141 0.17 0.228 0.254 0.241 0.226 0.206 0.231 0.2 0.233 0.252 0.262 0.244 0.25 0.219 0.008 -9999 -0.3 -0.3 -0.3 -0.3 0.184 0.219 0.233 0.197 0.186 0.187 0.302 0.343 0.248 0.192 0.125 0.149 0.217 0.227 0.265 0.322 0.292 0.275 0.314 0.281 0.223 0.232
0.102 0.111 0.115 0.131 0.117 0.123 0.137 0.123 0.106 -0.3 0.149 0.138 0.11 0.144 0.169 0.168 0.172 0.185 0.223 0.21 0.198 0.203 0.193 0.198 0.195 0.172 0.119 0.119 0.198 0.159 0.229 0.17 0.159 0.156 0.144 0.157 0.23 0.207 0.215 0.175 0.205 0.253 0.24 0.239 0.26 0.236 0.243 0.233 0.233 0.158 -0.3 -0.3 -0.3 0.161 0.297 0.31 0.106 0.15 0.279 0.305 0.272 0.341 0.401 0.293 0.284 0.325 0.255 0.226 0.342 0.338 0.317 0.269 0.348 0.332 0.292 0.241 0.166
0.118 0.128 0.15 0.163 0.126 0.142 0.143 0.124 0.104 0.131 0.176 0.149 0.119 0.124 0.146 0.161 0.174 0.182 0.162 0.158 0.185 0.191 0.182 0.196 0.178 0.153 0.113 0.142 0.19 0.195 0.216 0.177 0.166 0.188 0.173 0.172 0.277 0.273 0.255 0.227 0.202 0.202 0.235 0.24 0.279 0.293 0.272 0.28 0.222 0.173 -0.3 0.243 0.227 0.269 0.125 0.101 0.226 0.362 0.408 0.391 0.407 0.369 0.33 0.357 0.374 0.28 0.186 0.155 0.147 0.221 0.164 0.272 0.21 0.209 0.174 0.146 0.134
0.125 0.178 0.156 0.166 0.162 0.12 0.169 0.166 0.177 0.126 0.209 0.099 0.131 0.134 0.141 0.152 0.168 0.191 0.181 0.152 0.115 0.126 0.086 0.09 0.157 0.189 0.108 0.127 0.148 0.152 0.183 0.217 0.192 0.158 0.208 0.235 0.27 0.25 0.269 0.263 0.257 0.235 0.226 0.239 0.262 0.224 0.271 0.314 0.318 0.202 0.131 -0.039 -0.041 0.132 0.283 0.339 0.383 0.373 0.289 0.22 0.245 0.258 0.253 0.428 0.264 0.313 0.206 0.225 0.234 0.178 0.247 0.208 0.193 0.219 0.086 0.131 0.189
