data/china_ndvi_max_1998.asc
ncols         710
nrows         510
xllcorner     70
yllcorner     10
cellsize      0.1
NODATA_value  -9999
[rows 170 to 203 of 510, columns 385 to 461 of 710]
-9999 -9999 -9999 -9999 -9999 -9999 -9999 -9999 -9999 -9999 -9999 -9999 -9999 -9999 -9999 -9999 -9999 -9999 -9999 -9999 -9999 -9999 -9999 -9999 -9999 -9999 -9999 -9999 -9999 -9999 -9999 -9999 -9999 -9999 0.144 0.164 0.151 0.152 0.156 0.132 0.134 0.142 0.151 0.157 0.165 0.135 0.14 0.15 0.146 0.147 0.183 0.184 0.177 0.178 0.178 0.197 0.193 0.182 0.186 0.181 0.192 0.213 0.214 0.199 0.213 0.243 0.235 0.237 0.259 0.269 0.234 0.215 0.236 0.248 0.253 0.277 0.267
-9999 -9999 -9999 -9999 -9999 -9999 -9999 -9999 -9999 -9999 -9999 -9999 -9999 -9999 -9999 -9999 -9999 -9999 -9999 -9999 -9999 -9999 -9999 -9999 -9999 -9999 -9999 -9999 -9999 -9999 -9999 -9999 -9999 -9999 -9999 0.133 0.124 0.121 0.131 0.134 0.137 0.134 0.135 0.136 0.149 0.134 0.133 0.147 0.159 0.163 0.179 0.181 0.171 0.167 0.175 0.201 0.196 0.189 0.177 0.17 0.177 0.196 0.208 0.218 0.222 0.23 0.234 0.262 0.255 0.235 0.215 0.242 0.245 0.252 0.26 0.261 0.25
-9999 -9999 -9999 -9999 -9999 -9999 -9999 -9999 -9999 -9999 -9999 -9999 -9999 -9999 -9999 -9999 -9999 -9999 -9999 -9999 -9999 -9999 -9999 -9999 -9999 -9999 -9999 -9999 -9999 -9999 -9999 -9999 -9999 -9999 -9999 0.128 0.149 0.147 0.141 0.15 0.126 0.132 0.142 0.143 0.149 0.163 0.167 0.17 0.17 0.165 0.171 0.175 0.19 0.178 0.19 0.194 0.186 0.191 0.202 0.187 0.186 0.192 0.195 0.2 0.207 0.203 0.215 0.181 0.149 0.203 0.246 0.255 0.251 0.253 0.266 0.26 0.254
-9999 -9999 -9999 -9999 -9999 -9999 -9999 -9999 -9999 -9999 -9999 -9999 -9999 -9999 -9999 -9999 -9999 -9999 -9999 -9999 -9999 -9999 -9999 -9999 -9999 -9999 -9999 -9999 -9999 -9999 -9999 -9999 -9999 0.15 0.151 0.142 0.145 0.146 0.135 0.127 0.126 0.134 0.137 0.134 0.144 0.173 0.18 0.179 0.165 0.163 0.151 0.153 0.168 0.187 0.181 0.209 0.204 0.2 0.202 0.191 0.183 0.194 0.214 0.2 0.194 0.198 0.211 0.183 0.19 0.214 0.242 0.268 0.27 0.269 0.281 0.278 0.253
-9999 -9999 -9999 -9999 -9999 -9999 -9999 -9999 -9999 -9999 -9999 -9999 -9999 -9999 -9999 -9999 -9999 -9999 -9999 -9999 -9999 -9999 -9999 -9999 -9999 -9999 -9999 -9999 -9999 -9999 -9999 0.149 0.144 0.137 0.147 0.146 0.14 0.134 0.133 0.129 0.128 0.134 0.137 0.146 0.166 0.167 0.166 0.166 0.164 0.159 0.173 0.163 0.17 0.185 0.189 0.207 0.192 0.186 0.189 0.191 0.196 0.206 0.215 0.216 0.218 0.214 0.215 0.233 0.201 0.22 0.234 0.236 0.23 0.23 0.231 0.26 0.262
-9999 -9999 -9999 -9999 -9999 -9999 -9999 -9999 -9999 -9999 -9999 -9999 -9999 -9999 -9999 -9999 -9999 -9999 -9999 -9999 -9999 -9999 -9999 -9999 -9999 -9999 -9999 -9999 0.155 0.141 0.147 0.141 0.155 0.152 0.152 0.143 0.137 0.137 0.132 0.125 0.159 0.165 0.154 0.148 0.147 0.129 0.123 0.108 0.147 0.158 0.161 0.173 0.159 0.138 0.154 0.186 0.197 0.193 0.174 0.191 0.175 0.164 0.185 0.124 0.109 0.182 0.218 0.213 0.242 0.265 0.23 0.234 0.252 0.318 0.339 0.35 0.31
-9999 -9999 -9999 -9999 -9999 -9999 -9999 -9999 -9999 -9999 -9999 -9999 -9999 -9999 -9999 -9999 -9999 -9999 -9999 -9999 -9999 -9999 -9999 -9999 -9999 0.144 0.144 0.159 0.164 0.151 0.144 0.15 0.152 0.149 0.153 0.149 0.144 0.148 0.14 0.13 0.156 0.163 0.156 0.146 0.134 0.131 0.134 0.125 0.143 0.145 0.164 0.169 0.143 0.141 0.151 0.131 0.142 0.164 0.195 0.192 0.182 0.16 0.155 0.221 0.275 0.205 0.237 0.231 0.214 0.237 0.237 0.235 0.235 0.275 0.288 0.295 0.284
-9999 -9999 -9999 -9999 -9999 -9999 -9999 -9999 -9999 -9999 -9999 -9999 -9999 -9999 -9999 -9999 -9999 -9999 -9999 -9999 -9999 -9999 -9999 -9999 0.162 0.179 0.142 0.136 0.131 0.14 0.152 0.15 0.145 0.144 0.153 0.144 0.146 0.149 0.16 0.152 0.16 0.159 0.159 0.153 0.135 0.155 0.147 0.146 0.153 0.151 0.157 0.161 0.156 0.165 0.168 0.187 0.19 0.198 0.198 0.191 0.206 0.192 0.19 0.194 0.178 0.182 0.188 0.218 0.221 0.228 0.228 0.228 0.251 0.267 0.222 0.253 0.274
-9999 -9999 -9999 -9999 -9999 -9999 -9999 -9999 -9999 -9999 -9999 -9999 -9999 -9999 -9999 -9999 -9999 -9999 -9999 -9999 -9999 -9999 -9999 0.148 0.143 0.136 0.128 0.133 0.134 0.127 0.144 0.149 0.141 0.144 0.14 0.149 0.153 0.152 0.154 0.159 0.165 0.167 0.159 0.169 0.167 0.167 0.164 0.141 0.161 0.154 0.151 0.155 0.153 0.159 0.166 0.182 0.175 0.18 0.165 0.177 0.156 0.186 0.183 0.175 0.181 0.203 0.221 0.23 0.222 0.2 0.212 0.221 0.226 0.227 0.199 0.224 0.22
-9999 -9999 -9999 -9999 -9999 -9999 -9999 -9999 -9999 -9999 -9999 -9999 -9999 -9999 -9999 -9999 -9999 -9999 -9999 -9999 -9999 -9999 0.147 0.149 0.134 0.123 0.138 0.131 0.131 0.121 0.154 0.154 0.152 0.147 0.145 0.145 0.16 0.157 0.158 0.161 0.16 0.16 0.155 0.157 0.159 0.165 0.163 0.155 0.158 0.164 0.148 0.151 0.151 0.165 0.144 0.149 0.154 0.159 0.17 0.184 0.188 0.178 0.183 0.199 0.2 0.174 0.206 0.21 0.214 0.217 0.235 0.209 0.168 0.184 0.232 0.321 0.285
-9999 -9999 -9999 -9999 -9999 -9999 -9999 -9999 -9999 -9999 -9999 -9999 -9999 -9999 -9999 -9999 -9999 -9999 -9999 -9999 -9999 0.113 0.136 0.111 0.127 0.125 0.113 0.11 0.126 0.136 0.134 0.144 0.144 0.144 0.142 0.16 0.157 0.17 0.162 0.164 0.158 0.163 0.167 0.16 0.151 0.14 0.133 0.113 0.145 0.152 0.15 0.176 0.179 0.165 0.182 0.189 0.172 0.167 0.174 0.177 0.175 0.176 0.182 0.169 0.163 0.233 0.22 0.222 0.227 0.252 0.213 0.226 0.272 0.292 0.278 0.309 0.27
-9999 -9999 -9999 -9999 -9999 -9999 -9999 -9999 -9999 -9999 -9999 -9999 -9999 -9999 -9999 -9999 -9999 -9999 -9999 -9999 0.116 0.115 0.118 0.124 0.115 0.145 0.125 0.138 0.145 0.145 0.152 0.146 0.135 0.14 0.144 0.168 0.171 0.162 0.154 0.155 0.155 0.165 0.164 0.153 0.141 0.133 0.145 0.139 0.149 0.155 0.15 0.15 0.161 0.166 0.167 0.171 0.159 0.159 0.174 0.186 0.185 0.215 0.191 0.169 0.182 0.203 0.216 0.204 0.201 0.22 0.221 0.246 0.245 0.26 0.278 0.302 0.299
-9999 -9999 -9999 -9999 -9999 -9999 -9999 -9999 -9999 -9999 -9999 -9999 -9999 -9999 -9999 -9999 -9999 -9999 0.138 0.14 0.125 0.127 0.127 0.134 0.134 0.138 0.144 0.142 0.145 0.149 0.144 0.148 0.144 0.144 0.151 0.147 0.152 0.158 0.154 0.149 0.156 0.158 0.158 0.156 0.149 0.146 0.168 0.163 0.163 0.161 0.163 0.176 0.158 0.172 0.172 0.176 0.178 0.19 0.195 0.193 0.205 0.194 0.213 0.201 0.187 0.198 0.223 0.216 0.208 0.228 0.243 0.235 0.233 0.276 0.296 0.28 0.315
-9999 -9999 -9999 -9999 -9999 -9999 -9999 -9999 -9999 -9999 -9999 -9999 -9999 -9999 0.135 0.135 0.132 0.133 0.126 0.134 0.118 0.129 0.14 0.15 0.144 0.125 0.127 0.163 0.134 0.135 0.146 0.148 0.136 0.143 0.154 0.154 0.159 0.159 0.165 0.153 0.156 0.178 0.167 0.163 0.156 0.149 0.154 0.173 0.178 0.165 0.161 0.183 0.163 0.187 0.184 0.202 0.196 0.193 0.191 0.202 0.202 0.209 0.206 0.201 0.218 0.219 0.249 0.213 0.245 0.245 0.242 0.252 0.273 0.238 0.243 0.277 0.292
-9999 -9999 -9999 -9999 -9999 -9999 -9999 -9999 -9999 -9999 -9999 0.147 0.137 0.149 0.139 0.13 0.13 0.138 0.134 0.128 0.137 0.13 0.132 0.135 0.129 0.129 0.174 0.157 0.134 0.145 0.156 0.154 0.177 0.166 0.172 0.144 0.141 0.139 0.148 0.148 0.176 0.181 0.175 0.173 0.174 0.147 0.146 0.164 0.169 0.176 0.167 0.177 0.186 0.197 0.188 0.196 0.198 0.202 0.195 0.213 0.222 0.233 0.222 0.22 0.247 0.24 0.231 0.232 0.242 0.252 0.246 0.262 0.236 0.287 0.249 0.272 0.309
0.119 0.132 0.129 0.136 0.126 0.125 0.128 0.132 0.13 0.143 0.125 0.122 0.13 0.137 0.113 0.121 0.134 0.136 0.123 0.129 0.134 0.158 0.146 0.136 0.142 0.141 0.145 0.15 0.163 0.175 0.153 0.141 0.163 0.174 0.178 0.162 0.156 0.159 0.154 0.167 0.162 0.171 0.172 0.177 0.167 0.148 0.155 0.162 0.167 0.176 0.184 0.176 0.188 0.197 0.217 0.211 0.213 0.218 0.214 0.226 0.242 0.238 0.243 0.275 0.292 0.308 0.276 0.267 0.267 0.277 0.294 0.322 0.303 0.316 0.286 0.285 0.314
0.127 0.128 0.122 0.122 0.13 0.124 0.125 0.124 0.131 0.144 0.125 0.129 0.142 0.135 0.128 0.126 0.134 0.12 0.131 0.137 0.138 0.139 0.135 0.143 0.144 0.142 0.157 0.176 0.176 0.185 0.168 0.156 0.173 0.183 0.188 0.18 0.176 0.174 0.176 0.173 0.172 0.169 0.172 0.182 0.166 0.164 0.163 0.161 0.177 0.184 0.204 0.188 0.204 0.219 0.213 0.216 0.235 0.233 0.246 0.249 0.24 0.235 0.252 0.264 0.28 0.309 0.315 0.28 0.28 0.27 0.291 0.307 0.318 0.323 0.296 0.313 0.342
0.125 0.126 0.122 0.123 0.123 0.129 0.132 0.135 0.149 0.136 0.139 0.145 0.134 0.135 0.129 0.134 0.141 0.14 0.145 0.144 0.129 0.133 0.14 0.149 0.148 0.169 0.171 0.176 0.162 0.173 0.171 0.17 0.187 0.194 0.206 0.187 0.178 0.184 0.183 0.179 0.159 0.159 0.176 0.198 0.187 0.177 0.186 0.191 0.188 0.186 0.197 0.211 0.231 0.242 0.237 0.239 0.254 0.251 0.253 0.25 0.242 0.249 0.255 0.25 0.268 0.301 0.299 0.298 0.284 0.291 0.276 0.288 0.296 0.301 0.306 0.292 0.296
0.117 0.131 0.138 0.138 0.136 0.14 0.136 0.127 0.14 0.136 0.139 0.133 0.137 0.14 0.143 0.139 0.146 0.153 0.148 0.134 0.128 0.132 0.15 0.155 0.166 0.177 0.194 0.19 0.168 0.166 0.183 0.186 0.2 0.219 0.211 0.198 0.171 0.171 0.174 0.171 0.164 0.182 0.189 0.198 0.211 0.188 0.189 0.206 0.203 0.192 0.226 0.226 0.238 0.249 0.218 0.235 0.244 0.247 0.26 0.248 0.251 0.247 0.247 0.257 0.265 0.294 0.299 0.312 0.295 0.287 0.295 0.3 0.293 0.292 0.326 0.322 0.33
0.131 0.134 0.137 0.141 0.137 0.131 0.131 0.127 0.134 0.143 0.141 0.142 0.144 0.144 0.156 0.165 0.151 0.151 0.149 0.138 0.128 0.144 0.152 0.154 0.155 0.173 0.207 0.181 0.168 0.167 0.168 0.193 0.205 0.216 0.208 0.203 0.184 0.183 0.188 0.182 0.171 0.182 0.195 0.213 0.215 0.208 0.219 0.225 0.221 0.215 0.214 0.23 0.243 0.256 0.244 0.246 0.277 0.29 0.277 0.263 0.263 0.251 0.271 0.284 0.272 0.305 0.318 0.328 0.314 0.304 0.304 0.296 0.278 0.304 0.397 0.314 0.308
0.134 0.123 0.131 0.123 0.126 0.128 0.127 0.131 0.136 0.134 0.137 0.141 0.142 0.14 0.135 0.141 0.165 0.158 0.156 0.158 0.171 0.161 0.167 0.171 0.182 0.188 0.186 0.171 0.169 0.166 0.198 0.217 0.225 0.229 0.212 0.213 0.221 0.234 0.192 0.188 0.211 0.197 0.187 0.197 0.214 0.223 0.244 0.269 0.276 0.248 0.242 0.255 0.259 0.261 0.261 0.253 0.283 0.291 0.307 0.312 0.292 0.275 0.297 0.295 0.301 0.308 0.314 0.317 0.309 0.318 0.324 0.329 0.322 0.343 0.357 0.302 0.337
0.124 0.129 0.129 0.122 0.134 0.14 0.142 0.144 0.151 0.153 0.145 0.154 0.159 0.16 0.155 0.166 0.165 0.156 0.157 0.156 0.19 0.195 0.189 0.191 0.182 0.188 0.18 0.185 0.197 0.186 0.201 0.206 0.21 0.223 0.23 0.228 0.208 0.228 0.228 0.197 0.208 0.189 0.195 0.206 0.22 0.234 0.236 0.266 0.281 0.264 0.258 0.254 0.268 0.256 0.262 0.276 0.265 0.303 0.293 0.298 0.299 0.284 0.306 0.308 0.311 0.292 0.306 0.331 0.334 0.333 0.326 0.359 0.319 0.319 0.329 0.323 0.326
0.121 0.12 0.125 0.147 0.157 0.138 0.142 0.142 0.149 0.149 0.167 0.171 0.161 0.17 0.182 0.183 0.175 0.176 0.172 0.175 0.194 0.213 0.213 0.214 0.216 0.214 0.214 0.205 0.201 0.194 0.218 0.237 0.253 0.241 0.255 0.244 0.236 0.22 0.193 0.189 0.208 0.227 0.238 0.23 0.216 0.227 0.257 0.264 0.272 0.265 0.253 0.247 0.256 0.237 0.249 0.255 0.267 0.292 0.296 0.301 0.309 0.327 0.324 0.304 0.314 0.302 0.294 0.337 0.316 0.318 0.313 0.314 0.297 0.347 0.319 0.336 0.325
0.112 0.134 0.14 0.122 0.124 0.136 0.135 0.139 0.176 0.151 0.16 0.162 0.146 0.182 0.188 0.175 0.178 0.15 0.197 0.196 0.184 0.197 0.213 0.217 0.236 0.237 0.228 0.204 0.208 0.187 0.213 0.239 0.249 0.249 0.248 0.258 0.252 0.223 0.203 0.201 0.246 0.247 0.234 0.214 0.24 0.241 0.257 0.274 0.242 0.248 0.243 0.255 0.262 0.257 0.278 0.264 0.288 0.286 0.297 0.31 0.295 0.314 0.309 0.314 0.308 0.296 0.295 0.264 0.287 0.315 0.313 0.331 0.329 0.328 0.393 0.341 0.385
0.156 0.127 0.124 0.134 0.129 0.132 0.142 0.146 0.148 0.16 0.156 0.163 0.166 0.171 0.169 0.199 0.203 0.2 0.204 0.189 0.202 0.212 0.22 0.221 0.24 0.231 0.23 0.218 0.214 0.212 0.228 0.237 0.245 0.271 0.262 0.264 0.262 0.217 0.228 0.249 0.235 0.23 0.241 0.225 0.223 0.227 0.229 0.234 0.225 0.235 0.219 0.263 0.269 0.258 0.289 0.245 0.252 0.244 0.28 0.287 0.304 0.296 0.31 0.307 0.311 0.28 0.296 0.321 0.32 0.317 0.315 0.316 0.352 0.331 0.348 0.345 0.388
0.131 0.141 0.169 0.146 0.157 0.122 0.132 0.152 0.179 0.184 0.195 0.207 0.198 0.198 0.202 0.21 0.225 0.211 0.223 0.223 0.212 0.217 0.224 0.226 0.226 0.216 0.215 0.234 0.223 0.228 0.252 0.259 0.265 0.282 0.293 0.311 0.259 0.257 0.26 0.275 0.274 0.28 0.272 0.269 0.259 0.241 0.239 0.26 0.246 0.263 0.269 0.249 0.248 0.261 0.261 0.272 0.267 0.256 0.288 0.211 0.288 0.292 0.307 0.331 0.331 0.338 0.346 0.31 0.318 0.327 0.397 0.449 0.381 0.358 0.341 0.474 0.455
0.182 0.186 0.141 0.127 0.113 0.134 0.138 0.146 0.151 0.172 0.164 0.154 0.15 0.183 0.193 0.227 0.239 0.249 0.237 0.269 0.22 0.225 0.227 0.229 0.239 0.238 0.251 0.248 0.237 0.272 0.281 0.288 0.297 0.301 0.299 0.296 0.286 0.272 0.28 0.289 0.283 0.295 0.274 0.282 0.264 0.277 0.256 0.25 0.273 0.263 0.255 0.259 0.264 0.261 0.258 0.276 0.276 0.273 0.274 0.228 0.287 0.32 0.313 0.326 0.346 0.303 0.315 0.317 0.332 0.37 0.399 0.411 0.373 0.45 0.464 0.527 0.534
0.251 0.207 0.227 0.198 0.151 0.116 0.128 0.112 0.148 0.154 0.162 0.148 0.17 0.19 0.181 0.217 0.226 0.237 0.241 0.237 0.241 0.241 0.246 0.236 0.258 0.257 0.256 0.266 0.297 0.285 0.304 0.304 0.32 0.316 0.359 0.291 0.26 0.284 0.295 0.301 0.322 0.294 0.279 0.285 0.268 0.279 0.301 0.294 0.288 0.31 0.294 0.256 0.265 0.25 0.257 0.295 0.287 0.282 0.293 0.284 0.288 0.316 0.333 0.335 0.341 0.346 0.358 0.333 0.387 0.454 0.358 0.351 0.394 0.412 0.496 0.473 0.504
0.255 0.237 0.264 0.221 0.22 0.115 0.108 0.137 0.178 0.186 0.177 0.157 0.175 0.193 0.192 0.192 0.192 0.194 0.213 0.229 0.229 0.239 0.237 0.235 0.245 0.255 0.259 0.263 0.284 0.288 0.277 0.282 0.257 0.308 0.361 0.389 0.387 0.38 0.368 0.391 0.387 0.37 0.349 0.328 0.289 0.33 0.281 0.28 0.293 0.329 0.279 0.26 0.251 0.258 0.298 0.311 0.306 0.304 0.307 0.285 0.327 0.321 0.318 0.344 0.379 0.336 0.388 0.373 0.454 0.401 0.342 0.321 0.33 0.4 0.431 0.427 0.401
0.278 0.254 0.233 0.302 0.397 0.255 0.224 0.144 0.125 0.149 0.165 0.172 0.17 0.184 0.169 0.176 0.182 0.19 0.207 0.223 0.302 0.297 0.245 0.246 0.247 0.245 0.23 0.226 0.237 0.268 0.327 0.34 0.288 0.408 0.422 0.451 0.421 0.318 0.292 0.339 0.35 0.352 0.329 0.287 0.292 0.277 0.229 0.267 0.287 0.326 0.285 0.282 0.271 0.264 0.266 0.282 0.317 0.299 0.281 0.287 0.307 0.318 0.324 0.324 0.34 0.314 0.379 0.368 0.429 0.436 0.389 0.364 0.36 0.366 0.445 0.415 0.49
0.249 0.258 0.309 -0.3 0.226 0.122 0.119 0.115 0.169 0.156 0.219 0.2 0.205 0.228 0.162 0.185 0.192 0.197 0.2 0.238 0.307 0.235 0.237 0.244 0.268 0.336 0.391 0.424 0.406 0.436 0.345 0.283 0.228 0.293 0.32 0.294 0.328 0.347 0.358 0.313 0.282 0.293 0.28 0.293 0.285 0.268 0.282 0.306 0.289 0.26 0.29 0.261 0.252 0.231 0.254 0.312 0.284 0.257 0.254 0.321 0.32 0.322 0.287 0.297 0.386 0.37 0.4 0.495 0.506 0.486 0.442 0.338 0.409 0.371 0.341 0.42 0.455
0.236 0.216 0.206 0.175 0.156 0.123 0.12 0.125 0.15 0.152 0.169 0.171 0.203 0.175 0.195 0.221 0.232 0.239 0.223 0.23 0.241 0.263 0.304 0.316 0.318 0.299 0.309 0.325 0.35 0.361 0.275 0.215 0.202 0.332 0.362 0.307 0.367 0.398 0.437 0.381 0.284 0.276 0.278 0.298 0.284 0.274 0.26 0.294 0.214 0.244 0.265 0.266 0.246 0.275 0.269 0.241 0.268 0.277 0.277 0.324 0.284 0.278 0.271 0.269 0.23 0.352 0.455 0.479 0.485 0.491 0.369 0.326 0.398 0.437 0.415 0.485 0.504
0.168 0.211 0.165 0.121 0.144 0.216 0.243 0.237 0.22 0.288 0.226 0.215 0.205 0.166 0.19 0.201 0.223 0.222 0.254 0.257 0.265 0.312 0.294 0.393 0.375 0.328 0.333 0.324 0.317 0.256 0.313 0.324 0.308 0.324 0.341 0.283 0.308 0.292 0.375 0.388 0.307 0.297 0.297 0.291 0.283 0.291 0.287 0.272 0.262 0.25 0.245 0.231 0.243 0.227 0.246 0.282 0.296 0.289 0.296 0.301 0.363 0.313 0.321 0.313 0.333 0.274 0.262 0.312 0.312 0.307 0.295 0.354 0.323 0.372 0.43 0.449 0.454
0.118 0.212 0.252 0.204 0.215 0.255 0.253 0.275 0.258 0.258 0.244 0.275 0.174 0.184 0.206 0.175 0.212 0.248 0.208 0.251 0.256 0.346 0.343 0.317 0.311 0.323 0.24 0.293 0.324 0.361 0.317 0.306 0.277 0.279 0.323 0.288 0.297 0.293 0.459 0.391 0.3 0.334 0.352 0.323 0.294 0.273 0.228 0.258 0.261 0.273 0.262 0.303 0.289 0.257 0.246 0.263 0.275 0.317 0.299 0.265 0.272 0.32 0.3 0.257 0.252 0.241 0.276 0.291 0.294 0.269 0.377 0.45 0.451 0.565 0.592 0.528 0.525
