data/china_ndvi_max_2002.asc
ncols         710
nrows         510
xllcorner     70
yllcorner     10
cellsize      0.1
NODATA_value  -9999
[rows 238 to 271 of 510, columns 77 to 153 of 710]
0.135 0.113 0.112 0.109 0.116 0.109 0.103 0.085 0.085 0.093 0.077 0.082 0.065 0.069 0.066 0.068 0.068 0.058 0.064 0.085 0.328 0.411 0.366 0.217 0.255 0.363 0.284 0.178 0.061 0.065 0.059 0.074 0.069 0.083 0.08 0.09 0.088 0.101 0.072 0.086 0.065 0.066 0.061 0.056 0.052 0.046 0.063 0.072 0.107 0.115 0.112 0.152 0.069 0.096 0.056 0.062 0.061 0.057 0.05 0.058 0.063 0.061 0.046 0.062 0.058 0.061 0.061 0.068 0.067 0.073 0.097 0.088 0.092 0.118 0.131 0.168 0.117
0.14 0.156 0.128 0.187 0.151 0.144 0.112 0.121 0.097 0.091 0.099 0.093 0.069 0.067 0.069 0.066 0.061 0.06 0.052 0.055 0.218 0.256 0.261 0.356 0.324 0.196 0.073 0.074 0.082 0.065 0.087 0.24 0.186 0.253 0.135 0.174 0.15 0.155 0.096 0.17 0.097 0.064 0.067 0.054 0.048 0.046 0.048 0.05 0.044 0.07 0.121 0.094 0.048 0.06 0.058 0.065 0.068 0.062 0.06 0.061 0.072 0.074 0.057 0.077 0.067 0.068 0.068 0.075 0.068 0.066 0.087 0.109 0.072 0.064 0.064 0.067 0.037
0.112 0.125 0.152 0.118 0.049 0.108 0.107 0.171 0.166 0.173 0.139 0.111 0.139 0.095 0.092 0.084 0.071 0.075 0.08 0.092 0.077 0.065 0.05 0.055 0.052 0.06 0.048 0.05 0.052 0.048 0.045 0.046 0.042 0.092 0.104 0.119 0.108 0.188 0.313 0.307 0.182 0.052 0.102 0.054 0.049 0.05 0.039 0.039 0.049 0.044 0.045 0.049 0.052 0.058 0.064 0.065 0.079 0.083 0.084 0.083 0.086 0.083 0.084 0.106 0.083 0.066 0.085 0.08 0.115 0.092 0.035 0.03 0.023 0.044 0.003 0.039 0.024
0.084 0.109 0.073 0.078 0.131 0.122 0.133 0.106 0.162 0.181 0.154 0.154 0.15 0.109 0.107 0.1 0.084 0.079 0.083 0.09 0.071 0.073 0.06 0.07 0.065 0.074 0.05 0.054 0.055 0.051 0.047 0.043 0.04 0.055 0.055 0.057 0.076 0.057 0.188 0.274 0.145 0.06 0.106 0.054 0.05 0.049 0.045 0.043 0.046 0.049 0.047 0.054 0.056 0.063 0.069 0.069 0.082 0.087 0.082 0.086 0.09 0.099 0.109 0.108 0.081 0.079 0.092 0.086 0.055 0.024 0.017 0.005 0.024 0.003 0.018 0.034 0.044
0.04 0.031 0.049 0.04 0.066 0.083 0.085 0.024 0.072 0.143 0.133 0.094 0.131 0.102 0.107 0.081 0.082 0.071 0.085 0.094 0.102 0.075 0.065 0.092 0.093 0.094 0.081 0.072 0.057 0.052 0.049 0.044 0.041 0.031 0.034 0.037 0.046 0.048 0.083 0.074 0.057 0.063 0.063 0.064 0.062 0.057 0.058 0.058 0.055 0.056 0.054 0.065 0.066 0.079 0.082 0.089 0.089 0.09 0.109 0.099 0.119 0.141 0.133 0.078 0.066 0.053 0.059 0.039 0.046 0.042 0.051 0.058 0.061 0.046 0.043 0.047 0.048
0.042 0.059 0.057 0.082 0.069 0.07 0.106 0.076 0.084 0.089 0.084 0.086 0.098 0.091 0.076 0.089 0.117 0.112 0.099 0.127 0.104 0.074 0.067 0.123 0.144 0.132 0.124 0.103 0.071 0.053 0.064 0.046 0.046 0.039 0.04 0.053 0.058 0.056 0.061 0.053 0.063 0.076 0.079 0.07 0.08 0.071 0.07 0.073 0.067 0.062 0.065 0.083 0.078 0.085 0.104 0.116 0.137 0.156 0.078 0.069 0.111 0.13 0.088 0.047 0.051 0.04 0.055 0.069 0.046 0.049 0.048 0.043 0.045 0.054 0.053 0.055 0.055
-0.022 -0.003 -0.009 0.081 0.07 0.079 0.103 0.088 0.078 0.098 0.147 0.175 0.137 0.095 0.136 0.177 0.175 0.158 0.149 0.137 0.115 0.086 0.077 0.154 0.153 0.135 0.119 0.121 0.081 0.063 0.091 0.066 0.045 0.044 0.046 0.052 0.06 0.062 0.067 0.076 0.074 0.089 0.092 0.091 0.097 0.098 0.092 0.099 0.1 0.094 0.097 0.098 0.107 0.122 0.123 0.119 0.126 0.096 0.07 0.062 0.069 0.057 0.054 0.061 0.051 0.054 0.059 0.061 0.054 0.057 0.065 0.065 0.062 0.048 0.049 0.053 0.043
0.036 0.055 0.056 0.077 0.086 0.084 0.039 0.054 0.065 0.017 0.028 0.003 -0.022 0.187 0.163 0.148 0.128 0.044 0.133 0.131 0.109 0.162 0.098 0.076 0.083 0.08 0.103 0.129 0.071 0.071 0.081 0.063 0.067 0.062 0.078 0.084 0.1 0.102 0.103 0.1 0.102 0.116 0.128 0.133 0.068 0.066 0.068 0.05 0.016 0.047 0.04 0.055 0.038 0.003 0.03 0.031 0.036 0.038 0.02 0.014 0.036 0.038 0.042 0.048 0.047 0.051 0.049 0.048 0.046 0.05 0.055 0.056 0.071 0.059 0.059 0.061 0.078
0.015 0.02 0.011 0.054 0.061 0.06 0.063 0.061 0.03 0.033 0.036 0.011 0.055 0.105 0.113 0.148 0.085 0.095 0.162 0.149 0.146 0.172 0.115 0.109 0.147 0.153 0.124 0.096 0.095 0.101 0.094 0.099 0.095 0.154 0.108 0.128 0.122 0.114 0.116 0.14 0.138 0.17 0.192 0.086 0.059 0.058 0.061 0.06 0.059 0.04 0.037 0.057 0.053 0.022 0.033 0.033 0.038 0.042 0.035 0.038 0.038 0.04 0.044 0.057 0.065 0.07 0.07 0.072 0.056 0.059 0.066 0.073 0.071 0.057 0.047 0.049 0.049
0.036 0.039 0.034 -0.009 0.029 0.023 0.045 0.04 0.067 0.07 0.067 0.05 0.049 0.027 0.007 0.019 0.001 0.033 0.093 0.208 0.184 0.185 0.193 0.238 0.224 0.241 0.212 0.191 0.12 0.115 0.124 0.115 0.14 0.135 0.128 0.142 0.156 0.138 0.152 0.182 0.162 0.13 0.105 0.031 0.032 0.018 0.033 0.045 0.042 0.065 0.066 0.063 0.062 0.046 0.037 0.043 0.038 0.044 0.043 0.045 0.049 0.049 0.043 0.042 0.045 0.046 0.047 0.051 0.049 0.047 0.048 0.045 0.049 0.05 0.048 0.044 0.048
0.054 0.061 0.071 0.04 0.02 0.004 -0.005 0.009 0.034 0.063 0.072 0.056 0.065 0.053 0.056 0.039 0.019 0.019 -0.012 0.011 0.04 0.207 0.185 0.103 0.055 0.136 0.207 0.292 0.209 0.227 0.228 0.201 0.218 0.243 0.253 0.245 0.294 0.243 0.226 0.11 0.104 0.068 0.075 0.054 0.048 0.043 0.045 0.046 0.061 0.073 0.057 0.063 0.062 0.044 0.043 0.045 0.05 0.052 0.048 0.047 0.048 0.053 0.045 0.049 0.054 0.054 0.057 0.059 0.052 0.06 0.063 0.069 0.065 0.043 0.045 0.047 0.044
0.075 0.069 0.068 0.06 0.062 0.055 0.039 0.057 0.055 0.035 0.049 0.032 0.019 0.067 0.05 0.014 -0.02 -0.037 -0.035 -0.036 0.02 0.044 0.047 0.064 0.006 0.017 0.019 0.082 0.122 0.075 0.238 0.226 0.261 0.197 0.186 0.152 0.096 0.053 0.056 0.028 0.039 0.056 0.049 0.044 0.052 0.06 0.055 0.044 0.051 0.045 0.033 0.044 0.034 0.043 0.05 0.049 0.046 0.035 0.048 0.045 0.045 0.06 0.056 0.055 0.059 0.057 0.056 0.054 0.053 0.058 0.06 0.053 0.051 0.049 0.054 0.051 0.048
0.048 0.058 0.059 0.071 0.068 0.066 0.061 0.052 0.045 0.061 0.024 0.07 0.06 0.075 0.074 0.08 0.045 0.051 -0.04 -0.031 0.005 -0.006 -0.026 0.054 0.063 0.05 0.02 0.001 0.036 0.035 0.03 0.036 0.047 0.043 0.057 0.065 0.06 0.045 0.056 0.048 0.067 0.076 0.07 0.062 0.051 0.054 0.06 0.059 0.065 0.055 0.05 0.047 0.042 0.049 0.054 0.057 0.056 0.053 0.056 0.049 0.052 0.055 0.054 0.053 0.052 0.054 0.054 0.051 0.05 0.052 0.055 0.052 0.056 0.065 0.064 0.056 0.043
0.063 0.042 0.039 0.078 0.081 0.08 0.064 0.063 0.028 0.071 0.055 0.092 0.079 0.066 0.069 0.042 0.051 0.049 0.012 -0.03 -0.023 -0.013 -0.018 0.012 0.015 0.034 -0.013 -0.006 0.01 0.032 0.029 0.036 0.04 0.025 0.021 0.051 0.067 0.051 0.072 0.088 0.081 0.063 0.06 0.052 0.032 0.046 0.047 0.033 0.05 0.053 0.052 0.049 0.046 0.048 0.052 0.051 0.058 0.058 0.051 0.05 0.053 0.056 0.055 0.056 0.057 0.057 0.058 0.058 0.06 0.057 0.059 0.065 0.064 0.054 0.052 0.053 0.053
0.046 0.061 0.062 0.076 0.071 0.071 0.067 0.049 0.067 0.08 0.046 0.008 0.056 0.045 0.04 0.044 0.05 -0.005 0.039 0.04 0.004 0.011 -0.005 0.011 0.02 -0.007 -0.016 -0.002 0.027 0.007 0.024 0.032 0.019 0.057 0.053 0.049 0.049 0.069 0.063 0.032 0.08 0.069 0.062 0.043 0.053 0.045 0.015 -0.025 0.028 0.045 0.044 0.044 0.044 0.043 0.044 0.05 0.053 0.055 0.053 0.054 0.052 0.055 0.059 0.059 0.06 0.062 0.06 0.057 0.056 0.056 0.054 0.056 0.058 0.053 0.051 0.062 0.042
0.062 0.051 0.054 0.064 0.004 0.041 0.073 0.078 0.05 0.063 0.035 -0.013 0.045 0.054 0.051 0.058 0.062 0.056 0.063 0.046 0.04 0.032 0.027 -0.04 -0.004 0.006 -0.005 0.007 0.012 0.007 0.034 -0.002 0.056 0.055 0.059 0.062 0.059 0.065 0.086 0.076 0.078 0.066 0.063 0.079 0.056 0.032 -0.027 -0.046 0.017 0.022 0.018 0.016 0.037 0.054 0.053 0.05 0.053 0.054 0.052 0.058 0.06 0.057 0.059 0.064 0.065 0.064 0.056 0.049 0.048 0.045 0.054 0.054 0.055 0.055 0.058 0.057 0.043
0.018 0.04 0.049 0.038 -9999 0.067 0.076 0.062 0.04 0.062 0.064 0.034 0.061 0.062 0.051 0.05 0.046 0.06 0.069 0.069 0.064 0.055 0.04 0.029 0.044 0.016 -0.027 -0.006 -0.03 -0.036 -0.013 0.018 0.003 -0.024 0.002 0.027 0.046 0.048 0.035 0.007 0.004 0.058 0.043 0.062 0.014 -0.02 -0.03 -0.001 0.023 0.004 0.003 0.028 0.058 0.06 0.007 0.052 0.059 0.059 0.061 0.059 0.059 0.061 0.059 0.06 0.056 0.055 0.05 0.039 0.048 0.051 0.055 0.055 0.05 0.053 0.052 0.062 0.059
-9999 -9999 -9999 -9999 0.079 0.08 0.081 0.076 0.089 0.084 0.074 0.078 0.082 0.08 0.044 0.067 0.069 0.07 0.065 0.068 0.057 0.06 0.071 0.067 0.057 0.068 0.058 0.046 -0.046 -0.046 -0.045 -0.044 -0.045 -0.043 -0.054 -0.042 -0.037 -0.047 -0.036 0.036 0.057 0.059 0.047 0.025 0.059 0.052 0.05 0.046 0.046 0.049 0.048 0.049 0.052 0.054 0.06 0.06 0.07 0.076 0.051 0.044 0.041 0.043 0.036 0.043 0.059 0.063 0.059 0.062 0.036 0.021 0.064 0.066 0.063 0.072 0.089 0.092 0.082
-9999 -9999 -9999 -9999 0.08 0.08 0.068 0.061 0.049 0.062 0.081 0.08 0.068 0.088 0.094 0.092 0.089 0.09 0.07 0.056 0.068 0.049 0.046 0.06 0.063 0.067 0.053 0.048 0.006 -0.029 -0.037 -0.052 -0.046 -0.041 -0.044 -0.041 0.002 0.004 -0.019 0.013 0.014 -0.01 -0.022 0.014 0.069 0.051 0.053 0.07 0.077 0.057 0.048 0.04 0.049 0 -0.3 0.026 0.069 0.064 0.046 0.049 0.057 0.059 0.059 0.066 0.066 0.066 0.066 0.063 0.063 0.064 0.066 0.07 0.062 0.069 0.08 0.086 0.079
-9999 -9999 -9999 -9999 0.074 0.074 0.022 0.026 0.019 0.004 0.002 0.083 0.069 0.072 0.084 0.091 0.098 0.099 0.084 0.084 0.078 -0.3 -0.3 0.055 0.052 0.044 0.051 0.048 0.052 0.038 0.015 -0.001 -0.026 0.014 0.033 0.029 0.035 0.021 0.02 0.03 0.02 -0 0.008 0.038 0.037 0.03 0.011 -0.026 0.073 0.062 0.072 0.077 0.059 0.06 0.066 0.058 0.064 0.057 0.056 0.056 0.054 0.073 0.079 0.064 0.07 0.066 0.072 0.075 0.074 0.063 0.063 0.072 0.073 0.068 0.07 0.075 0.078
-9999 -9999 -9999 -9999 -9999 0.025 0.009 0.041 0.045 0.043 0.052 0.062 -0.008 0.087 0.081 0.089 0.103 0.101 0.083 0.088 0.1 0.064 0.029 0.042 0.051 0.055 0.051 0.048 0.042 0.047 0.04 0.037 0.006 0.065 0.072 0.066 0.047 0.027 0.03 0.048 0.052 0.047 0.049 0.039 0.045 0.042 0.03 0.021 0.044 0.063 0.063 0.063 0.073 0.074 0.068 0.057 0.073 0.067 0.068 0.077 0.079 0.085 0.103 0.067 0.059 0.065 0.066 0.064 0.062 0.062 0.071 0.09 0.093 0.074 0.077 0.085 0.08
-9999 -9999 -9999 -9999 -9999 0.069 0.06 0.06 0.033 0.066 0.075 0.065 0.054 0.055 0.076 0.093 0.089 0.093 0.106 0.093 0.085 0.067 0.064 0.079 0.053 0.007 -0.008 0.025 0.054 0.048 0.039 0.032 0.027 0.031 -0.3 -0.009 0.063 0.072 0.055 0.054 0.05 0.059 0.061 0.051 0.056 0.072 0.051 0.047 0.056 0.081 0.082 0.101 0.105 0.074 -0.3 -0.007 0.067 0.066 0.075 0.077 0.082 0.095 0.093 0.083 0.082 0.089 0.08 0.078 0.078 0.085 0.081 0.081 0.08 0.073 0.074 0.08 0.088
-9999 -9999 -9999 -9999 -9999 -9999 0.026 0.086 -0.003 0.042 0.052 0.081 0.087 0.087 0.088 0.081 0.02 -0.032 0.065 0.066 0.077 0.096 0.101 0.085 0.102 0.09 0.084 0.101 0.063 0.087 0.101 0.096 0.111 0.108 0.119 0.117 0.108 0.078 0.051 0.065 0.064 0.085 0.084 0.067 0.075 0.055 0.051 0.068 0.084 0.086 0.08 0.081 0.068 0.078 0.085 0.094 0.056 0.069 0.079 0.077 0.084 0.085 0.088 0.066 0.068 0.077 0.088 0.091 0.093 0.085 0.085 0.071 0.078 0.097 0.093 0.088 0.106
-9999 -9999 -9999 -9999 -9999 -9999 0.063 0.033 0.06 0.048 0.064 0.088 0.086 0.087 0.08 0.059 0.049 0.064 0.068 0.062 0.067 0.057 0.049 0.08 0.089 0.083 0.067 0.089 0.095 0.076 0.089 0.076 0.086 0.099 0.1 0.088 0.082 0.087 0.079 0.093 0.087 0.073 0.043 0.064 0.076 0.076 0.033 -0.037 0.088 0.085 0.075 0.069 0.101 0.087 0.089 0.079 0.071 0.084 0.067 0.066 0.078 0.085 0.06 0.084 0.079 0.082 0.075 0.106 0.086 0.091 0.086 0.078 0.082 0.083 0.078 0.081 0.092
-9999 -9999 -9999 -9999 -9999 -9999 0.009 0.021 0.048 0.032 0.05 0.062 0.063 0.085 0.091 0.084 0.087 0.085 0.07 0.05 0.004 0.06 0.057 0.045 0.049 0.048 0.077 0.074 0.08 0.076 0.09 0.082 0.084 0.088 0.086 0.095 0.093 0.078 0.088 0.084 0.07 0.039 -0.103 0.054 0.064 0.07 0.018 -0.027 0.085 0.057 0.088 0.104 0.104 0.102 0.096 0.098 0.099 0.091 0.061 0.095 0.091 0.077 -0.007 0.064 0.057 0.073 0.095 0.083 0.072 0.077 0.073 0.076 0.076 0.081 0.088 0.075 0.096
-9999 -9999 -9999 -9999 -9999 -9999 -9999 -9999 0.02 0.06 0.046 0.038 0.037 0.06 0.072 0.076 0.073 0.077 0.079 0.069 0.07 0.072 0.069 0.055 0.054 0.034 0.03 0.022 0.057 0.071 0.088 0.078 0.07 0.073 0.084 0.078 0.102 0.091 0.088 0.082 0.075 0.03 0.049 0.074 0.078 0.071 0.053 0.052 0.068 0.026 0.096 0.063 0.078 0.08 0.086 0.104 0.096 0.116 0.09 0.079 0.084 0.088 0.076 0.073 0.092 0.079 0.071 0.069 0.076 0.084 0.083 0.073 0.075 0.086 0.098 0.091 0.087
-9999 -9999 -9999 -9999 -9999 -9999 -9999 -9999 -9999 -9999 -9999 0.056 0.056 0.038 0.044 0.055 0.065 0.067 0.066 0.071 0.079 0.072 0.078 0.058 0.053 0.043 0.07 0.071 0.077 0.087 0.063 0.06 0.077 -0.3 0.081 0.082 0.095 0.083 0.076 0.084 0.092 0.062 0.069 0.08 0.078 0.068 0.068 0.069 0.076 0.072 0.06 0.045 0.077 0.07 0.075 0.098 0.095 0.087 0.087 0.085 0.09 0.089 0.075 0.086 0.091 0.064 0.061 0.076 0.081 0.078 0.028 0.068 0.066 0.074 0.078 0.059 0.057
-9999 -9999 -9999 -9999 -9999 -9999 -9999 -9999 -9999 -9999 -9999 -9999 0.04 0.052 0.053 0.058 0.061 0.05 0.073 0.018 0.063 -0.003 -0.038 0.02 0.035 0.02 0.039 0.09 0.074 0.077 0.069 0.036 -0.049 0.069 -0.045 0.036 0.073 0.06 0.039 0.002 -0.004 0.109 0.111 0.087 0.072 0.084 0.074 0.07 0.048 0.07 0.07 0.066 0.058 0.068 0.068 0.078 0.068 0.065 0.1 0.082 0.054 0.083 0.081 0.088 0.087 -0.002 -0.011 0.068 0.069 0.075 0.081 0.085 0.093 0.084 0.098 0.033 0.075
-9999 -9999 -9999 -9999 -9999 -9999 -9999 -9999 -9999 -9999 -9999 -9999 -9999 0.066 0.062 0.058 0.063 0.062 0.004 -0.028 0.038 0.051 0.014 -0.036 0.022 0.04 0.085 0.092 0.068 0.072 0.072 0.03 -0.036 0.051 0.073 0.081 0.082 0.09 0.072 0.099 0.075 0.045 0.095 0.034 0.06 0.059 0.07 0.078 0.069 0.069 0.068 0.075 0.08 0.072 0.061 0.059 0.065 0.077 0.124 0.116 0.095 -0.01 0.078 0.088 0.097 0.08 0.051 0.071 0.085 0.082 0.087 0.083 0.089 0.053 0.092 0.055 0.054
-9999 -9999 -9999 -9999 -9999 -9999 -9999 -9999 -9999 -9999 -9999 -9999 -9999 0.059 0.062 0.052 0.049 0.047 0.017 0.019 0.054 0.017 0.05 0.068 0.072 0.049 0.064 0.073 0.086 0.087 0.082 0.051 0.005 0.062 0.022 0.059 0.089 0.091 0.083 0.094 0.105 0.089 0.067 0.034 0.058 0.066 -0.3 0.035 0.078 0.069 0.075 0.018 0.079 0.075 -0.085 -0.03 0.089 0.111 0.102 0.113 0.11 -0.033 0.014 0.105 0.101 0.067 0.069 0.088 0.094 0.088 0.078 0.082 0.083 0.103 0.111 0.102 0.103
-9999 -9999 -9999 -9999 -9999 -9999 -9999 -9999 -9999 -9999 -9999 0.024 -0.02 0.012 0.04 0.052 0.054 0.054 0.061 0.056 0.039 -0.004 -0.042 0.072 0.052 0.044 0.055 0.06 0.083 0.086 0.076 0.067 0.074 0.07 0.079 0.087 0.102 0.101 0.053 0.094 0.087 0.085 0.086 0.068 -0.029 -0.008 0.087 0.031 0.097 0.093 0.085 0.059 0.08 0.082 0.079 0.074 0.094 0.077 0.092 0.086 0.069 0.09 0.09 0.098 0.099 0.097 0.09 0.089 0.101 0.1 0.085 0.084 0.088 0.101 0.11 0.096 0.128
-9999 -9999 -9999 -9999 -9999 -9999 -9999 -9999 -9999 -9999 -9999 0.061 0.05 0.073 0.054 0.059 0.065 0.055 0.047 0.039 0.042 0.011 -0.003 0.053 0.054 0.045 0.052 0.068 0.087 0.099 0.073 0.07 0.088 0.093 0.096 0.091 0.089 0.092 -0.3 -0.3 0.049 0.083 0.077 0.067 0.048 0.039 0.066 0.094 0.066 -0.017 0.057 0.082 0.078 0.082 0.085 0.083 0.082 0.082 0.061 0.08 0.063 0.122 0.111 0.093 0.078 0.094 0.064 0.099 0.11 0.102 0.095 0.09 0.109 0.097 0.098 0.111 0.109
-9999 -9999 -9999 -9999 -9999 -9999 -9999 -9999 -9999 -9999 -9999 0.005 0.024 0.087 0.065 0.068 0.061 0.065 0.056 0.062 0.049 0.035 0.028 0.058 0.083 0.073 0.079 0.078 0.069 0.085 0.082 0.083 0.084 0.071 0.081 0.098 0.08 0.084 0.097 0.11 0.104 0.093 0.095 0.053 0.05 0.112 0.12 0.101 0.092 0.125 0.107 0.098 0.111 0.084 0.091 0.104 0.081 0.071 0.107 0.11 0.114 0.105 0.09 0.012 0.075 0.082 0.078 0.073 0.088 0.091 0.094 0.089 0.092 0.113 0.094 0.108 0.11
-9999 -9999 -9999 -9999 -9999 -9999 -9999 -9999 -9999 -9999 -9999 0.036 0.046 0.046 0.045 0.059 0.051 0.059 0.073 0.079 0.075 0.079 0.076 0.053 0.058 0.086 0.099 0.08 0.059 0.082 0.087 0.078 0.088 0.069 0.065 0.087 0.082 0.081 0.092 0.096 0.104 0.087 0.075 0.059 0.065 0.091 0.022 -0.008 0.117 0.098 0.087 0.082 0.098 0.092 0.084 0.097 0.095 0.098 0.104 0.102 0.105 0.093 0.092 0.103 0.097 0.091 0.076 0.06 0.068 0.089 0.101 0.113 0.108 0.11 0.108 0.117 0.113
