data/china_ndvi_max_2004.asc
ncols         710
nrows         510
xllcorner     70
yllcorner     10
cellsize      0.1
NODATA_value  -9999
[rows 238 to 271 of 510, columns 385 to 461 of 710]
0.266 0.246 0.264 0.282 0.295 0.273 0.268 0.273 0.256 0.262 0.239 0.254 0.257 0.277 0.254 0.266 0.266 0.266 0.251 0.228 0.233 0.259 0.296 0.265 0.267 0.363 0.562 0.494 0.522 0.539 0.312 0.285 0.288 0.266 0.351 0.28 0.287 0.296 0.336 0.348 0.382 0.518 0.466 0.341 0.326 0.37 0.462 0.453 0.371 0.376 0.532 0.524 0.501 0.501 0.448 0.426 0.407 0.398 0.391 0.38 0.48 0.577 0.525 0.521 0.51 0.454 0.41 0.395 0.406 0.397 0.396 0.383 0.413 0.508 0.495 0.414 0.434
0.279 0.276 0.273 0.287 0.3 0.257 0.257 0.259 0.269 0.266 0.265 0.266 0.276 0.279 0.279 0.272 0.279 0.268 0.241 0.226 0.265 0.303 0.334 0.273 0.264 0.395 0.597 0.551 0.56 0.492 0.307 0.305 0.298 0.277 0.317 0.34 0.324 0.285 0.421 0.588 0.456 0.476 0.385 0.332 0.32 0.35 0.394 0.451 0.413 0.369 0.493 0.454 0.507 0.497 0.498 0.434 0.411 0.398 0.378 0.381 0.45 0.538 0.553 0.541 0.533 0.451 0.411 0.387 0.399 0.418 0.395 0.396 0.4 0.484 0.438 0.427 0.431
0.298 0.284 0.283 0.275 0.27 0.274 0.279 0.261 0.292 0.291 0.304 0.285 0.295 0.286 0.296 0.317 0.316 0.292 0.292 0.248 0.284 0.344 0.354 0.294 0.295 0.418 0.502 0.464 0.346 0.343 0.323 0.33 0.343 0.316 0.335 0.538 0.534 0.472 0.612 0.595 0.496 0.398 0.426 0.358 0.35 0.337 0.33 0.323 0.41 0.556 0.479 0.499 0.49 0.471 0.465 0.427 0.39 0.373 0.377 0.366 0.416 0.482 0.55 0.543 0.441 0.455 0.424 0.43 0.415 0.416 0.449 0.461 0.418 0.449 0.43 0.458 0.446
0.315 0.341 0.323 0.268 0.292 0.287 0.302 0.292 0.303 0.282 0.295 0.295 0.293 0.306 0.318 0.303 0.293 0.297 0.289 0.26 0.326 0.304 0.339 0.318 0.291 0.317 0.547 0.59 0.378 0.334 0.32 0.324 0.355 0.348 0.431 0.552 0.617 0.572 0.551 0.571 0.515 0.391 0.353 0.389 0.349 0.335 0.328 0.342 0.477 0.492 0.461 0.469 0.444 0.455 0.405 0.364 0.324 0.368 0.394 0.39 0.488 0.556 0.569 0.536 0.472 0.462 0.43 0.421 0.452 0.508 0.486 0.465 0.42 0.463 0.491 0.471 0.453
0.321 0.35 0.331 0.291 0.34 0.31 0.31 0.287 0.3 0.316 0.328 0.286 0.301 0.319 0.322 0.317 0.297 0.304 0.312 0.288 0.298 0.291 0.333 0.327 0.329 0.299 0.312 0.549 0.48 0.333 0.32 0.308 0.317 0.32 0.391 0.577 0.665 0.555 0.513 0.461 0.471 0.367 0.358 0.395 0.365 0.334 0.336 0.402 0.552 0.449 0.443 0.456 0.414 0.38 0.358 0.346 0.36 0.355 0.363 0.358 0.497 0.498 0.462 0.44 0.477 0.485 0.446 0.444 0.487 0.531 0.49 0.479 0.475 0.512 0.526 0.497 0.494
0.337 0.339 0.367 0.344 0.415 0.417 0.406 0.329 0.355 0.341 0.319 0.312 0.332 0.339 0.325 0.322 0.309 0.324 0.324 0.293 0.287 0.304 0.328 0.313 0.314 0.293 0.314 0.507 0.435 0.337 0.292 0.28 0.289 0.303 0.371 0.599 0.644 0.538 0.599 0.478 0.516 0.36 0.366 0.372 0.359 0.358 0.443 0.436 0.52 0.464 0.449 0.422 0.389 0.369 0.377 0.345 0.34 0.381 0.341 0.351 0.383 0.48 0.469 0.482 0.48 0.48 0.471 0.453 0.518 0.546 0.481 0.491 0.518 0.51 0.531 0.504 0.519
0.457 0.446 0.417 0.416 0.506 0.457 0.511 0.447 0.387 0.375 0.393 0.416 0.406 0.375 0.354 0.342 0.337 0.335 0.34 0.318 0.282 0.317 0.374 0.317 0.334 0.322 0.347 0.578 0.437 0.464 0.298 0.255 0.27 0.336 0.474 0.566 0.525 0.558 0.553 0.473 0.501 0.404 0.378 0.364 0.359 0.304 0.345 0.421 0.419 0.365 0.399 0.388 0.39 0.414 0.399 0.369 0.339 0.347 0.371 0.378 0.442 0.5 0.499 0.499 0.51 0.506 0.483 0.515 0.498 0.494 0.482 0.507 0.51 0.492 0.537 0.513 0.495
0.567 0.544 0.59 0.635 0.611 0.587 0.455 0.391 0.433 0.4 0.547 0.511 0.498 0.436 0.469 0.384 0.344 0.362 0.36 0.363 0.429 0.622 0.472 0.349 0.358 0.409 0.386 0.393 0.495 0.493 0.257 0.268 0.325 0.344 0.603 0.542 0.615 0.522 0.483 0.487 0.437 0.408 0.386 0.362 0.36 0.302 0.289 0.308 0.352 0.357 0.414 0.437 0.421 0.426 0.426 0.376 0.376 0.404 0.471 0.477 0.575 0.543 0.54 0.511 0.507 0.542 0.573 0.56 0.52 0.489 0.461 0.476 0.513 0.499 0.546 0.475 0.475
0.582 0.586 0.546 0.603 0.6 0.617 0.599 0.487 0.398 0.4 0.545 0.498 0.553 0.581 0.555 0.42 0.367 0.345 0.324 0.331 0.426 0.638 0.518 0.369 0.428 0.567 0.512 0.493 0.444 0.456 0.299 0.395 0.414 0.332 0.351 0.494 0.572 0.533 0.437 0.55 0.506 0.437 0.391 0.365 0.371 0.287 0.297 0.352 0.353 0.37 0.489 0.478 0.477 0.447 0.439 0.41 0.404 0.448 0.533 0.534 0.562 0.544 0.565 0.568 0.542 0.554 0.562 0.549 0.513 0.481 0.491 0.489 0.488 0.507 0.514 0.473 0.495
0.506 0.591 0.581 0.568 0.562 0.631 0.577 0.531 0.415 0.366 0.598 0.621 0.64 0.64 0.63 0.474 0.386 0.362 0.347 0.35 0.461 0.589 0.43 0.462 0.517 0.598 0.602 0.547 0.442 0.447 0.419 0.407 0.426 0.304 0.304 0.341 0.472 0.487 0.435 0.553 0.489 0.466 0.457 0.417 0.383 0.322 0.266 0.367 0.394 0.433 0.481 0.51 0.517 0.46 0.428 0.394 0.435 0.449 0.536 0.575 0.553 0.57 0.558 0.55 0.552 0.569 0.547 0.536 0.517 0.534 0.558 0.509 0.497 0.541 0.519 0.513 0.485
0.613 0.486 0.53 0.56 0.574 0.611 0.636 0.572 0.459 0.357 0.538 0.568 0.633 0.62 0.569 0.465 0.379 0.368 0.383 0.375 0.432 0.368 0.353 0.457 0.544 0.612 0.567 0.538 0.434 0.415 0.375 0.409 0.39 0.296 0.322 0.372 0.446 0.485 0.428 0.524 0.462 0.526 0.477 0.407 0.35 0.352 0.341 0.336 0.401 0.432 0.477 0.487 0.537 0.509 0.415 0.397 0.332 0.495 0.431 0.383 0.609 0.615 0.581 0.582 0.576 0.548 0.584 0.583 0.584 0.595 0.562 0.543 0.547 0.492 0.528 0.477 0.37
0.601 0.636 0.612 0.576 0.572 0.569 0.518 0.476 0.452 0.391 0.475 0.593 0.647 0.636 0.616 0.522 0.407 0.447 0.512 0.479 0.351 0.341 0.357 0.387 0.515 0.534 0.473 0.42 0.398 0.421 0.333 0.392 0.335 0.317 0.336 0.495 0.612 0.506 0.403 0.44 0.488 0.572 0.492 0.418 0.393 0.365 0.376 0.391 0.416 0.428 0.448 0.463 0.507 0.428 0.434 0.411 0.394 0.453 0.428 0.437 0.597 0.601 0.562 0.554 0.545 0.539 0.577 0.566 0.593 0.599 0.549 0.54 0.552 0.536 0.544 0.484 0.453
0.65 0.634 0.608 0.594 0.616 0.57 0.518 0.425 0.413 0.399 0.427 0.507 0.651 0.672 0.66 0.617 0.62 0.63 0.622 0.637 0.323 0.374 0.408 0.449 0.518 0.591 0.582 0.456 0.365 0.351 0.356 0.426 0.398 0.368 0.365 0.549 0.484 0.481 0.45 0.432 0.517 0.531 0.521 0.434 0.392 0.366 0.364 0.384 0.411 0.455 0.515 0.471 0.478 0.452 0.426 0.456 0.414 0.423 0.495 0.586 0.541 0.526 0.493 0.528 0.478 0.549 0.549 0.587 0.577 0.509 0.506 0.528 0.486 0.475 0.418 0.529 0.53
0.662 0.654 0.651 0.651 0.67 0.608 0.493 0.454 0.42 0.409 0.403 0.452 0.565 0.647 0.646 0.623 0.655 0.667 0.583 0.569 0.333 0.343 0.377 0.432 0.597 0.64 0.521 0.41 0.379 0.356 0.34 0.349 0.347 0.336 0.369 0.562 0.56 0.535 0.467 0.417 0.491 0.461 0.484 0.403 0.38 0.38 0.37 0.393 0.384 0.426 0.586 0.539 0.487 0.462 0.479 0.448 0.449 0.472 0.536 0.594 0.598 0.538 0.544 0.471 0.455 0.474 0.56 0.555 0.546 0.487 0.514 0.499 0.444 0.485 0.51 0.477 0.493
0.646 0.648 0.644 0.657 0.664 0.603 0.466 0.417 0.422 0.422 0.411 0.426 0.472 0.618 0.643 0.669 0.645 0.659 0.638 0.603 0.346 0.33 0.342 0.398 0.464 0.407 0.42 0.433 0.408 0.403 0.384 0.342 0.363 0.366 0.416 0.537 0.483 0.468 0.468 0.44 0.406 0.457 0.451 0.409 0.372 0.381 0.388 0.413 0.446 0.505 0.554 0.57 0.471 0.453 0.483 0.5 0.424 0.54 0.554 0.561 0.547 0.555 0.516 0.518 0.544 0.516 0.542 0.547 0.515 0.463 0.497 0.518 0.508 0.498 0.5 0.48 0.49
0.651 0.646 0.637 0.646 0.665 0.591 0.527 0.464 0.445 0.383 0.419 0.416 0.44 0.585 0.659 0.662 0.627 0.626 0.642 0.566 0.301 0.197 0.322 0.343 0.355 0.389 0.407 0.411 0.451 0.355 0.379 0.36 0.442 0.468 0.66 0.627 0.533 0.49 0.419 0.405 0.357 0.401 0.394 0.402 0.364 0.363 0.408 0.493 0.591 0.592 0.559 0.536 0.498 0.468 0.505 0.469 0.431 0.503 0.572 0.595 0.582 0.562 0.585 0.575 0.558 0.542 0.502 0.537 0.473 0.473 0.586 0.548 0.532 0.51 0.499 0.488 0.495
0.656 0.671 0.693 0.702 0.718 0.618 0.58 0.461 0.407 0.396 0.378 0.393 0.432 0.533 0.637 0.651 0.632 0.573 0.505 0.443 0.257 0.317 0.36 0.383 0.42 0.422 0.433 0.436 0.411 0.383 0.36 0.404 0.432 0.637 0.681 0.556 0.496 0.466 0.411 0.365 0.34 0.403 0.4 0.397 0.32 0.452 0.497 0.566 0.598 0.611 0.549 0.483 0.475 0.445 0.464 0.474 0.525 0.586 0.605 0.614 0.507 0.564 0.586 0.567 0.586 0.532 0.518 0.501 0.496 0.491 0.531 0.538 0.537 0.524 0.518 0.487 0.506
0.591 0.651 0.627 0.68 0.701 0.562 0.53 0.502 0.54 0.498 0.391 0.378 0.388 0.365 0.36 0.4 0.414 0.426 0.415 0.406 0.366 0.355 0.403 0.365 0.369 0.413 0.358 0.351 0.345 0.37 0.512 0.525 0.587 0.624 0.635 0.611 0.639 0.613 0.525 0.483 0.468 0.497 0.446 0.439 0.48 0.524 0.543 0.568 0.523 0.445 0.595 0.587 0.595 0.586 0.501 0.563 0.56 0.548 0.537 0.555 0.582 0.572 0.581 0.593 0.575 0.426 0.459 0.5 0.557 0.555 0.55 0.542 0.527 0.511 0.487 0.424 0.447
0.597 0.633 0.626 0.677 0.653 0.563 0.544 0.522 0.569 0.572 0.396 0.388 0.377 0.367 0.339 0.377 0.394 0.386 0.369 0.33 0.399 0.418 0.387 0.339 0.36 0.329 0.378 0.398 0.401 0.364 0.577 0.472 0.433 0.529 0.465 0.634 0.602 0.629 0.649 0.619 0.561 0.546 0.488 0.539 0.483 0.521 0.477 0.468 0.448 0.533 0.593 0.564 0.561 0.538 0.407 0.532 0.516 0.516 0.546 0.575 0.603 0.594 0.592 0.572 0.522 0.459 0.457 0.541 0.536 0.529 0.479 0.53 0.514 0.489 0.489 0.472 0.473
0.619 0.684 0.661 0.582 0.507 0.511 0.513 0.469 0.453 0.443 0.389 0.395 0.388 0.32 0.308 0.334 0.323 0.331 0.385 0.297 0.423 0.418 0.425 0.406 0.434 0.412 0.421 0.418 0.394 0.459 0.564 0.488 0.452 0.394 0.414 0.501 0.496 0.525 0.597 0.607 0.565 0.509 0.532 0.554 0.501 0.472 0.507 0.477 0.539 0.62 0.581 0.61 0.601 0.562 0.57 0.578 0.56 0.587 0.601 0.607 0.598 0.601 0.539 0.506 0.465 0.51 0.499 0.53 0.545 0.523 0.472 0.523 0.533 0.528 0.503 0.476 0.478
0.64 0.665 0.635 0.557 0.561 0.446 0.392 0.456 0.454 0.474 0.394 0.382 0.372 0.352 0.294 0.333 0.334 0.343 0.357 0.295 0.424 0.383 0.415 0.392 0.417 0.381 0.422 0.422 0.417 0.62 0.596 0.601 0.596 0.398 0.331 0.402 0.411 0.409 0.469 0.577 0.462 0.479 0.531 0.541 0.572 0.547 0.574 0.617 0.599 0.584 0.605 0.634 0.586 0.564 0.591 0.61 0.597 0.562 0.619 0.631 0.6 0.581 0.493 0.496 0.438 0.495 0.498 0.53 0.542 0.534 0.537 0.545 0.529 0.548 0.533 0.499 0.519
0.605 0.585 0.551 0.514 0.46 0.359 0.38 0.49 0.502 0.422 0.361 0.319 0.309 0.352 0.327 0.368 0.389 0.352 0.325 0.373 0.47 0.441 0.431 0.415 0.406 0.327 0.409 0.423 0.508 0.608 0.634 0.616 0.558 0.399 0.351 0.436 0.438 0.399 0.414 0.431 0.458 0.493 0.549 0.585 0.594 0.534 0.587 0.584 0.562 0.534 0.595 0.606 0.61 0.602 0.613 0.576 0.605 0.597 0.558 0.594 0.546 0.565 0.49 0.459 0.459 0.492 0.503 0.494 0.529 0.546 0.491 0.524 0.515 0.552 0.551 0.531 0.542
0.435 0.451 0.492 0.438 0.422 0.323 0.312 0.444 0.507 0.473 0.457 0.448 0.433 0.384 0.399 0.455 0.42 0.383 0.391 0.469 0.445 0.446 0.477 0.43 0.465 0.47 0.434 0.406 0.391 0.416 0.438 0.465 0.447 0.526 0.588 0.484 0.447 0.399 0.494 0.524 0.467 0.433 0.503 0.479 0.458 0.42 0.384 0.43 0.535 0.562 0.473 0.425 0.43 0.415 0.461 0.462 0.438 0.434 0.406 0.457 0.44 0.495 0.424 0.465 0.551 0.563 0.571 0.549 0.563 0.518 0.54 0.578 0.569 0.557 0.566 0.549 0.529
0.455 0.458 0.458 0.454 0.421 0.494 0.512 0.479 0.505 0.519 0.452 0.459 0.452 0.43 0.424 0.427 0.405 0.414 0.393 0.488 0.543 0.506 0.456 0.445 0.474 0.409 0.381 0.328 0.355 0.381 0.435 0.407 0.401 0.385 0.419 0.444 0.442 0.463 0.493 0.523 0.489 0.488 0.47 0.446 0.441 0.419 0.402 0.473 0.502 0.492 0.431 0.371 0.33 0.442 0.491 0.443 0.44 0.432 0.379 0.35 0.556 0.544 0.508 0.466 0.482 0.536 0.56 0.573 0.588 0.567 0.487 0.542 0.55 0.517 0.535 0.491 0.492
0.535 0.468 0.424 0.416 0.413 0.469 0.466 0.444 0.496 0.556 0.499 0.476 0.468 0.404 0.416 0.414 0.425 0.42 0.385 0.372 0.417 0.436 0.433 0.42 0.412 0.386 0.423 0.437 0.439 0.424 0.421 0.401 0.396 0.402 0.39 0.426 0.423 0.448 0.457 0.381 0.456 0.52 0.513 0.467 0.447 0.425 0.458 0.45 0.488 0.526 0.433 0.36 0.356 0.414 0.423 0.434 0.466 0.45 0.438 0.455 0.572 0.584 0.575 0.499 0.487 0.554 0.566 0.525 0.586 0.584 0.532 0.558 0.526 0.496 0.523 0.523 0.531
0.414 0.465 0.434 0.454 0.473 0.555 0.569 0.538 0.538 0.551 0.505 0.471 0.436 0.358 0.408 0.471 0.424 0.358 0.337 0.39 0.37 0.347 0.359 0.388 0.357 0.458 0.489 0.472 0.497 0.55 0.425 0.408 0.394 0.411 0.439 0.456 0.461 0.438 0.449 0.382 0.512 0.554 0.595 0.55 0.484 0.436 0.489 0.555 0.511 0.472 0.438 0.445 0.469 0.425 0.429 0.419 0.487 0.513 0.483 0.501 0.571 0.566 0.574 0.547 0.516 0.616 0.517 0.526 0.574 0.579 0.551 0.532 0.49 0.552 0.572 0.509 0.509
0.532 0.494 0.498 0.514 0.527 0.537 0.548 0.565 0.551 0.55 0.468 0.468 0.447 0.456 0.462 0.495 0.465 0.453 0.426 0.413 0.406 0.475 0.452 0.467 0.406 0.545 0.575 0.573 0.604 0.636 0.45 0.453 0.437 0.468 0.454 0.442 0.445 0.424 0.461 0.487 0.482 0.483 0.497 0.5 0.465 0.502 0.495 0.472 0.458 0.388 0.51 0.535 0.557 0.501 0.48 0.463 0.496 0.523 0.553 0.529 0.585 0.576 0.558 0.537 0.551 0.611 0.587 0.567 0.578 0.567 0.537 0.536 0.551 0.563 0.552 0.552 0.532
0.524 0.514 0.455 0.424 0.4 0.443 0.5 0.417 0.472 0.431 0.512 0.508 0.553 0.655 0.679 0.642 0.648 0.628 0.651 0.611 0.615 0.561 0.482 0.43 0.457 0.528 0.576 0.513 0.483 0.482 0.469 0.454 0.475 0.441 0.524 0.486 0.437 0.489 0.496 0.524 0.502 0.461 0.452 0.443 0.444 0.479 0.453 0.43 0.456 0.518 0.557 0.6 0.561 0.534 0.582 0.556 0.593 0.564 0.55 0.557 0.546 0.581 0.575 0.563 0.551 0.571 0.611 0.618 0.597 0.597 0.553 0.415 0.536 0.534 0.525 0.601 0.588
0.561 0.492 0.391 0.412 0.379 0.352 0.395 0.457 0.482 0.46 0.523 0.628 0.65 0.645 0.652 0.667 0.652 0.621 0.648 0.639 0.605 0.505 0.457 0.507 0.531 0.462 0.478 0.483 0.48 0.436 0.484 0.503 0.515 0.598 0.611 0.454 0.444 0.46 0.476 0.492 0.499 0.486 0.484 0.481 0.483 0.482 0.47 0.488 0.546 0.503 0.509 0.574 0.614 0.606 0.597 0.588 0.612 0.553 0.548 0.549 0.57 0.554 0.558 0.542 0.537 0.586 0.574 0.579 0.579 0.589 0.594 0.556 0.551 0.57 0.585 0.621 0.587
0.53 0.502 0.533 0.489 0.357 0.383 0.454 0.436 0.478 0.526 0.548 0.636 0.633 0.608 0.64 0.61 0.534 0.5 0.532 0.592 0.627 0.585 0.572 0.578 0.593 0.544 0.574 0.489 0.481 0.534 0.627 0.66 0.661 0.633 0.588 0.487 0.45 0.431 0.425 0.433 0.477 0.552 0.554 0.528 0.517 0.465 0.454 0.456 0.569 0.576 0.548 0.606 0.598 0.572 0.606 0.633 0.637 0.625 0.578 0.581 0.58 0.57 0.565 0.558 0.568 0.573 0.575 0.556 0.585 0.608 0.579 0.555 0.553 0.566 0.597 0.624 0.558
0.568 0.504 0.581 0.522 0.465 0.464 0.48 0.479 0.475 0.521 0.625 0.659 0.641 0.65 0.672 0.492 0.524 0.483 0.501 0.467 0.56 0.591 0.602 0.595 0.573 0.455 0.406 0.387 0.611 0.658 0.638 0.674 0.672 0.632 0.57 0.456 0.444 0.459 0.456 0.445 0.446 0.471 0.478 0.471 0.539 0.498 0.446 0.479 0.517 0.533 0.569 0.561 0.63 0.627 0.63 0.662 0.617 0.594 0.626 0.571 0.567 0.552 0.573 0.576 0.605 0.591 0.609 0.61 0.568 0.622 0.569 0.58 0.546 0.544 0.574 0.6 0.623
0.509 0.496 0.526 0.514 0.542 0.526 0.534 0.528 0.515 0.578 0.645 0.634 0.635 0.591 0.538 0.532 0.529 0.545 0.542 0.536 0.515 0.521 0.601 0.582 0.509 0.426 0.466 0.481 0.579 0.606 0.583 0.592 0.583 0.525 0.502 0.547 0.602 0.584 0.536 0.525 0.47 0.429 0.448 0.444 0.471 0.558 0.5 0.504 0.567 0.552 0.549 0.576 0.595 0.493 0.521 0.624 0.635 0.589 0.589 0.543 0.551 0.567 0.576 0.569 0.543 0.595 0.605 0.6 0.571 0.613 0.563 0.555 0.524 0.506 0.54 0.575 0.582
0.668 0.662 0.663 0.651 0.667 0.638 0.676 0.678 0.669 0.648 0.652 0.658 0.635 0.589 0.504 0.55 0.587 0.608 0.636 0.668 0.677 0.653 0.63 0.632 0.632 0.642 0.642 0.63 0.602 0.643 0.635 0.657 0.638 0.645 0.614 0.67 0.643 0.601 0.61 0.626 0.586 0.529 0.441 0.423 0.402 0.471 0.547 0.558 0.533 0.508 0.579 0.601 0.618 0.615 0.641 0.601 0.619 0.632 0.6 0.575 0.566 0.572 0.575 0.616 0.633 0.618 0.617 0.618 0.617 0.629 0.61 0.575 0.52 0.397 0.48 0.617 0.647
0.698 0.641 0.657 0.67 0.674 0.637 0.662 0.667 0.665 0.648 0.669 0.684 0.608 0.596 0.606 0.497 0.531 0.613 0.62 0.662 0.643 0.679 0.675 0.686 0.669 0.606 0.597 0.64 0.659 0.657 0.6 0.577 0.584 0.647 0.622 0.606 0.554 0.627 0.625 0.602 0.589 0.592 0.467 0.422 0.486 0.544 0.506 0.458 0.502 0.524 0.574 0.627 0.615 0.601 0.595 0.609 0.62 0.637 0.645 0.623 0.548 0.584 0.632 0.636 0.586 0.636 0.606 0.62 0.619 0.609 0.619 0.56 0.528 0.489 0.469 0.587 0.642
