data/china_ndvi_max_1994.asc
ncols         710
nrows         510
xllcorner     70
yllcorner     10
cellsize      0.1
NODATA_value  -9999
[rows 170 to 203 of 510, columns 385 to 461 of 710]
-9999 -9999 -9999 -9999 -9999 -9999 -9999 -9999 -9999 -9999 -9999 -9999 -9999 -9999 -9999 -9999 -9999 -9999 -9999 -9999 -9999 -9999 -9999 -9999 -9999 -9999 -9999 -9999 -9999 -9999 -9999 -9999 -9999 -9999 0.137 0.147 0.149 0.142 0.146 0.117 0.118 0.13 0.138 0.138 0.147 0.123 0.126 0.135 0.131 0.134 0.159 0.157 0.153 0.153 0.155 0.178 0.174 0.164 0.165 0.156 0.169 0.188 0.186 0.175 0.18 0.206 0.202 0.203 0.232 0.247 0.222 0.186 0.206 0.22 0.225 0.241 0.244
-9999 -9999 -9999 -9999 -9999 -9999 -9999 -9999 -9999 -9999 -9999 -9999 -9999 -9999 -9999 -9999 -9999 -9999 -9999 -9999 -9999 -9999 -9999 -9999 -9999 -9999 -9999 -9999 -9999 -9999 -9999 -9999 -9999 -9999 -9999 0.134 0.124 0.114 0.13 0.133 0.125 0.113 0.114 0.131 0.136 0.117 0.112 0.128 0.143 0.147 0.16 0.16 0.147 0.144 0.147 0.178 0.169 0.168 0.157 0.144 0.159 0.165 0.172 0.181 0.188 0.196 0.199 0.223 0.229 0.216 0.192 0.217 0.216 0.227 0.221 0.242 0.237
-9999 -9999 -9999 -9999 -9999 -9999 -9999 -9999 -9999 -9999 -9999 -9999 -9999 -9999 -9999 -9999 -9999 -9999 -9999 -9999 -9999 -9999 -9999 -9999 -9999 -9999 -9999 -9999 -9999 -9999 -9999 -9999 -9999 -9999 -9999 0.124 0.129 0.134 0.135 0.142 0.109 0.126 0.138 0.139 0.146 0.151 0.155 0.153 0.152 0.147 0.154 0.152 0.164 0.154 0.164 0.167 0.163 0.164 0.161 0.155 0.166 0.175 0.176 0.172 0.182 0.173 0.185 0.154 0.128 0.177 0.215 0.226 0.217 0.222 0.226 0.234 0.247
-9999 -9999 -9999 -9999 -9999 -9999 -9999 -9999 -9999 -9999 -9999 -9999 -9999 -9999 -9999 -9999 -9999 -9999 -9999 -9999 -9999 -9999 -9999 -9999 -9999 -9999 -9999 -9999 -9999 -9999 -9999 -9999 -9999 0.152 0.148 0.139 0.142 0.139 0.129 0.123 0.115 0.125 0.129 0.129 0.142 0.167 0.168 0.163 0.151 0.156 0.141 0.143 0.145 0.165 0.158 0.172 0.175 0.164 0.158 0.162 0.165 0.176 0.199 0.184 0.178 0.171 0.174 0.163 0.163 0.185 0.204 0.245 0.219 0.226 0.233 0.245 0.238
-9999 -9999 -9999 -9999 -9999 -9999 -9999 -9999 -9999 -9999 -9999 -9999 -9999 -9999 -9999 -9999 -9999 -9999 -9999 -9999 -9999 -9999 -9999 -9999 -9999 -9999 -9999 -9999 -9999 -9999 -9999 0.143 0.137 0.132 0.145 0.133 0.133 0.127 0.125 0.119 0.118 0.131 0.129 0.131 0.148 0.158 0.16 0.16 0.158 0.155 0.163 0.151 0.156 0.169 0.169 0.175 0.168 0.167 0.168 0.168 0.171 0.182 0.189 0.199 0.207 0.186 0.201 0.219 0.184 0.193 0.197 0.198 0.214 0.192 0.206 0.23 0.237
-9999 -9999 -9999 -9999 -9999 -9999 -9999 -9999 -9999 -9999 -9999 -9999 -9999 -9999 -9999 -9999 -9999 -9999 -9999 -9999 -9999 -9999 -9999 -9999 -9999 -9999 -9999 -9999 0.142 0.133 0.14 0.134 0.137 0.137 0.134 0.132 0.126 0.128 0.123 0.114 0.15 0.15 0.139 0.135 0.142 0.118 0.112 0.093 0.138 0.145 0.158 0.166 0.142 0.125 0.137 0.162 0.177 0.178 0.157 0.17 0.166 0.152 0.166 0.117 0.081 0.169 0.193 0.195 0.221 0.238 0.203 0.204 0.213 0.273 0.305 0.308 0.27
-9999 -9999 -9999 -9999 -9999 -9999 -9999 -9999 -9999 -9999 -9999 -9999 -9999 -9999 -9999 -9999 -9999 -9999 -9999 -9999 -9999 -9999 -9999 -9999 -9999 0.141 0.137 0.148 0.157 0.152 0.136 0.136 0.136 0.141 0.15 0.138 0.139 0.148 0.127 0.129 0.15 0.162 0.156 0.139 0.133 0.123 0.119 0.117 0.133 0.135 0.153 0.165 0.134 0.132 0.133 0.125 0.129 0.148 0.173 0.176 0.169 0.156 0.147 0.197 0.244 0.204 0.22 0.22 0.206 0.225 0.229 0.225 0.214 0.241 0.27 0.276 0.252
-9999 -9999 -9999 -9999 -9999 -9999 -9999 -9999 -9999 -9999 -9999 -9999 -9999 -9999 -9999 -9999 -9999 -9999 -9999 -9999 -9999 -9999 -9999 -9999 0.154 0.172 0.131 0.128 0.122 0.131 0.147 0.144 0.137 0.138 0.146 0.139 0.149 0.153 0.163 0.153 0.16 0.158 0.16 0.154 0.133 0.149 0.142 0.14 0.145 0.143 0.149 0.145 0.141 0.155 0.157 0.176 0.176 0.176 0.183 0.176 0.177 0.186 0.184 0.176 0.169 0.165 0.172 0.208 0.207 0.218 0.222 0.209 0.243 0.252 0.212 0.251 0.249
-9999 -9999 -9999 -9999 -9999 -9999 -9999 -9999 -9999 -9999 -9999 -9999 -9999 -9999 -9999 -9999 -9999 -9999 -9999 -9999 -9999 -9999 -9999 0.144 0.131 0.127 0.116 0.124 0.112 0.115 0.135 0.136 0.137 0.138 0.139 0.149 0.156 0.161 0.16 0.166 0.167 0.169 0.162 0.165 0.17 0.168 0.16 0.135 0.153 0.152 0.147 0.146 0.145 0.151 0.159 0.166 0.162 0.167 0.155 0.167 0.143 0.175 0.166 0.158 0.164 0.178 0.203 0.211 0.21 0.192 0.202 0.211 0.209 0.222 0.205 0.223 0.226
-9999 -9999 -9999 -9999 -9999 -9999 -9999 -9999 -9999 -9999 -9999 -9999 -9999 -9999 -9999 -9999 -9999 -9999 -9999 -9999 -9999 -9999 0.142 0.136 0.126 0.117 0.133 0.121 0.123 0.096 0.138 0.138 0.153 0.138 0.144 0.152 0.166 0.171 0.178 0.164 0.161 0.156 0.155 0.157 0.157 0.156 0.159 0.152 0.155 0.162 0.146 0.148 0.147 0.155 0.153 0.14 0.147 0.152 0.163 0.176 0.181 0.156 0.159 0.179 0.179 0.158 0.181 0.192 0.201 0.205 0.237 0.217 0.166 0.178 0.231 0.331 0.289
-9999 -9999 -9999 -9999 -9999 -9999 -9999 -9999 -9999 -9999 -9999 -9999 -9999 -9999 -9999 -9999 -9999 -9999 -9999 -9999 -9999 0.089 0.118 0.1 0.115 0.119 0.099 0.095 0.127 0.127 0.132 0.139 0.144 0.145 0.143 0.165 0.168 0.179 0.178 0.169 0.154 0.158 0.161 0.155 0.148 0.137 0.13 0.115 0.137 0.153 0.142 0.169 0.172 0.149 0.165 0.169 0.163 0.16 0.16 0.162 0.168 0.166 0.173 0.158 0.156 0.221 0.204 0.203 0.216 0.248 0.21 0.218 0.267 0.29 0.277 0.293 0.253
-9999 -9999 -9999 -9999 -9999 -9999 -9999 -9999 -9999 -9999 -9999 -9999 -9999 -9999 -9999 -9999 -9999 -9999 -9999 -9999 0.102 0.113 0.116 0.123 0.108 0.133 0.114 0.142 0.146 0.144 0.142 0.142 0.135 0.138 0.145 0.179 0.172 0.161 0.153 0.159 0.152 0.162 0.159 0.149 0.139 0.127 0.141 0.135 0.143 0.154 0.147 0.136 0.149 0.156 0.157 0.166 0.153 0.152 0.169 0.181 0.184 0.215 0.185 0.166 0.189 0.197 0.21 0.2 0.196 0.22 0.226 0.238 0.239 0.254 0.278 0.284 0.295
-9999 -9999 -9999 -9999 -9999 -9999 -9999 -9999 -9999 -9999 -9999 -9999 -9999 -9999 -9999 -9999 -9999 -9999 0.136 0.144 0.125 0.128 0.129 0.137 0.138 0.134 0.145 0.148 0.159 0.146 0.14 0.15 0.144 0.143 0.15 0.152 0.153 0.16 0.154 0.145 0.154 0.153 0.152 0.149 0.139 0.136 0.152 0.156 0.157 0.155 0.155 0.164 0.148 0.16 0.16 0.175 0.175 0.179 0.188 0.185 0.206 0.187 0.21 0.181 0.191 0.199 0.229 0.214 0.207 0.22 0.233 0.237 0.23 0.261 0.295 0.264 0.308
-9999 -9999 -9999 -9999 -9999 -9999 -9999 -9999 -9999 -9999 -9999 -9999 -9999 -9999 0.137 0.132 0.142 0.136 0.127 0.137 0.134 0.132 0.146 0.151 0.143 0.132 0.14 0.192 0.152 0.141 0.156 0.151 0.139 0.141 0.154 0.155 0.159 0.156 0.161 0.147 0.151 0.17 0.163 0.162 0.149 0.139 0.15 0.174 0.179 0.157 0.155 0.176 0.159 0.184 0.181 0.186 0.195 0.184 0.191 0.197 0.201 0.216 0.214 0.207 0.207 0.212 0.238 0.211 0.235 0.232 0.254 0.233 0.269 0.233 0.236 0.258 0.272
-9999 -9999 -9999 -9999 -9999 -9999 -9999 -9999 -9999 -9999 -9999 0.15 0.137 0.149 0.145 0.132 0.139 0.149 0.147 0.136 0.15 0.134 0.131 0.134 0.134 0.123 0.195 0.172 0.147 0.151 0.163 0.153 0.175 0.169 0.169 0.144 0.144 0.139 0.141 0.143 0.158 0.174 0.167 0.165 0.167 0.143 0.136 0.159 0.166 0.165 0.168 0.175 0.184 0.194 0.185 0.189 0.188 0.2 0.192 0.215 0.215 0.235 0.229 0.23 0.255 0.238 0.227 0.216 0.224 0.248 0.247 0.243 0.225 0.283 0.24 0.262 0.309
0.138 0.143 0.141 0.155 0.13 0.146 0.14 0.141 0.13 0.149 0.133 0.138 0.152 0.173 0.119 0.151 0.137 0.155 0.131 0.135 0.126 0.152 0.137 0.138 0.151 0.144 0.154 0.153 0.159 0.177 0.157 0.138 0.162 0.174 0.179 0.164 0.158 0.153 0.149 0.16 0.159 0.163 0.165 0.17 0.172 0.151 0.163 0.163 0.172 0.179 0.189 0.176 0.185 0.194 0.217 0.205 0.213 0.221 0.217 0.226 0.224 0.226 0.23 0.265 0.265 0.301 0.266 0.263 0.263 0.265 0.283 0.307 0.3 0.319 0.294 0.281 0.294
0.143 0.139 0.13 0.125 0.134 0.127 0.128 0.126 0.133 0.145 0.131 0.136 0.154 0.143 0.142 0.133 0.145 0.139 0.137 0.149 0.14 0.14 0.141 0.15 0.15 0.146 0.16 0.164 0.165 0.174 0.171 0.153 0.173 0.177 0.19 0.175 0.173 0.171 0.173 0.166 0.163 0.164 0.168 0.186 0.172 0.177 0.175 0.173 0.174 0.186 0.21 0.193 0.197 0.218 0.212 0.21 0.237 0.232 0.244 0.246 0.232 0.22 0.241 0.254 0.265 0.296 0.303 0.279 0.264 0.277 0.28 0.307 0.315 0.33 0.301 0.309 0.336
0.145 0.14 0.133 0.13 0.128 0.131 0.134 0.138 0.153 0.136 0.15 0.151 0.146 0.147 0.136 0.147 0.15 0.143 0.154 0.153 0.127 0.133 0.142 0.152 0.156 0.17 0.172 0.179 0.164 0.166 0.171 0.175 0.193 0.194 0.197 0.183 0.17 0.175 0.177 0.177 0.159 0.154 0.171 0.196 0.189 0.178 0.193 0.192 0.184 0.182 0.203 0.215 0.237 0.237 0.233 0.24 0.253 0.247 0.249 0.245 0.238 0.236 0.242 0.245 0.253 0.289 0.294 0.285 0.275 0.278 0.275 0.282 0.293 0.28 0.299 0.283 0.297
0.127 0.136 0.141 0.143 0.142 0.147 0.139 0.131 0.137 0.141 0.146 0.135 0.148 0.15 0.153 0.148 0.155 0.162 0.154 0.141 0.133 0.131 0.149 0.166 0.177 0.17 0.193 0.189 0.17 0.156 0.181 0.171 0.194 0.215 0.203 0.199 0.168 0.168 0.17 0.166 0.162 0.176 0.188 0.208 0.223 0.188 0.183 0.2 0.199 0.19 0.217 0.222 0.227 0.257 0.225 0.23 0.241 0.244 0.248 0.241 0.244 0.249 0.247 0.257 0.259 0.281 0.286 0.295 0.288 0.286 0.288 0.287 0.282 0.281 0.293 0.317 0.333
0.138 0.144 0.142 0.143 0.143 0.136 0.138 0.129 0.137 0.152 0.15 0.151 0.153 0.154 0.168 0.173 0.162 0.159 0.158 0.145 0.13 0.148 0.156 0.158 0.154 0.167 0.203 0.191 0.166 0.171 0.152 0.184 0.195 0.208 0.195 0.197 0.185 0.181 0.188 0.182 0.17 0.177 0.184 0.199 0.215 0.211 0.215 0.226 0.215 0.21 0.21 0.222 0.233 0.249 0.237 0.246 0.259 0.275 0.261 0.255 0.249 0.248 0.255 0.276 0.266 0.297 0.302 0.316 0.298 0.302 0.291 0.281 0.266 0.283 0.37 0.314 0.313
0.141 0.129 0.137 0.133 0.137 0.132 0.139 0.138 0.144 0.148 0.142 0.147 0.148 0.153 0.141 0.139 0.172 0.157 0.159 0.161 0.181 0.168 0.175 0.173 0.185 0.182 0.177 0.162 0.16 0.159 0.188 0.201 0.208 0.21 0.205 0.189 0.211 0.212 0.193 0.188 0.211 0.196 0.185 0.194 0.206 0.216 0.234 0.259 0.272 0.246 0.229 0.247 0.246 0.241 0.245 0.236 0.253 0.265 0.27 0.273 0.269 0.256 0.276 0.278 0.296 0.31 0.31 0.308 0.3 0.305 0.306 0.313 0.32 0.322 0.345 0.292 0.332
0.13 0.129 0.134 0.121 0.142 0.152 0.152 0.156 0.164 0.164 0.156 0.159 0.171 0.172 0.161 0.176 0.175 0.165 0.164 0.163 0.195 0.211 0.208 0.21 0.192 0.181 0.177 0.182 0.194 0.187 0.183 0.196 0.183 0.202 0.209 0.201 0.189 0.207 0.207 0.186 0.212 0.193 0.201 0.201 0.215 0.234 0.226 0.251 0.27 0.256 0.248 0.244 0.253 0.248 0.248 0.261 0.249 0.28 0.272 0.274 0.288 0.27 0.282 0.284 0.297 0.275 0.29 0.324 0.335 0.324 0.322 0.344 0.313 0.313 0.324 0.32 0.321
0.126 0.122 0.126 0.154 0.165 0.142 0.15 0.147 0.155 0.16 0.171 0.177 0.169 0.18 0.185 0.194 0.186 0.183 0.18 0.192 0.198 0.218 0.223 0.223 0.217 0.206 0.206 0.2 0.2 0.193 0.204 0.202 0.224 0.222 0.218 0.221 0.225 0.209 0.188 0.183 0.213 0.232 0.244 0.237 0.214 0.231 0.268 0.262 0.266 0.261 0.241 0.24 0.246 0.225 0.243 0.24 0.243 0.269 0.273 0.274 0.292 0.299 0.297 0.298 0.291 0.288 0.281 0.331 0.311 0.313 0.304 0.294 0.278 0.34 0.33 0.333 0.327
0.114 0.142 0.149 0.123 0.126 0.139 0.142 0.142 0.205 0.16 0.168 0.159 0.148 0.187 0.2 0.181 0.182 0.159 0.224 0.204 0.189 0.199 0.208 0.221 0.229 0.235 0.225 0.198 0.198 0.175 0.204 0.204 0.217 0.228 0.227 0.244 0.243 0.216 0.198 0.201 0.241 0.241 0.231 0.211 0.225 0.232 0.247 0.278 0.241 0.241 0.233 0.243 0.266 0.262 0.262 0.25 0.272 0.27 0.273 0.29 0.279 0.303 0.294 0.298 0.286 0.275 0.29 0.259 0.28 0.319 0.307 0.329 0.311 0.309 0.381 0.338 0.381
0.162 0.131 0.127 0.141 0.136 0.135 0.145 0.148 0.157 0.166 0.161 0.16 0.17 0.177 0.169 0.2 0.198 0.208 0.212 0.201 0.2 0.221 0.21 0.205 0.221 0.221 0.227 0.212 0.208 0.205 0.212 0.223 0.219 0.246 0.249 0.237 0.25 0.217 0.228 0.24 0.23 0.218 0.229 0.211 0.212 0.215 0.224 0.222 0.218 0.223 0.215 0.257 0.263 0.243 0.264 0.234 0.235 0.226 0.261 0.264 0.294 0.278 0.291 0.3 0.293 0.272 0.282 0.301 0.301 0.307 0.307 0.308 0.341 0.319 0.358 0.351 0.379
0.13 0.149 0.19 0.162 0.168 0.122 0.13 0.149 0.178 0.184 0.191 0.2 0.191 0.203 0.194 0.208 0.222 0.209 0.218 0.209 0.203 0.208 0.204 0.218 0.203 0.206 0.217 0.214 0.22 0.219 0.234 0.24 0.256 0.277 0.265 0.291 0.249 0.249 0.251 0.264 0.269 0.274 0.265 0.267 0.253 0.24 0.232 0.258 0.243 0.247 0.264 0.245 0.24 0.247 0.245 0.26 0.252 0.245 0.28 0.204 0.269 0.276 0.295 0.308 0.32 0.331 0.327 0.304 0.308 0.316 0.41 0.46 0.378 0.36 0.33 0.467 0.45
0.197 0.201 0.152 0.128 0.118 0.131 0.14 0.142 0.148 0.172 0.158 0.149 0.145 0.176 0.188 0.215 0.22 0.238 0.234 0.262 0.213 0.216 0.22 0.216 0.209 0.231 0.233 0.237 0.236 0.258 0.267 0.267 0.258 0.266 0.28 0.275 0.264 0.262 0.277 0.276 0.266 0.286 0.259 0.281 0.253 0.263 0.241 0.244 0.259 0.252 0.239 0.244 0.247 0.246 0.245 0.28 0.269 0.265 0.268 0.216 0.264 0.306 0.31 0.311 0.333 0.295 0.311 0.303 0.333 0.338 0.385 0.402 0.359 0.44 0.475 0.517 0.534
0.258 0.203 0.278 0.239 0.177 0.124 0.125 0.109 0.145 0.153 0.163 0.146 0.165 0.182 0.174 0.205 0.221 0.232 0.233 0.228 0.229 0.229 0.25 0.229 0.241 0.241 0.234 0.237 0.258 0.262 0.282 0.276 0.258 0.292 0.345 0.294 0.235 0.268 0.278 0.285 0.302 0.291 0.273 0.29 0.242 0.256 0.28 0.276 0.27 0.29 0.273 0.243 0.249 0.238 0.247 0.282 0.284 0.28 0.285 0.276 0.281 0.289 0.304 0.321 0.337 0.33 0.348 0.311 0.379 0.417 0.339 0.342 0.36 0.372 0.492 0.447 0.498
0.269 0.225 0.216 0.233 0.233 0.135 0.113 0.136 0.178 0.184 0.177 0.155 0.167 0.185 0.19 0.18 0.19 0.192 0.212 0.224 0.225 0.228 0.227 0.233 0.233 0.242 0.244 0.248 0.267 0.272 0.262 0.238 0.237 0.28 0.334 0.377 0.391 0.383 0.333 0.379 0.361 0.359 0.328 0.309 0.279 0.337 0.273 0.258 0.266 0.308 0.268 0.254 0.236 0.241 0.275 0.299 0.31 0.308 0.303 0.273 0.309 0.315 0.29 0.313 0.353 0.317 0.372 0.357 0.444 0.409 0.36 0.32 0.3 0.363 0.403 0.413 0.376
0.293 0.252 0.231 0.265 0.432 0.261 0.228 0.143 0.123 0.144 0.16 0.173 0.169 0.184 0.165 0.175 0.175 0.182 0.199 0.207 0.269 0.302 0.227 0.244 0.243 0.253 0.22 0.216 0.233 0.252 0.291 0.305 0.257 0.361 0.395 0.42 0.432 0.312 0.287 0.321 0.324 0.334 0.319 0.283 0.279 0.261 0.217 0.257 0.276 0.32 0.278 0.264 0.253 0.246 0.253 0.273 0.297 0.287 0.269 0.268 0.295 0.309 0.314 0.311 0.327 0.296 0.38 0.337 0.392 0.439 0.397 0.344 0.349 0.334 0.431 0.405 0.461
0.22 0.255 0.246 -0.3 0.246 0.124 0.118 0.113 0.157 0.146 0.235 0.201 0.193 0.213 0.157 0.189 0.188 0.192 0.192 0.224 0.302 0.241 0.251 0.244 0.268 0.297 0.387 0.418 0.419 0.432 0.342 0.274 0.217 0.264 0.305 0.266 0.295 0.323 0.375 0.316 0.289 0.299 0.278 0.297 0.284 0.249 0.255 0.293 0.279 0.251 0.281 0.253 0.246 0.215 0.214 0.297 0.298 0.238 0.222 0.276 0.304 0.304 0.271 0.27 0.347 0.343 0.372 0.479 0.481 0.471 0.452 0.323 0.392 0.384 0.326 0.415 0.453
0.226 0.204 0.183 0.157 0.138 0.133 0.128 0.133 0.16 0.159 0.173 0.169 0.207 0.186 0.188 0.218 0.238 0.238 0.222 0.232 0.219 0.253 0.276 0.315 0.314 0.267 0.302 0.31 0.334 0.329 0.28 0.2 0.178 0.313 0.341 0.291 0.298 0.339 0.428 0.387 0.291 0.269 0.265 0.291 0.274 0.272 0.247 0.278 0.21 0.247 0.259 0.274 0.224 0.259 0.273 0.238 0.264 0.261 0.28 0.31 0.284 0.278 0.279 0.247 0.213 0.321 0.402 0.443 0.448 0.464 0.351 0.287 0.365 0.423 0.405 0.467 0.488
0.149 0.205 0.181 0.115 0.14 0.216 0.243 0.239 0.222 0.277 0.239 0.214 0.204 0.169 0.183 0.192 0.213 0.216 0.241 0.257 0.258 0.328 0.25 0.37 0.374 0.352 0.329 0.32 0.327 0.239 0.315 0.322 0.325 0.304 0.321 0.285 0.251 0.244 0.319 0.41 0.323 0.297 0.298 0.278 0.271 0.277 0.261 0.257 0.248 0.249 0.236 0.224 0.237 0.215 0.225 0.251 0.253 0.272 0.282 0.285 0.32 0.324 0.341 0.3 0.366 0.285 0.227 0.273 0.276 0.271 0.275 0.309 0.311 0.342 0.421 0.421 0.41
0.108 0.206 0.218 0.229 0.209 0.243 0.245 0.275 0.235 0.264 0.251 0.303 0.196 0.2 0.212 0.169 0.214 0.251 0.205 0.261 0.237 0.325 0.342 0.319 0.291 0.31 0.246 0.299 0.304 0.341 0.324 0.287 0.26 0.263 0.309 0.286 0.277 0.257 0.431 0.367 0.305 0.318 0.333 0.286 0.268 0.257 0.22 0.256 0.257 0.269 0.242 0.294 0.299 0.264 0.26 0.245 0.273 0.281 0.278 0.246 0.252 0.302 0.278 0.289 0.237 0.24 0.241 0.281 0.263 0.256 0.368 0.428 0.417 0.544 0.569 0.502 0.486
