data/china_ndvi_max_2008.asc
ncols         710
nrows         510
xllcorner     70
yllcorner     10
cellsize      0.1
NODATA_value  -9999
[rows 280 to 314 of 510, columns 231 to 307 of 710]
0.239 0.262 0.271 0.264 0.237 0.248 0.257 0.249 0.246 0.251 0.281 0.262 0.305 0.337 0.181 0.199 0.319 0.286 0.29 0.272 0.272 0.333 0.321 0.336 0.374 0.386 0.313 0.204 0.228 0.334 0.373 0.332 0.262 0.289 0.391 0.383 0.34 0.382 0.412 0.355 0.401 0.387 0.351 0.327 0.37 0.329 0.334 0.305 0.294 0.37 0.292 0.353 0.393 0.401 0.346 0.406 0.403 0.446 0.425 0.429 0.407 0.303 0.291 0.361 0.42 0.421 0.417 0.359 0.387 0.394 0.382 0.421 0.402 0.382 0.345 0.432 0.438
0.266 0.285 0.255 0.264 0.242 0.258 0.255 0.247 0.27 0.257 0.271 0.278 0.283 0.31 0.246 0.24 0.253 0.164 0.226 0.322 0.282 0.262 0.256 0.292 0.295 0.354 0.254 0.252 0.202 0.381 0.369 0.375 0.343 0.335 0.378 0.356 0.342 0.315 0.327 0.374 0.354 0.39 0.359 0.407 0.279 0.307 0.282 0.237 0.287 0.299 0.241 0.334 0.396 0.402 0.413 0.42 0.403 0.441 0.452 0.437 0.408 0.325 0.281 0.311 0.417 0.423 0.447 0.397 0.389 0.404 0.392 0.425 0.436 0.412 0.352 0.411 0.405
0.237 0.09 0.159 0.247 0.27 0.269 0.27 0.265 0.268 0.264 0.293 0.27 0.294 0.275 0.322 0.285 0.278 0.269 0.22 0.375 0.387 0.339 0.288 0.264 0.291 0.392 0.345 0.34 0.272 0.366 0.386 0.38 0.373 0.368 0.37 0.391 0.309 0.283 0.12 0.313 0.229 0.267 0.233 0.37 0.289 0.314 0.257 0.243 0.19 0.207 0.242 0.359 0.415 0.426 0.42 0.418 0.38 0.356 0.385 0.452 0.433 0.365 0.359 0.346 0.401 0.402 0.45 0.418 0.385 0.398 0.362 0.401 0.412 0.442 0.425 0.406 0.405
0.199 0.213 0.288 0.304 0.301 0.27 0.263 0.26 0.247 0.28 0.277 0.225 0.265 0.323 0.318 0.201 0.218 0.269 0.245 0.292 0.386 0.387 0.327 0.298 0.336 0.304 0.331 0.367 0.325 0.365 0.374 0.347 0.368 0.364 0.364 0.414 0.385 0.349 0.213 0.198 0.276 0.248 0.225 0.193 0.365 0.428 0.443 0.195 0.235 0.284 0.29 0.295 0.408 0.431 0.378 0.346 0.398 0.393 0.393 0.421 0.447 0.405 0.377 0.389 0.409 0.398 0.424 0.463 0.374 0.338 0.308 0.306 0.379 0.394 0.444 0.406 0.394
0.197 0.213 0.235 0.186 0.227 0.134 0.199 0.214 0.244 0.202 0.248 0.193 0.241 0.187 0.278 0.263 0.259 0.275 0.185 0.199 0.263 0.351 0.323 0.31 0.307 0.379 0.354 0.353 0.376 0.377 0.332 0.358 0.382 0.385 0.375 0.373 0.395 0.406 0.307 0.296 0.261 0.25 0.248 0.258 0.381 0.381 0.431 0.374 0.341 0.415 0.355 0.275 0.376 0.413 0.366 0.328 0.338 0.392 0.375 0.455 0.45 0.434 0.414 0.401 0.419 0.357 0.367 0.436 0.413 0.364 0.333 0.355 0.315 0.387 0.468 0.477 0.477
0.283 0.289 0.297 0.294 0.301 0.309 0.3 0.297 0.295 0.249 0.129 0.057 0.14 0.124 0.195 0.183 0.207 0.243 0.212 0.271 0.238 0.273 0.384 0.36 0.356 0.339 0.27 0.322 0.373 0.349 0.362 0.352 0.358 0.376 0.363 0.322 0.39 0.398 0.398 0.422 0.403 0.442 0.364 0.312 0.281 0.29 0.289 0.273 0.365 0.435 0.478 0.406 0.423 0.392 0.382 0.44 0.412 0.404 0.407 0.438 0.462 0.457 0.396 0.425 0.433 0.451 0.408 0.396 0.418 0.465 0.436 0.44 0.417 0.442 0.36 0.405 0.456
0.246 0.236 0.257 0.306 0.253 0.243 0.269 0.326 0.33 0.14 0.097 0.158 0.211 0.229 0.228 0.245 0.266 0.232 0.18 0.275 0.271 0.306 0.29 0.355 0.373 0.365 0.338 0.284 0.31 0.352 0.349 0.312 0.352 0.357 0.392 0.322 0.423 0.397 0.429 0.451 0.416 0.42 0.43 0.315 0.423 0.365 0.289 0.249 0.341 0.246 0.328 0.452 0.466 0.442 0.428 0.423 0.445 0.442 0.464 0.468 0.43 0.448 0.433 0.442 0.43 0.448 0.439 0.438 0.43 0.467 0.463 0.459 0.444 0.451 0.389 0.381 0.449
0.231 0.21 0.242 0.264 0.319 0.324 0.285 0.23 0.268 0.235 0.271 0.235 0.287 0.215 0.213 0.165 0.215 0.235 0.158 0.183 0.178 0.26 0.277 0.252 0.273 0.395 0.367 0.346 0.271 0.342 0.342 0.349 0.281 0.374 0.341 0.384 0.385 0.423 0.427 0.464 0.416 0.397 0.44 0.344 0.441 0.374 0.331 0.349 0.278 0.324 0.51 0.457 0.499 0.365 0.389 0.37 0.405 0.455 0.448 0.419 0.386 0.288 0.418 0.413 0.435 0.431 0.441 0.455 0.45 0.451 0.459 0.454 0.463 0.455 0.466 0.41 0.305
0.291 0.328 0.326 0.308 0.326 0.332 0.321 0.291 0.295 0.223 0.277 0.247 0.283 0.163 0.152 0.145 0.158 0.235 0.141 0.237 0.29 0.242 0.255 0.207 0.205 0.37 0.347 0.358 0.394 0.383 0.334 0.348 0.335 0.271 0.346 0.419 0.411 0.435 0.421 0.453 0.482 0.447 0.433 0.444 0.44 0.394 0.368 0.432 0.378 0.285 0.315 0.37 0.519 0.47 0.455 0.488 0.372 0.319 0.466 0.297 0.313 0.345 0.451 0.421 0.38 0.483 0.42 0.465 0.461 0.46 0.479 0.479 0.467 0.486 0.476 0.486 0.365
0.248 0.278 0.326 0.305 0.339 0.318 0.334 0.334 0.314 0.277 0.273 0.281 0.181 0.21 0.259 0.237 0.192 0.251 0.252 0.142 0.266 0.249 0.172 0.155 0.203 0.31 0.31 0.369 0.405 0.377 0.32 0.367 0.371 0.363 0.4 0.408 0.43 0.412 0.398 0.502 0.487 0.452 0.436 0.433 0.431 0.423 0.404 0.402 0.339 0.403 0.37 0.295 0.364 0.486 0.289 0.396 0.443 0.21 0.145 0.416 0.423 0.411 0.443 0.427 0.428 0.486 0.465 0.419 0.469 0.469 0.468 0.467 0.478 0.469 0.493 0.495 0.447
0.346 0.325 0.228 0.255 0.307 0.285 0.273 0.294 0.362 0.336 0.373 0.36 0.322 0.385 0.218 0.06 0.061 0.229 0.047 0.138 0.112 0.134 0.228 0.215 0.296 0.248 0.284 0.236 0.289 0.4 0.392 0.448 0.38 0.401 0.429 0.4 0.423 0.424 0.393 0.444 0.342 0.38 0.441 0.33 0.411 0.43 0.416 0.418 0.398 0.409 0.432 0.414 0.381 0.428 0.406 0.423 0.423 0.372 0.38 0.384 0.371 0.464 0.495 0.433 0.412 0.448 0.412 0.435 0.368 0.408 0.453 0.421 0.482 0.462 0.491 0.502 0.501
0.242 0.193 0.16 0.162 0.282 0.309 0.321 0.311 0.331 0.313 0.359 0.354 0.332 0.309 0.249 0.076 -0.015 0.007 0.128 0.303 0.279 0.219 0.181 0.328 0.144 0.116 0.17 0.174 0.188 0.24 0.343 0.408 0.381 0.377 0.419 0.405 0.432 0.419 0.438 0.477 0.42 0.338 0.356 0.291 0.374 0.435 0.422 0.437 0.427 0.417 0.421 0.392 0.4 0.436 0.408 0.423 0.395 0.401 0.285 0.071 0.219 0.291 0.315 0.402 0.476 0.439 0.45 0.408 0.316 0.402 0.451 0.428 0.398 0.511 0.483 0.524 0.54
0.215 0.206 0.109 0.124 0.261 0.222 0.304 0.339 0.354 0.265 0.228 0.302 0.391 0.348 0.321 0.34 0.303 0.275 0.212 0.362 0.245 0.097 0.182 0.104 0.113 0.189 0.19 0.134 0.125 0.215 0.213 0.324 0.358 0.409 0.441 0.494 0.407 0.444 0.426 0.464 0.491 0.382 0.387 0.471 0.295 0.354 0.406 0.437 0.403 0.404 0.409 0.409 0.406 0.413 0.432 0.455 0.459 0.458 0.461 0.411 0.286 0.295 0.309 0.286 0.287 0.407 0.39 0.393 0.424 0.4 0.405 0.401 0.386 0.502 0.484 0.511 0.528
0.295 0.249 0.202 0.158 0.169 0.256 0.29 0.184 0.261 0.318 0.316 0.179 0.361 0.41 0.347 0.355 0.367 0.392 0.232 0.359 0.313 0.269 0.373 0.319 0.271 0.284 0.308 0.319 0.237 0.204 0.241 0.208 0.348 0.375 0.421 0.391 0.498 0.509 0.45 0.48 0.528 0.459 0.309 0.411 0.413 0.324 0.35 0.412 0.424 0.391 0.367 0.414 0.374 0.481 0.467 0.434 0.419 0.501 0.436 0.482 0.477 0.387 0.37 0.285 0.19 0.14 0.347 0.357 0.353 0.323 0.443 0.467 0.414 0.431 0.534 0.525 0.508
0.334 0.308 0.302 0.366 0.297 0.363 0.345 0.299 0.211 0.398 0.357 0.271 0.341 0.312 0.38 0.37 0.371 0.322 0.136 0.378 0.355 0.287 0.336 0.281 0.262 0.307 0.27 0.223 0.214 0.22 0.261 0.347 0.306 0.312 0.416 0.369 0.398 0.463 0.51 0.453 0.517 0.467 0.438 0.396 0.421 0.292 0.268 0.37 0.42 0.418 0.384 0.416 0.445 0.45 0.474 0.459 0.467 0.437 0.426 0.511 0.423 0.446 0.414 0.361 0.323 0.426 0.369 0.251 0.219 0.372 0.424 0.434 0.379 0.491 0.478 0.502 0.489
0.247 0.116 0.15 0.199 0.105 0.142 0.163 0.166 0.202 0.205 0.274 0.318 0.379 0.278 0.356 0.36 0.115 0.104 0.106 0.37 0.152 0.132 0.199 0.241 0.276 0.283 0.257 0.302 0.411 0.242 0.347 0.429 0.405 0.411 0.436 0.373 0.297 0.354 0.385 0.386 0.362 0.471 0.432 0.31 0.452 0.381 0.362 0.382 0.401 0.405 0.392 0.387 0.253 0.278 0.495 0.577 0.449 0.422 0.473 0.561 0.491 0.535 0.473 0.457 0.465 0.381 0.378 0.391 0.436 0.284 0.345 0.489 0.459 0.425 0.431 0.503 0.418
0.146 0.156 0.152 0.126 0.052 0.077 0.189 0.242 0.271 0.323 0.329 0.396 0.446 0.447 0.404 0.264 0.161 0.084 0.168 0.329 0.326 0.301 0.236 0.305 0.355 0.266 0.299 0.273 0.257 0.225 0.214 0.288 0.41 0.425 0.435 0.436 0.408 0.314 0.387 0.447 0.432 0.447 0.444 0.387 0.43 0.426 0.374 0.366 0.393 0.4 0.42 0.424 0.39 0.344 0.473 0.534 0.492 0.462 0.505 0.488 0.538 0.519 0.431 0.443 0.489 0.489 0.391 0.347 0.361 0.398 0.511 0.469 0.425 0.427 0.401 0.436 0.462
0.319 0.3 0.177 0.089 0.166 0.194 0.17 0.262 0.238 0.371 0.344 0.401 0.423 0.354 0.44 0.486 0.31 0.274 0.25 0.421 0.444 0.454 0.367 0.394 0.237 0.191 0.208 0.342 0.334 0.344 0.391 0.379 0.268 0.276 0.446 0.439 0.438 0.37 0.498 0.421 0.432 0.451 0.466 0.432 0.345 0.388 0.327 0.319 0.406 0.403 0.395 0.384 0.391 0.427 0.559 0.613 0.505 0.542 0.587 0.446 0.463 0.447 0.401 0.489 0.466 0.411 0.417 0.341 0.307 0.32 0.383 0.491 0.52 0.471 0.404 0.394 0.559
0.32 0.284 0.158 0.082 0.133 0.207 0.135 0.126 0.248 0.271 0.354 0.267 0.354 0.2 0.374 0.495 0.4 0.425 0.47 0.508 0.458 0.45 0.466 0.485 0.166 0.124 0.329 0.329 0.256 0.232 0.215 0.33 0.417 0.31 0.36 0.467 0.461 0.47 0.455 0.535 0.512 0.37 0.401 0.368 0.292 0.322 0.317 0.322 0.311 0.398 0.397 0.386 0.335 0.412 0.412 0.42 0.508 0.452 0.605 0.629 0.519 0.476 0.405 0.489 0.429 0.488 0.411 0.339 0.248 0.365 0.404 0.359 0.522 0.522 0.432 0.42 0.521
0.227 0.146 0.149 0.119 0.198 0.201 0.217 0.232 0.169 0.154 0.158 0.238 0.281 0.192 0.367 0.333 0.435 0.44 0.384 0.456 0.405 0.42 0.414 0.435 0.185 0.171 0.238 0.381 0.265 0.317 0.249 0.222 0.318 0.295 0.271 0.293 0.384 0.314 0.367 0.373 0.465 0.459 0.36 0.352 0.374 0.383 0.365 0.307 0.315 0.414 0.436 0.369 0.38 0.409 0.595 0.594 0.611 0.616 0.608 0.553 0.539 0.563 0.455 0.392 0.472 0.504 0.458 0.37 0.235 0.312 0.475 0.497 0.485 0.561 0.443 0.431 0.468
0.097 0.213 0.285 0.305 0.076 0.036 0.062 0.041 0.044 0.041 0.046 0.056 0.084 0.079 0.273 0.285 0.295 0.301 0.19 0.282 0.261 0.312 0.375 0.425 0.433 0.408 0.396 0.389 0.354 0.345 0.411 0.334 0.343 0.384 0.275 0.2 0.211 0.269 0.178 0.314 0.406 0.355 0.468 0.414 0.362 0.358 0.393 0.363 0.417 0.41 0.424 0.397 0.284 0.369 0.432 0.358 0.568 0.653 0.553 0.51 0.455 0.391 0.486 0.362 0.458 0.486 0.457 0.455 0.433 0.459 0.48 0.473 0.587 0.563 0.501 0.525 0.476
0.234 0.304 0.324 0.345 0.13 0.125 0.031 0.179 0.131 0.033 0.173 0.172 0.192 0.123 0.054 0.051 0.108 0.135 0.274 0.296 0.292 0.282 0.306 0.378 0.386 0.369 0.34 0.388 0.391 0.291 0.301 0.345 0.321 0.353 0.219 0.252 0.297 0.285 0.272 0.219 0.413 0.347 0.368 0.398 0.342 0.36 0.391 0.367 0.388 0.385 0.417 0.345 0.293 0.303 0.404 0.439 0.431 0.343 0.604 0.634 0.494 0.349 0.357 0.401 0.406 0.468 0.463 0.43 0.435 0.551 0.51 0.416 0.342 0.378 0.418 0.533 0.517
0.205 0.224 0.209 0.25 0.084 0.074 0.076 0.07 0.192 0.199 0.201 0.244 0.302 0.22 0.058 0.04 0.139 0.136 0.1 0.079 0.015 0.104 0.156 0.171 0.311 0.369 0.38 0.358 0.32 0.319 0.304 0.257 0.286 0.394 0.267 0.342 0.354 0.319 0.317 0.287 0.303 0.352 0.402 0.331 0.271 0.315 0.358 0.338 0.281 0.355 0.357 0.361 0.372 0.323 0.414 0.309 0.397 0.337 0.477 0.503 0.648 0.494 0.346 0.312 0.345 0.388 0.413 0.419 0.338 0.527 0.49 0.507 0.413 0.421 0.401 0.416 0.469
0.177 0.261 0.334 0.304 0.24 0.245 0.303 0.192 0.005 0.055 0.198 0.334 0.013 -0.03 0 -0.035 -0.049 -0.052 -0.045 -0.024 -0.048 -0.03 0.011 0.1 0.089 0.113 0.257 0.355 0.417 0.272 0.304 0.31 0.104 0.275 0.295 0.286 0.271 0.234 0.282 0.294 0.294 0.215 0.366 0.444 0.256 0.336 0.285 0.302 0.319 0.356 0.396 0.377 0.387 0.408 0.41 0.368 0.343 0.346 0.444 0.443 0.543 0.656 0.499 0.231 0.428 0.283 0.3 0.376 0.241 0.423 0.525 0.552 0.559 0.554 0.401 0.452 0.463
0.205 0.138 0.086 0.2 0.199 0.15 0.032 0.167 0.329 0.21 0.436 0.103 0.046 0.082 -0.036 -0.024 -0.03 0.046 0.099 -0.029 0.049 0.068 0.104 0.056 0.116 0.122 0.088 0.221 0.109 0.175 0.254 0.3 0.241 0.258 0.238 0.28 0.248 0.172 0.204 0.299 0.27 0.221 0.128 0.146 0.302 0.326 0.336 0.314 0.285 0.323 0.344 0.376 0.422 0.395 0.425 0.413 0.363 0.392 0.495 0.352 0.256 0.49 0.439 0.199 0.154 0.248 0.3 0.412 0.294 0.481 0.608 0.536 0.578 0.615 0.551 0.618 0.587
0.038 0.148 0.2 0.22 0.16 0.263 0.251 0.062 0.157 0.013 0.213 0.515 0.418 0.598 0.463 0.445 0.267 0.297 0.643 0.314 -0.022 0.027 0.17 0.395 0.15 0.001 0.184 0.078 0.022 0.155 0.165 0.243 0.241 0.301 0.301 0.198 0.281 0.213 0.108 0.121 0.131 0.272 0.236 0.278 0.293 0.392 0.342 0.33 0.362 0.405 0.418 0.392 0.407 0.419 0.379 0.41 0.419 0.525 0.542 0.492 0.253 0.491 0.661 0.607 0.084 0.14 0.348 0.445 0.415 0.498 0.457 0.381 0.643 0.434 0.698 0.631 0.669
0.179 0.216 0.141 0.337 -0.038 -0.018 -0.025 0.058 0.014 0.079 0.259 0.319 0.345 0.254 0.548 0.651 0.639 0.679 0.578 0.091 0.014 0.064 0.45 0.511 0.025 -0.008 0.217 0.308 0.014 0.116 0.176 0.222 0.143 0.286 0.236 0.221 0.248 0.164 0.181 0.191 0.278 0.285 0.243 0.269 0.267 0.336 0.244 0.368 0.362 0.421 0.416 0.401 0.43 0.434 0.401 0.42 0.468 0.604 0.623 0.459 0.305 0.605 0.651 0.534 0.352 0.332 0.387 0.424 0.321 0.369 0.368 0.382 0.565 0.431 0.573 0.664 0.676
0.458 0.331 0.246 0.405 0.148 0.336 0.174 0.134 0.293 0.281 0.037 0.056 0.26 0.236 0.154 0.071 0.289 0.482 0.492 0.538 0.513 0.351 0.264 0.558 0.134 0.016 0.336 0.383 0.172 0.114 0.131 0.107 0.141 0.175 0.216 0.184 0.213 0.198 0.287 0.242 0.235 0.243 0.275 0.274 0.256 0.226 0.216 0.291 0.331 0.401 0.419 0.398 0.407 0.411 0.416 0.417 0.415 0.419 0.599 0.488 0.508 0.596 0.637 0.592 0.254 0.231 0.367 0.434 0.401 0.407 0.427 0.428 0.45 0.444 0.511 0.642 0.678
0.537 0.223 0.319 0.539 0.399 0.482 0.293 0.287 0.365 0.394 0.267 0.042 0.1 0.329 0.299 0.274 0.239 0.157 0.316 0.684 0.683 0.335 0.21 0.436 0.522 0.615 0.537 0.313 0.119 0.278 0.045 0.024 0.131 0.308 0.118 0.2 0.123 0.123 0.162 0.309 0.288 0.203 0.292 0.264 0.297 0.203 0.177 0.155 0.304 0.411 0.407 0.387 0.382 0.405 0.426 0.393 0.422 0.435 0.647 0.559 0.63 0.554 0.488 0.336 0.147 0.212 0.36 0.435 0.452 0.422 0.483 0.416 0.403 0.416 0.441 0.46 0.564
0.508 0.236 0.183 0.233 0.504 0.604 0.471 0.463 0.585 0.56 0.339 0.285 0.209 0.254 0.55 0.503 0.605 0.406 0.357 0.721 0.657 0.676 0.528 0.212 0.582 0.624 0.523 0.291 0.213 0.453 0.288 0.162 0.1 0.169 0.087 0.082 0.153 0.228 0.253 0.243 0.257 0.251 0.223 0.211 0.321 0.261 0.278 0.263 0.325 0.361 0.412 0.413 0.376 0.389 0.442 0.537 0.523 0.513 0.514 0.566 0.547 0.525 0.185 0.325 0.238 0.274 0.267 0.312 0.366 0.389 0.45 0.415 0.416 0.431 0.441 0.522 0.609
0.317 0.517 0.524 0.588 0.517 0.607 0.585 0.379 0.356 0.338 0.437 0.362 0.396 0.385 0.271 0.311 0.467 0.604 0.189 0.548 0.781 0.756 0.658 0.325 0.683 0.547 0.622 0.569 0.13 0.19 0.482 0.106 0.082 0.027 0.069 0.053 0.164 0.054 0.016 0.058 0.212 0.205 0.405 0.278 0.311 0.346 0.358 0.29 0.215 0.367 0.311 0.43 0.501 0.458 0.37 0.366 0.601 0.439 0.332 0.526 0.579 0.421 0.239 0.241 0.139 0.146 0.212 0.485 0.458 0.291 0.259 0.262 0.458 0.496 0.491 0.444 0.454
0.11 0.138 0.535 0.315 0.41 0.575 0.547 0.624 0.57 0.573 0.524 0.521 0.592 0.279 0.314 0.351 0.598 0.441 0.219 0.45 0.69 0.74 0.764 0.485 0.329 0.225 0.253 0.575 0.631 0.383 0.52 0.264 0.111 0.013 0.05 0.124 0.221 0.119 0.029 0.108 0.156 0.108 0.259 0.458 0.337 0.368 0.358 0.323 0.309 0.257 0.406 0.41 0.472 0.596 0.426 0.486 0.598 0.584 0.415 0.56 0.46 0.272 0.24 0.247 0.303 0.27 0.451 0.422 0.448 0.226 0.271 0.368 0.468 0.486 0.483 0.492 0.429
0.326 0.307 0.433 0.408 0.212 0.392 0.345 0.284 0.531 0.584 0.51 0.493 0.563 0.567 0.392 0.387 0.575 0.519 0.579 0.282 0.31 0.449 0.732 0.832 0.479 0.556 0.145 0.33 0.323 0.42 0.363 0.429 0.237 0.252 -0.021 0.019 0.162 0.116 0.109 0.004 0.044 0.029 0.2 0.381 0.29 0.295 0.313 0.343 0.358 0.188 0.317 0.326 0.375 0.471 0.442 0.41 0.514 0.566 0.64 0.555 0.354 0.269 0.421 0.343 0.356 0.378 0.384 0.532 0.5 0.307 0.38 0.397 0.469 0.403 0.465 0.473 0.549
0.261 0.083 0.255 0.135 0.219 0.41 0.212 0.46 0.244 0.4 0.338 0.385 0.514 0.396 0.401 0.369 0.477 0.479 0.642 0.129 0.039 0.273 0.756 0.805 0.542 0.256 0.253 0.09 -0.004 0.041 0.054 0.327 0.455 0.376 0.102 -0.018 0.167 0.081 0.01 0.047 0.019 0.012 0.183 0.283 0.275 0.19 0.249 0.285 0.368 0.208 0.296 0.266 0.355 0.32 0.428 0.358 0.394 0.378 0.446 0.545 0.701 0.488 0.526 0.624 0.275 0.269 0.342 0.639 0.548 0.305 0.294 0.318 0.307 0.393 0.466 0.447 0.472
0.188 0.157 0.203 0.245 0.2 0.274 0.241 0.356 0.236 0.27 0.287 0.359 0.443 0.558 0.658 0.578 0.611 0.543 0.57 0.197 0.378 0.474 0.68 0.887 0.753 0.548 0.429 0.453 0.385 0.077 0.023 0.059 0.207 0.204 0.168 0.063 0.062 0.212 -0.013 0.028 0.01 0.093 0.14 0.073 0.229 0.317 0.274 0.225 0.299 0.174 0.202 0.407 0.452 0.433 0.487 0.453 0.389 0.404 0.396 0.496 0.68 0.311 0.484 0.557 0.408 0.334 0.443 0.646 0.631 0.339 0.354 0.345 0.292 0.353 0.446 0.53 0.526
