data/china_ndvi_max_1994.asc
ncols         710
nrows         510
xllcorner     70
yllcorner     10
cellsize      0.1
NODATA_value  -9999
[rows 204 to 237 of 510, columns 385 to 461 of 710]
0.081 0.134 0.177 0.212 0.226 0.179 0.217 0.24 0.23 0.24 0.229 0.22 0.232 0.236 0.216 0.213 0.234 0.199 0.285 0.284 0.326 0.305 0.329 0.294 0.27 0.308 0.306 0.322 0.34 0.309 0.291 0.267 0.266 0.253 0.264 0.243 0.25 0.345 0.35 0.307 0.289 -0.3 0.237 0.264 0.255 0.253 0.261 0.244 0.248 0.262 0.253 0.309 0.282 0.401 0.293 0.329 0.271 0.288 0.293 0.274 0.279 0.247 0.279 0.306 0.249 0.264 0.258 0.256 0.222 0.274 0.48 0.428 0.478 0.541 0.513 0.405 0.366
0.122 0.134 0.12 0.118 0.106 0.099 0.098 0.093 0.096 0.132 0.191 0.179 0.164 0.206 0.186 0.27 0.285 0.264 0.323 0.351 0.297 0.289 0.31 0.312 0.338 0.286 0.273 0.222 0.252 0.196 0.238 0.274 0.232 0.24 0.218 0.365 0.333 0.283 0.28 0.261 0.268 0.292 0.252 0.26 0.267 0.226 0.214 0.227 0.255 0.262 0.216 0.237 0.268 0.34 0.325 0.342 0.24 0.303 0.349 0.353 0.413 0.291 0.285 0.302 0.3 0.286 0.33 0.351 0.385 0.374 0.28 0.259 0.284 0.263 0.301 0.502 0.51
0.103 0.103 0.106 0.138 0.134 0.129 0.13 0.141 0.149 0.138 0.108 0.139 0.123 0.121 0.133 0.207 0.227 0.201 0.235 0.253 0.246 0.235 0.273 0.252 0.247 0.284 0.261 0.268 0.269 0.28 0.249 0.229 0.219 0.236 0.229 0.312 0.261 0.256 0.27 0.266 0.283 0.278 0.275 0.299 0.263 0.231 0.228 0.223 0.25 0.201 0.3 0.291 0.272 0.279 0.275 0.258 0.252 0.213 0.276 0.276 0.296 0.283 0.24 0.266 0.295 0.31 0.296 0.326 0.314 0.306 0.306 0.243 0.259 0.269 0.331 0.508 0.52
0.12 0.134 0.136 0.136 0.128 0.143 0.155 0.156 0.144 0.16 0.153 0.144 0.14 0.12 0.119 0.171 0.164 0.2 0.191 0.158 0.183 0.204 0.204 0.184 0.186 0.174 0.159 0.199 0.231 0.245 0.215 0.202 0.238 0.25 0.257 0.229 0.242 0.249 0.249 0.301 0.278 0.312 0.322 0.265 0.238 0.246 0.235 0.259 0.231 0.19 0.266 0.254 0.285 0.24 0.207 0.214 0.197 0.217 0.286 0.313 0.242 0.255 0.23 0.26 0.269 0.406 0.405 0.306 0.293 0.291 0.249 0.34 0.36 0.462 0.48 0.38 0.3
0.131 0.141 0.145 0.15 0.125 0.14 0.13 0.125 0.132 0.127 0.153 0.179 0.172 0.149 0.153 0.186 0.185 0.195 0.215 0.217 0.172 0.161 0.12 0.148 0.153 0.192 0.153 0.138 0.178 0.201 0.212 0.223 0.243 0.231 0.23 0.247 0.274 0.305 0.269 0.291 0.29 0.351 0.265 0.259 0.27 0.217 0.198 0.226 0.165 0.207 0.245 0.23 0.258 0.249 0.214 0.255 0.248 0.217 0.195 0.233 0.208 0.238 0.225 0.259 0.244 0.302 0.301 0.347 0.295 0.321 0.461 0.443 0.401 0.495 0.472 0.479 0.356
0.13 0.127 0.129 0.129 0.13 0.147 0.143 0.132 0.144 0.142 0.155 0.158 0.154 0.152 0.161 0.177 0.154 0.193 0.221 0.194 0.207 0.182 0.18 0.209 0.187 0.19 0.188 0.204 0.183 0.172 0.234 0.237 0.238 0.25 0.245 0.26 0.278 0.263 0.27 0.282 0.258 0.257 0.245 0.303 0.289 0.23 0.199 0.213 0.206 0.235 0.238 0.223 0.238 0.223 0.208 0.258 0.287 0.218 0.222 0.239 0.215 0.222 0.223 0.237 0.242 0.312 0.37 0.463 0.467 0.482 0.524 0.553 0.482 0.404 0.387 0.486 0.372
0.171 0.169 0.171 0.163 0.167 0.162 0.184 0.181 0.191 0.208 0.213 0.202 0.215 0.21 0.192 0.177 0.179 0.187 0.195 0.185 0.187 0.183 0.18 0.19 0.186 0.235 0.22 0.21 0.221 0.222 0.231 0.232 0.255 0.243 0.279 0.265 0.249 0.229 0.234 0.24 0.248 0.255 0.28 0.232 0.309 0.252 0.268 0.235 0.218 0.241 0.246 0.243 0.271 0.423 0.425 0.298 0.252 0.272 0.264 0.229 0.278 0.364 0.298 0.266 0.334 0.501 0.54 0.563 0.386 0.474 0.505 0.568 0.481 0.517 0.485 0.433 0.33
0.167 0.178 0.188 0.173 0.181 0.156 0.177 0.168 0.203 0.197 0.208 0.214 0.215 0.199 0.195 0.201 0.219 0.201 0.202 0.193 0.182 0.197 0.194 0.203 0.199 0.221 0.226 0.223 0.209 0.192 0.253 0.248 0.238 0.236 0.274 0.259 0.263 0.252 0.228 0.23 0.242 0.265 0.259 0.245 0.255 0.254 0.222 0.237 0.253 0.252 0.258 0.266 0.255 0.264 0.341 0.266 0.294 0.278 0.272 0.319 0.286 0.257 0.314 0.397 0.456 0.492 0.547 0.478 0.454 0.497 0.532 0.535 0.538 0.474 0.469 0.338 0.315
0.167 0.183 0.177 0.169 0.161 0.211 0.192 0.184 0.223 0.23 0.216 0.21 0.199 0.206 0.229 0.203 0.225 0.198 0.186 0.175 0.199 0.197 0.191 0.196 0.193 0.192 0.209 0.218 0.227 0.199 0.241 0.235 0.251 0.254 0.279 0.269 0.276 0.261 0.252 0.253 0.231 0.23 0.234 0.221 0.249 0.276 0.241 0.27 0.237 0.216 0.271 0.283 0.277 0.362 0.337 0.351 0.296 0.337 0.337 0.333 0.366 0.413 0.46 0.417 0.44 0.493 0.454 0.451 0.41 0.394 0.492 0.504 0.479 0.524 0.464 0.308 0.314
0.168 0.18 0.203 0.211 0.198 0.189 0.202 0.207 0.223 0.212 0.231 0.209 0.193 0.215 0.201 0.206 0.233 0.225 0.202 0.184 0.207 0.244 0.219 0.182 0.197 0.195 0.212 0.231 0.248 0.217 0.232 0.231 0.242 0.29 0.32 0.301 0.258 0.263 0.252 0.238 0.235 0.279 0.269 0.231 0.256 0.227 0.269 0.274 0.269 0.249 0.355 0.281 0.293 0.301 0.336 0.302 0.317 0.368 0.332 0.282 0.413 0.459 0.468 0.431 0.465 0.521 0.525 0.435 0.413 0.508 0.455 0.438 0.384 0.392 0.339 0.39 0.405
0.172 0.178 0.186 0.198 0.213 0.219 0.225 0.223 0.225 0.221 0.252 0.22 0.229 0.242 0.212 0.16 0.195 0.227 0.218 0.217 0.209 0.22 0.219 0.213 0.199 0.199 0.203 0.215 0.218 0.224 0.242 0.242 0.243 0.229 0.291 0.253 0.223 0.261 0.236 0.249 0.25 0.27 0.253 0.224 0.247 0.265 0.241 0.254 0.302 0.29 0.345 0.374 0.388 0.317 0.299 0.346 0.325 0.364 0.317 0.265 0.466 0.494 0.507 0.417 0.35 0.499 0.504 0.489 0.412 0.473 0.419 0.385 0.377 0.336 0.354 0.402 0.402
0.157 0.165 0.175 0.165 0.179 0.218 0.188 0.221 0.182 0.202 0.232 0.217 0.243 0.272 0.238 0.226 0.191 0.201 0.241 0.231 0.21 0.212 0.226 0.217 0.205 0.188 0.189 0.227 0.239 0.228 0.259 0.282 0.275 0.278 0.279 0.303 0.318 0.35 0.294 0.277 0.262 0.249 0.235 0.254 0.255 0.305 0.297 0.276 0.314 0.353 0.307 0.246 0.221 0.257 0.317 0.279 0.297 0.351 0.362 0.407 0.384 0.352 0.287 0.381 0.371 0.476 0.487 0.444 0.429 0.394 0.387 0.49 0.439 0.471 0.492 0.473 0.41
0.165 0.155 0.143 0.16 0.18 0.15 0.17 0.213 0.167 0.216 0.217 0.253 0.231 0.252 0.258 0.235 0.223 0.195 0.221 0.225 0.226 0.231 0.227 0.219 0.22 0.197 0.178 0.216 0.245 0.236 0.248 0.247 0.274 0.255 0.258 0.315 0.27 0.306 0.262 0.277 0.312 0.29 0.271 0.264 0.261 0.391 0.331 0.327 0.313 0.329 0.232 0.224 0.227 0.273 0.248 0.367 0.36 0.408 0.412 0.394 0.403 0.418 0.353 0.379 0.416 0.414 0.395 0.371 0.398 0.359 0.48 0.5 0.474 0.429 0.392 0.455 0.427
0.147 0.123 0.139 0.139 0.137 0.152 0.163 0.163 0.2 0.211 0.222 0.22 0.23 0.248 0.253 0.219 0.243 0.239 0.199 0.217 0.219 0.235 0.238 0.223 0.224 0.216 0.21 0.196 0.232 0.255 0.286 0.26 0.26 0.274 0.27 0.306 0.277 0.323 0.268 0.276 0.298 0.26 0.245 0.246 0.328 0.299 0.263 0.272 0.268 0.245 0.294 0.277 0.317 0.338 0.321 0.342 0.355 0.34 0.336 0.365 0.373 0.398 0.457 0.391 0.403 0.379 0.46 0.494 0.369 0.365 0.502 0.427 0.465 0.418 0.467 0.384 0.402
0.126 0.121 0.119 0.128 0.189 0.167 0.155 0.152 0.191 0.151 0.217 0.205 0.234 0.236 0.243 0.261 0.196 0.214 0.246 0.194 0.215 0.227 0.228 0.222 0.215 0.221 0.23 0.212 0.244 0.243 0.287 0.292 0.287 0.286 0.297 0.275 0.261 0.261 0.249 0.241 0.264 0.354 0.42 0.397 0.277 0.321 0.303 0.308 0.29 0.346 0.444 0.35 0.43 0.421 0.362 0.382 0.326 0.354 0.383 0.373 0.322 0.401 0.356 0.354 0.426 0.49 0.443 0.425 0.352 0.313 0.535 0.504 0.463 0.464 0.384 0.389 0.39
0.143 0.133 0.137 0.134 0.135 0.154 0.159 0.163 0.161 0.181 0.2 0.21 0.206 0.235 0.2 0.222 0.206 0.197 0.213 0.211 0.236 0.243 0.241 0.229 0.219 0.2 0.19 0.216 0.259 0.269 0.265 0.295 0.298 0.277 0.25 0.262 0.296 0.314 0.244 0.263 0.341 0.38 0.401 0.267 0.29 0.358 0.388 0.384 0.333 0.392 0.446 0.459 0.479 0.466 0.484 0.392 0.376 0.39 0.363 0.409 0.425 0.397 0.35 0.38 0.408 0.398 0.385 0.394 0.349 0.338 0.51 0.455 0.422 0.474 0.414 0.393 0.392
0.133 0.15 0.149 0.14 0.122 0.135 0.15 0.171 0.155 0.179 0.209 0.177 0.151 0.147 0.15 0.173 0.194 0.201 0.225 0.205 0.241 0.249 0.257 0.248 0.238 0.208 0.201 0.228 0.262 0.29 0.348 0.299 0.282 0.277 0.333 0.499 0.481 0.329 0.364 0.306 0.469 0.362 0.314 0.301 0.255 0.393 0.384 0.411 0.416 0.376 0.482 0.491 0.457 0.491 0.485 0.405 0.395 0.392 0.346 0.315 0.293 0.304 0.336 0.333 0.404 0.397 0.39 0.405 0.41 0.416 0.308 0.472 0.487 0.44 0.472 0.399 0.37
0.16 0.122 0.151 0.173 0.172 0.18 0.2 0.176 0.138 0.136 0.194 0.202 0.184 0.178 0.168 0.152 0.178 0.19 0.189 0.219 0.213 0.239 0.249 0.244 0.227 0.208 0.208 0.265 0.292 0.332 0.33 0.266 0.264 0.315 0.444 0.453 0.317 0.326 0.314 0.332 0.404 0.321 0.338 0.307 0.309 0.305 0.346 0.341 0.393 0.323 0.477 0.46 0.447 0.471 0.504 0.455 0.424 0.35 0.359 0.331 0.322 0.341 0.297 0.331 0.322 0.46 0.453 0.465 0.459 0.451 0.355 0.436 0.432 0.393 0.405 0.403 0.411
0.169 0.175 0.153 0.158 0.165 0.174 0.194 0.193 0.192 0.204 0.193 0.162 0.163 0.201 0.197 0.167 0.188 0.177 0.207 0.213 0.201 0.213 0.228 0.244 0.224 0.217 0.223 0.241 0.283 0.296 0.279 0.285 0.32 0.414 0.474 0.345 0.322 0.322 0.336 0.377 0.361 0.3 0.284 0.291 0.263 0.266 0.265 0.307 0.299 0.355 0.387 0.459 0.501 0.506 0.533 0.41 0.437 0.391 0.361 0.327 0.337 0.347 0.335 0.356 0.437 0.522 0.506 0.51 0.503 0.432 0.395 0.416 0.418 0.382 0.395 0.376 0.313
0.155 0.155 0.17 0.189 0.203 0.142 0.151 0.199 0.218 0.195 0.151 0.145 0.163 0.173 0.155 0.235 0.151 0.17 0.197 0.191 0.201 0.205 0.201 0.232 0.213 0.206 0.174 0.252 0.322 0.307 0.338 0.391 0.307 0.424 0.456 0.299 0.267 0.344 0.355 0.363 0.358 0.385 0.324 0.269 0.266 0.315 0.255 0.288 0.348 0.322 0.454 0.47 0.497 0.491 0.525 0.441 0.414 0.385 0.357 0.319 0.348 0.366 0.376 0.374 0.331 0.518 0.508 0.526 0.489 0.398 0.434 0.413 0.38 0.381 0.372 0.384 0.382
0.142 0.143 0.162 0.195 0.176 0.189 0.171 0.152 0.228 0.226 0.175 0.153 0.185 0.205 0.194 0.171 0.152 0.169 0.209 0.207 0.222 0.21 0.219 0.212 0.201 0.202 0.203 0.243 0.356 0.329 0.379 0.373 0.348 0.366 0.383 0.277 0.257 0.327 0.332 0.377 0.327 0.323 0.276 0.306 0.295 0.258 0.264 0.348 0.323 0.351 0.488 0.452 0.394 0.45 0.475 0.439 0.431 0.389 0.35 0.357 0.4 0.39 0.359 0.483 0.478 0.438 0.462 0.471 0.485 0.439 0.397 0.411 0.363 0.387 0.407 0.403 0.4
0.178 0.182 0.192 0.171 0.194 0.177 0.219 0.188 0.159 0.171 0.175 0.164 0.223 0.234 0.171 0.204 0.215 0.209 0.206 0.207 0.219 0.21 0.192 0.211 0.218 0.22 0.225 0.205 0.266 0.382 0.341 0.267 0.28 0.263 0.251 0.241 0.339 0.334 0.323 0.353 0.278 0.26 0.265 0.332 0.295 0.464 0.484 0.38 0.418 0.345 0.474 0.387 0.366 0.357 0.368 0.355 0.386 0.369 0.374 0.425 0.487 0.5 0.472 0.404 0.428 0.394 0.476 0.484 0.44 0.479 0.433 0.413 0.432 0.442 0.458 0.421 0.385
0.176 0.177 0.18 0.156 0.196 0.148 0.16 0.192 0.195 0.15 0.211 0.169 0.189 0.207 0.191 0.213 0.202 0.214 0.217 0.202 0.211 0.188 0.192 0.2 0.209 0.22 0.175 0.196 0.4 0.437 0.306 0.284 0.276 0.262 0.248 0.269 0.276 0.332 0.377 0.405 0.306 0.263 0.233 0.313 0.339 0.443 0.387 0.384 0.354 0.319 0.38 0.379 0.411 0.415 0.399 0.396 0.398 0.404 0.396 0.365 0.439 0.473 0.462 0.497 0.474 0.534 0.533 0.523 0.527 0.467 0.432 0.443 0.43 0.41 0.428 0.394 0.411
0.18 0.173 0.197 0.214 0.204 0.167 0.152 0.188 0.17 0.221 0.172 0.159 0.155 0.203 0.217 0.224 0.227 0.223 0.229 0.212 0.164 0.188 0.201 0.186 0.284 0.221 0.198 0.271 0.379 0.562 0.295 0.264 0.276 0.255 0.232 0.335 0.289 0.364 0.392 0.464 0.366 0.286 0.278 0.335 0.41 0.329 0.338 0.441 0.448 0.454 0.441 0.457 0.491 0.477 0.475 0.412 0.404 0.373 0.37 0.498 0.472 0.477 0.49 0.528 0.506 0.497 0.48 0.464 0.443 0.446 0.433 0.438 0.421 0.406 0.396 0.387 0.38
0.213 0.202 0.181 0.252 0.219 0.171 0.154 0.193 0.205 0.186 0.149 0.145 0.161 0.211 0.23 0.228 0.217 0.211 0.207 0.206 0.18 0.199 0.192 0.225 0.519 0.226 0.225 0.395 0.467 0.499 0.429 0.332 0.313 0.29 0.2 0.455 0.457 0.38 0.381 0.491 0.311 0.286 0.224 0.324 0.488 0.318 0.318 0.4 0.44 0.326 0.333 0.335 0.396 0.475 0.394 0.379 0.375 0.415 0.31 0.492 0.28 0.394 0.458 0.519 0.523 0.435 0.454 0.44 0.436 0.446 0.429 0.426 0.427 0.412 0.414 0.409 0.42
0.203 0.22 0.185 0.181 0.199 0.19 0.197 0.177 0.214 0.2 0.219 0.187 0.192 0.222 0.24 0.232 0.226 0.239 0.215 0.208 0.188 0.194 0.214 0.199 0.269 0.263 0.245 0.348 0.521 0.359 0.412 0.281 0.337 0.241 0.2 0.34 0.286 0.327 0.454 0.449 0.244 0.25 0.246 0.297 0.325 0.352 0.4 0.336 0.397 0.335 0.297 0.31 0.318 0.377 0.384 0.369 0.334 0.318 0.334 0.371 0.242 0.377 0.404 0.4 0.433 0.415 0.448 0.452 0.453 0.443 0.43 0.426 0.436 0.452 0.446 0.429 0.404
0.177 0.168 0.223 0.207 0.211 0.183 0.203 0.211 0.207 0.205 0.201 0.204 0.187 0.186 0.19 0.254 0.233 0.241 0.23 0.221 0.208 0.178 0.205 0.22 0.249 0.246 0.236 0.266 0.346 0.577 0.538 0.442 0.503 0.354 0.342 0.316 0.238 0.243 0.348 0.389 0.14 0.214 0.308 0.4 0.35 0.321 0.31 0.27 0.291 0.297 0.276 0.265 0.287 0.352 0.363 0.377 0.404 0.403 0.366 0.36 0.497 0.466 0.493 0.541 0.512 0.45 0.464 0.469 0.42 0.488 0.48 0.434 0.433 0.454 0.453 0.403 0.397
0.171 0.197 0.211 0.207 0.203 0.2 0.207 0.211 0.186 0.194 0.201 0.208 0.202 0.211 0.213 0.23 0.253 0.234 0.238 0.252 0.221 0.189 0.174 0.209 0.226 0.22 0.221 0.237 0.433 0.583 0.521 0.56 0.507 0.519 0.44 0.347 0.34 0.307 0.469 0.433 0.239 0.239 0.262 0.251 0.287 0.298 0.297 0.301 0.286 0.338 0.34 0.269 0.289 0.315 0.329 0.368 0.39 0.436 0.37 0.336 0.486 0.506 0.523 0.534 0.526 0.449 0.465 0.441 0.464 0.48 0.465 0.447 0.42 0.428 0.406 0.482 0.399
0.15 0.165 0.201 0.188 0.165 0.168 0.206 0.211 0.201 0.198 0.205 0.213 0.217 0.227 0.223 0.23 0.214 0.234 0.222 0.241 0.234 0.217 0.187 0.21 0.226 0.246 0.239 0.217 0.328 0.449 0.572 0.504 0.501 0.457 0.514 0.41 0.363 0.382 0.328 0.366 0.309 0.309 0.265 0.251 0.244 0.3 0.293 0.286 0.26 0.316 0.409 0.345 0.293 0.345 0.352 0.391 0.513 0.455 0.377 0.378 0.492 0.521 0.534 0.532 0.527 0.491 0.492 0.482 0.459 0.46 0.451 0.433 0.341 0.414 0.401 0.433 0.41
0.266 0.2 0.183 0.227 0.259 0.2 0.168 0.192 0.201 0.193 0.202 0.205 0.227 0.235 0.238 0.221 0.209 0.219 0.224 0.259 0.256 0.233 0.242 0.21 0.222 0.29 0.261 0.276 0.271 0.469 0.554 0.532 0.57 0.476 0.583 0.384 0.326 0.274 0.281 0.248 0.33 0.335 0.321 0.29 0.291 0.306 0.332 0.295 0.306 0.294 0.431 0.364 0.29 0.363 0.333 0.46 0.563 0.418 0.412 0.404 0.481 0.475 0.531 0.512 0.507 0.476 0.49 0.464 0.449 0.438 0.379 0.326 0.425 0.418 0.417 0.437 0.43
0.235 0.258 0.214 0.194 0.191 0.195 0.196 0.206 0.202 0.199 0.201 0.225 0.224 0.223 0.225 0.208 0.22 0.219 0.229 0.236 0.241 0.234 0.228 0.218 0.228 0.3 0.214 0.222 0.268 0.375 0.497 0.52 0.57 0.57 0.543 0.303 0.285 0.292 0.299 0.304 0.298 0.339 0.344 0.33 0.302 0.321 0.383 0.316 0.318 0.337 0.403 0.367 0.345 0.382 0.376 0.522 0.534 0.459 0.39 0.39 0.44 0.484 0.52 0.528 0.549 0.47 0.485 0.465 0.446 0.392 0.367 0.423 0.43 0.42 0.43 0.459 0.448
0.205 0.227 0.206 0.209 0.219 0.225 0.245 0.226 0.231 0.24 0.241 0.25 0.254 0.223 0.222 0.216 0.229 0.242 0.231 0.267 0.257 0.194 0.228 0.249 0.252 0.216 0.229 0.21 0.525 0.578 0.523 0.556 0.394 0.293 0.247 0.365 0.323 0.375 0.302 0.323 0.319 0.299 0.291 0.313 0.39 0.486 0.342 0.426 0.516 0.495 0.375 0.33 0.363 0.464 0.444 0.543 0.528 0.438 0.397 0.344 0.402 0.395 0.355 0.485 0.469 0.435 0.407 0.379 0.377 0.374 0.436 0.416 0.449 0.443 0.441 0.464 0.436
0.203 0.201 0.196 0.203 0.233 0.242 0.242 0.229 0.227 0.228 0.232 0.233 0.248 0.234 0.217 0.232 0.247 0.266 0.243 0.239 0.228 0.217 0.217 0.249 0.255 0.261 0.322 0.439 0.395 0.482 0.409 0.318 0.269 0.262 0.294 0.342 0.359 0.321 0.331 0.335 0.291 0.364 0.379 0.378 0.414 0.401 0.406 0.387 0.484 0.526 0.372 0.424 0.489 0.467 0.399 0.462 0.418 0.447 0.348 0.352 0.469 0.48 0.471 0.49 0.42 0.403 0.424 0.385 0.386 0.39 0.406 0.443 0.43 0.397 0.422 0.417 0.419
0.22 0.219 0.227 0.235 0.229 0.251 0.256 0.241 0.244 0.248 0.236 0.233 0.237 0.255 0.254 0.235 0.239 0.238 0.237 0.23 0.214 0.226 0.241 0.24 0.26 0.291 0.554 0.548 0.521 0.499 0.297 0.281 0.264 0.285 0.295 0.324 0.304 0.26 0.316 0.266 0.333 0.449 0.469 0.405 0.361 0.337 0.428 0.353 0.395 0.381 0.527 0.551 0.469 0.487 0.508 0.426 0.417 0.357 0.363 0.343 0.48 0.506 0.507 0.488 0.422 0.35 0.389 0.393 0.372 0.379 0.411 0.409 0.362 0.423 0.47 0.387 0.415
