data/china_ndvi_max_1995.asc
ncols         710
nrows         510
xllcorner     70
yllcorner     10
cellsize      0.1
NODATA_value  -9999
[rows 306 to 339 of 510, columns 308 to 384 of 710]
0.693 0.67 0.69 0.674 0.519 0.452 0.479 0.502 0.506 0.339 0.486 0.589 0.673 0.752 0.731 0.765 0.716 0.636 0.73 0.745 0.753 0.76 0.734 0.757 0.751 0.683 0.61 0.592 0.604 0.602 0.548 0.533 0.567 0.629 0.613 0.564 0.605 0.591 0.534 0.55 0.568 0.578 0.584 0.565 0.581 0.561 0.586 0.539 0.536 0.525 0.519 0.503 0.55 0.569 0.589 0.585 0.576 0.519 0.515 0.51 0.65 0.609 0.562 0.53 0.567 0.595 0.547 0.603 0.567 0.58 0.587 0.61 0.486 0.483 0.622 0.672 0.717
0.732 0.74 0.689 0.731 0.687 0.661 0.651 0.483 0.474 0.492 0.412 0.619 0.467 0.621 0.68 0.617 0.377 0.703 0.755 0.735 0.732 0.735 0.743 0.717 0.668 0.63 0.656 0.644 0.615 0.579 0.577 0.537 0.605 0.618 0.61 0.594 0.622 0.573 0.533 0.562 0.581 0.577 0.579 0.581 0.581 0.573 0.577 0.538 0.53 0.511 0.483 0.503 0.541 0.575 0.563 0.56 0.542 0.519 0.506 0.586 0.614 0.569 0.52 0.553 0.621 0.545 0.532 0.592 0.602 0.588 0.605 0.628 0.553 0.608 0.694 0.695 0.735
0.742 0.705 0.687 0.722 0.685 0.651 0.579 0.49 0.456 0.5 0.342 0.565 0.612 0.704 0.732 0.524 0.772 0.794 0.779 0.779 0.73 0.684 0.734 0.686 0.685 0.663 0.682 0.646 0.573 0.577 0.578 0.53 0.595 0.59 0.586 0.61 0.591 0.543 0.408 0.516 0.552 0.564 0.563 0.601 0.578 0.557 0.551 0.547 0.509 0.508 0.508 0.49 0.51 0.544 0.548 0.531 0.534 0.516 0.536 0.655 0.535 0.581 0.564 0.627 0.58 0.534 0.573 0.617 0.6 0.608 0.63 0.555 0.614 0.685 0.683 0.729 0.748
0.642 0.607 0.693 0.687 0.678 0.639 0.519 0.467 0.455 0.52 0.431 0.448 0.615 0.744 0.719 0.647 0.765 0.778 0.792 0.755 0.691 0.68 0.703 0.691 0.688 0.689 0.684 0.58 0.588 0.589 0.532 0.532 0.568 0.594 0.573 0.589 0.576 0.569 0.57 0.566 0.57 0.564 0.548 0.598 0.577 0.554 0.567 0.555 0.527 0.519 0.51 0.523 0.525 0.556 0.521 0.505 0.517 0.569 0.637 0.63 0.553 0.595 0.607 0.565 0.532 0.552 0.576 0.623 0.601 0.629 0.618 0.489 0.677 0.613 0.638 0.754 0.74
0.592 0.698 0.667 0.691 0.622 0.502 0.482 0.57 0.54 0.555 0.342 0.352 0.536 0.736 0.733 0.749 0.757 0.815 0.789 0.765 0.728 0.785 0.71 0.759 0.65 0.617 0.627 0.632 0.641 0.607 0.589 0.614 0.625 0.603 0.6 0.618 0.632 0.59 0.614 0.592 0.592 0.607 0.555 0.547 0.574 0.61 0.618 0.576 0.583 0.581 0.547 0.534 0.51 0.542 0.529 0.578 0.579 0.577 0.607 0.62 0.576 0.563 0.542 0.558 0.573 0.607 0.665 0.532 0.577 0.481 0.574 0.702 0.617 0.66 0.708 0.729 0.704
0.465 0.659 0.736 0.663 0.688 0.511 0.531 0.615 0.581 0.543 0.323 0.224 0.619 0.671 0.699 0.739 0.683 0.788 0.768 0.754 0.687 0.707 0.723 0.704 0.687 0.678 0.661 0.627 0.594 0.616 0.614 0.639 0.597 0.604 0.605 0.618 0.596 0.62 0.62 0.612 0.594 0.567 0.583 0.573 0.593 0.601 0.604 0.593 0.604 0.593 0.584 0.523 0.528 0.533 0.576 0.549 0.618 0.565 0.597 0.563 0.602 0.573 0.502 0.544 0.59 0.591 0.634 0.57 0.573 0.624 0.641 0.64 0.646 0.712 0.712 0.713 0.675
0.472 0.408 0.664 0.717 0.568 0.435 0.661 0.595 0.598 0.431 0.391 0.052 0.694 0.741 0.723 0.722 0.748 0.764 0.765 0.738 0.731 0.741 0.748 0.743 0.71 0.684 0.666 0.572 0.578 0.63 0.609 0.652 0.575 0.596 0.627 0.585 0.616 0.602 0.61 0.603 0.581 0.579 0.572 0.565 0.551 0.573 0.558 0.561 0.564 0.552 0.555 0.551 0.577 0.581 0.576 0.559 0.559 0.527 0.516 0.572 0.58 0.591 0.601 0.54 0.547 0.553 0.495 0.586 0.655 0.681 0.668 0.71 0.699 0.723 0.719 0.689 0.685
0.548 0.603 0.68 0.761 0.385 0.474 0.689 0.66 0.507 0.516 0.437 -0.046 0.667 0.776 0.804 0.732 0.722 0.608 0.639 0.768 0.814 0.8 0.73 0.784 0.662 0.668 0.697 0.559 0.605 0.562 0.582 0.648 0.605 0.631 0.646 0.589 0.652 0.597 0.584 0.548 0.544 0.57 0.532 0.526 0.52 0.562 0.521 0.551 0.549 0.52 0.513 0.518 0.577 0.616 0.549 0.577 0.539 0.467 0.452 0.557 0.53 0.47 0.625 0.638 0.592 0.588 0.579 0.58 0.66 0.657 0.66 0.69 0.734 0.685 0.679 0.674 0.685
0.526 0.468 0.614 0.692 0.591 0.608 0.753 0.573 0.361 0.55 0.557 0.141 0.655 0.767 0.81 0.754 0.826 0.63 0.644 0.779 0.81 0.828 0.789 0.785 0.732 0.714 0.685 0.58 0.576 0.517 0.549 0.623 0.636 0.65 0.61 0.616 0.66 0.577 0.534 0.544 0.568 0.584 0.498 0.528 0.547 0.565 0.558 0.566 0.56 0.535 0.519 0.584 0.632 0.581 0.56 0.589 0.525 0.308 0.543 0.514 0.555 0.545 0.645 0.639 0.629 0.621 0.637 0.63 0.698 0.667 0.738 0.694 0.664 0.671 0.661 0.675 0.643
0.675 0.706 0.671 0.673 0.673 0.628 0.563 0.503 0.432 0.286 0.306 0.673 0.77 0.757 0.731 0.769 0.78 0.727 0.543 0.602 0.69 0.713 0.707 0.752 0.721 0.612 0.694 0.603 0.632 0.62 0.558 0.624 0.561 0.592 0.596 0.551 0.573 0.568 0.572 0.551 0.509 0.601 0.554 0.545 0.546 0.513 0.519 0.531 0.542 0.545 0.618 0.566 0.558 0.565 0.591 0.546 0.578 0.515 0.57 0.582 0.588 0.6 0.621 0.621 0.633 0.636 0.639 0.626 0.632 0.613 0.662 0.659 0.619 0.613 0.627 0.655 0.618
0.64 0.655 0.696 0.662 0.427 0.393 0.334 0.506 0.371 0.264 0.49 0.322 0.551 0.625 0.736 0.729 0.82 0.656 0.574 0.595 0.679 0.669 0.703 0.641 0.707 0.603 0.626 0.638 0.609 0.635 0.639 0.521 0.61 0.612 0.568 0.562 0.552 0.539 0.561 0.55 0.569 0.568 0.568 0.543 0.539 0.519 0.547 0.554 0.546 0.593 0.592 0.553 0.581 0.544 0.565 0.513 0.478 0.611 0.598 0.588 0.625 0.59 0.604 0.642 0.62 0.636 0.657 0.662 0.711 0.646 0.63 0.627 0.636 0.629 0.625 0.656 0.648
0.641 0.6 0.722 0.606 0.317 0.342 0.495 0.616 0.386 0.326 0.423 0.512 0.709 0.723 0.724 0.73 0.735 0.773 0.701 0.634 0.649 0.666 0.698 0.683 0.672 0.652 0.691 0.699 0.596 0.65 0.656 0.619 0.624 0.634 0.613 0.593 0.571 0.562 0.597 0.57 0.578 0.546 0.553 0.562 0.564 0.547 0.535 0.551 0.544 0.519 0.566 0.532 0.571 0.529 0.509 0.575 0.565 0.618 0.622 0.638 0.635 0.642 0.595 0.589 0.635 0.675 0.712 0.736 0.734 0.688 0.68 0.626 0.688 0.628 0.618 0.617 0.631
0.634 0.742 0.734 0.688 0.635 0.428 0.682 0.628 0.447 0.487 0.515 0.383 0.677 0.712 0.74 0.729 0.754 0.722 0.664 0.637 0.69 0.693 0.759 0.724 0.726 0.752 0.777 0.7 0.665 0.655 0.668 0.653 0.576 0.646 0.614 0.611 0.581 0.578 0.552 0.551 0.568 0.557 0.535 0.567 0.583 0.552 0.542 0.568 0.531 0.546 0.533 0.54 0.551 0.466 0.569 0.602 0.597 0.613 0.628 0.645 0.642 0.667 0.577 0.594 0.666 0.637 0.748 0.719 0.66 0.707 0.634 0.664 0.61 0.616 0.665 0.642 0.676
0.635 0.695 0.675 0.733 0.725 0.646 0.66 0.687 0.49 0.341 0.589 0.411 0.713 0.516 0.576 0.748 0.81 0.676 0.69 0.626 0.624 0.779 0.767 0.736 0.755 0.783 0.784 0.749 0.71 0.68 0.711 0.677 0.619 0.583 0.572 0.626 0.613 0.589 0.576 0.545 0.571 0.567 0.561 0.559 0.569 0.544 0.542 0.545 0.549 0.534 0.565 0.536 0.537 0.54 0.611 0.608 0.633 0.605 0.605 0.602 0.63 0.654 0.627 0.704 0.732 0.642 0.633 0.656 0.635 0.668 0.657 0.647 0.602 0.614 0.64 0.635 0.634
0.691 0.721 0.702 0.753 0.712 0.599 0.718 0.716 0.76 0.684 0.67 0.617 0.576 0.711 0.698 0.726 0.737 0.696 0.629 0.603 0.609 0.754 0.738 0.786 0.757 0.78 0.681 0.649 0.746 0.741 0.711 0.696 0.674 0.675 0.651 0.547 0.579 0.606 0.585 0.624 0.586 0.578 0.555 0.556 0.548 0.533 0.482 0.493 0.436 0.463 0.529 0.517 0.597 0.609 0.636 0.677 0.623 0.704 0.622 0.603 0.608 0.62 0.743 0.622 0.723 0.647 0.61 0.645 0.619 0.63 0.614 0.631 0.632 0.577 0.607 0.641 0.645
0.625 0.717 0.687 0.83 0.707 0.72 0.628 0.511 0.73 0.771 0.704 0.718 0.719 0.676 0.708 0.718 0.777 0.635 0.65 0.68 0.731 0.662 0.789 0.744 0.756 0.743 0.729 0.672 0.689 0.743 0.698 0.706 0.652 0.731 0.751 0.632 0.577 0.525 0.492 0.547 0.558 0.561 0.5 0.558 0.539 0.544 0.47 0.591 0.55 0.547 0.547 0.544 0.608 0.7 0.641 0.642 0.63 0.649 0.637 0.596 0.594 0.629 0.683 0.6 0.65 0.663 0.611 0.655 0.659 0.615 0.618 0.616 0.654 0.605 0.644 0.659 0.609
0.571 0.704 0.625 0.699 0.701 0.635 0.595 0.69 0.707 0.756 0.682 0.681 0.666 0.714 0.693 0.688 0.58 0.584 0.609 0.7 0.714 0.728 0.794 0.79 0.734 0.739 0.763 0.663 0.711 0.713 0.71 0.649 0.749 0.699 0.67 0.662 0.628 0.517 0.581 0.593 0.637 0.608 0.583 0.573 0.599 0.602 0.621 0.612 0.594 0.554 0.633 0.627 0.667 0.694 0.712 0.726 0.738 0.638 0.637 0.599 0.627 0.622 0.632 0.631 0.627 0.622 0.573 0.629 0.624 0.615 0.571 0.581 0.591 0.646 0.64 0.612 0.634
0.578 0.755 0.59 0.719 0.712 0.636 0.538 0.649 0.724 0.75 0.728 0.703 0.661 0.72 0.645 0.7 0.567 0.628 0.539 0.705 0.649 0.702 0.707 0.641 0.639 0.694 0.743 0.745 0.734 0.693 0.7 0.627 0.636 0.589 0.607 0.614 0.595 0.608 0.604 0.672 0.626 0.624 0.638 0.608 0.655 0.641 0.637 0.667 0.696 0.601 0.712 0.723 0.673 0.722 0.716 0.742 0.765 0.695 0.665 0.597 0.617 0.65 0.724 0.701 0.627 0.646 0.611 0.613 0.606 0.648 0.574 0.624 0.647 0.647 0.573 0.573 0.638
0.569 0.663 0.603 0.714 0.717 0.715 0.536 0.669 0.537 0.763 0.717 0.78 0.723 0.664 0.647 0.679 0.666 0.645 0.588 0.616 0.555 0.695 0.661 0.573 0.616 0.737 0.723 0.732 0.742 0.715 0.679 0.711 0.725 0.728 0.72 0.639 0.625 0.622 0.622 0.623 0.632 0.65 0.622 0.639 0.666 0.648 0.632 0.641 0.668 0.619 0.705 0.696 0.674 0.638 0.728 0.827 0.829 0.685 0.654 0.615 0.643 0.633 0.703 0.667 0.627 0.621 0.643 0.623 0.614 0.618 0.59 0.616 0.65 0.596 0.578 0.539 0.574
0.682 0.722 0.572 0.63 0.743 0.692 0.755 0.703 0.725 0.637 0.662 0.735 0.729 0.843 0.663 0.641 0.673 0.653 0.593 0.552 0.586 0.561 0.538 0.515 0.59 0.721 0.753 0.754 0.785 0.75 0.699 0.636 0.789 0.731 0.721 0.64 0.677 0.629 0.637 0.664 0.63 0.612 0.614 0.606 0.596 0.61 0.578 0.626 0.624 0.638 0.7 0.71 0.729 0.699 0.718 0.668 0.636 0.685 0.67 0.691 0.641 0.592 0.653 0.603 0.65 0.697 0.603 0.644 0.648 0.655 0.652 0.638 0.621 0.621 0.598 0.533 0.568
0.71 0.661 0.624 0.651 0.688 0.701 0.646 0.713 0.67 0.668 0.682 0.734 0.749 0.686 0.613 0.652 0.614 0.606 0.547 0.586 0.562 0.549 0.554 0.521 0.625 0.682 0.753 0.728 0.582 0.663 0.669 0.601 0.772 0.711 0.646 0.638 0.666 0.629 0.62 0.644 0.644 0.674 0.6 0.609 0.606 0.623 0.574 0.655 0.667 0.739 0.716 0.706 0.631 0.629 0.625 0.655 0.68 0.671 0.638 0.703 0.684 0.661 0.606 0.622 0.682 0.623 0.613 0.617 0.616 0.657 0.655 0.647 0.587 0.573 0.585 0.55 0.57
0.665 0.653 0.69 0.699 0.656 0.639 0.667 0.715 0.69 0.681 0.717 0.714 0.708 0.579 0.54 0.665 0.663 0.589 0.571 0.581 0.52 0.539 0.487 0.556 0.549 0.652 0.744 0.623 0.625 0.58 0.66 0.694 0.731 0.654 0.622 0.659 0.675 0.627 0.685 0.643 0.64 0.706 0.687 0.628 0.626 0.603 0.654 0.688 0.716 0.705 0.748 0.739 0.589 0.563 0.587 0.594 0.594 0.609 0.644 0.669 0.637 0.663 0.633 0.705 0.673 0.638 0.622 0.648 0.687 0.649 0.636 0.639 0.614 0.583 0.598 0.58 0.64
0.655 0.64 0.709 0.669 0.64 0.645 0.682 0.615 0.687 0.706 0.708 0.736 0.693 0.59 0.553 0.593 0.649 0.536 0.603 0.54 0.56 0.59 0.517 0.479 0.561 0.7 0.685 0.615 0.662 0.75 0.673 0.714 0.706 0.666 0.642 0.632 0.686 0.597 0.614 0.647 0.651 0.69 0.661 0.611 0.631 0.654 0.602 0.625 0.613 0.675 0.75 0.776 0.581 0.611 0.562 0.57 0.567 0.626 0.622 0.655 0.592 0.624 0.681 0.696 0.634 0.621 0.634 0.63 0.639 0.643 0.646 0.648 0.607 0.639 0.623 0.6 0.631
0.679 0.694 0.651 0.649 0.683 0.678 0.703 0.569 0.661 0.672 0.717 0.703 0.642 0.554 0.514 0.609 0.628 0.596 0.573 0.559 0.579 0.535 0.467 0.549 0.585 0.584 0.587 0.605 0.606 0.679 0.703 0.639 0.668 0.694 0.66 0.662 0.711 0.611 0.613 0.636 0.641 0.631 0.63 0.671 0.68 0.652 0.609 0.625 0.675 0.639 0.613 0.597 0.581 0.585 0.606 0.551 0.575 0.574 0.618 0.615 0.651 0.666 0.637 0.678 0.648 0.634 0.66 0.648 0.659 0.621 0.64 0.587 0.627 0.636 0.611 0.602 0.605
0.631 0.627 0.668 0.575 0.663 0.545 0.635 0.634 0.657 0.701 0.739 0.714 0.677 0.563 0.487 0.512 0.643 0.621 0.587 0.545 0.493 0.493 0.564 0.582 0.637 0.623 0.619 0.633 0.659 0.711 0.676 0.634 0.723 0.752 0.695 0.668 0.661 0.595 0.662 0.683 0.673 0.66 0.68 0.658 0.679 0.645 0.651 0.619 0.61 0.644 0.657 0.632 0.624 0.612 0.645 0.636 0.584 0.616 0.602 0.631 0.626 0.677 0.64 0.669 0.641 0.621 0.661 0.644 0.624 0.629 0.619 0.608 0.577 0.55 0.603 0.549 0.629
0.624 0.672 0.715 0.674 0.581 0.579 0.635 0.667 0.748 0.706 0.692 0.71 0.639 0.544 0.583 0.549 0.63 0.599 0.592 0.644 0.502 0.481 0.487 0.518 0.64 0.613 0.612 0.597 0.651 0.655 0.674 0.6 0.655 0.723 0.657 0.717 0.699 0.632 0.651 0.647 0.646 0.638 0.647 0.676 0.646 0.636 0.635 0.629 0.624 0.638 0.647 0.634 0.598 0.619 0.662 0.632 0.582 0.633 0.657 0.626 0.65 0.625 0.635 0.638 0.623 0.627 0.636 0.603 0.611 0.641 0.628 0.626 0.572 0.605 0.588 0.575 0.604
0.567 0.558 0.609 0.648 0.689 0.638 0.64 0.504 0.702 0.707 0.69 0.681 0.587 0.586 0.46 0.591 0.574 0.633 0.53 0.581 0.555 0.517 0.605 0.629 0.654 0.56 0.552 0.525 0.588 0.629 0.538 0.603 0.641 0.66 0.671 0.694 0.674 0.693 0.674 0.648 0.648 0.671 0.67 0.646 0.645 0.605 0.599 0.631 0.635 0.619 0.59 0.6 0.599 0.606 0.597 0.584 0.615 0.609 0.649 0.62 0.615 0.566 0.589 0.598 0.604 0.658 0.605 0.608 0.645 0.641 0.641 0.605 0.581 0.601 0.592 0.596 0.629
0.663 0.592 0.633 0.682 0.679 0.467 0.601 0.482 0.568 0.665 0.617 0.622 0.588 0.632 0.578 0.739 0.641 0.684 0.585 0.55 0.618 0.56 0.641 0.616 0.606 0.519 0.531 0.495 0.523 0.539 0.567 0.671 0.606 0.702 0.66 0.637 0.663 0.683 0.665 0.689 0.655 0.653 0.644 0.635 0.599 0.572 0.636 0.653 0.619 0.602 0.593 0.634 0.626 0.629 0.623 0.63 0.628 0.612 0.588 0.598 0.59 0.53 0.566 0.563 0.611 0.648 0.629 0.616 0.6 0.635 0.645 0.649 0.6 0.577 0.561 0.596 0.652
0.612 0.604 0.604 0.571 0.59 0.533 0.468 0.456 0.536 0.654 0.67 0.696 0.612 0.692 0.595 0.72 0.71 0.652 0.527 0.606 0.618 0.509 0.622 0.646 0.606 0.548 0.503 0.64 0.549 0.474 0.607 0.723 0.601 0.635 0.6 0.61 0.673 0.671 0.674 0.675 0.709 0.674 0.656 0.651 0.638 0.614 0.621 0.617 0.664 0.661 0.601 0.685 0.673 0.676 0.638 0.584 0.602 0.576 0.575 0.563 0.552 0.563 0.582 0.591 0.626 0.646 0.663 0.637 0.63 0.635 0.652 0.651 0.638 0.604 0.574 0.617 0.674
0.563 0.605 0.696 0.569 0.551 0.538 0.52 0.61 0.579 0.609 0.733 0.69 0.712 0.701 0.572 0.69 0.787 0.565 0.612 0.621 0.674 0.634 0.579 0.547 0.609 0.511 0.528 0.522 0.497 0.518 0.509 0.597 0.595 0.595 0.595 0.565 0.583 0.655 0.736 0.713 0.657 0.558 0.673 0.661 0.665 0.651 0.637 0.647 0.625 0.587 0.576 0.677 0.661 0.629 0.607 0.565 0.613 0.548 0.576 0.57 0.591 0.627 0.616 0.655 0.668 0.6 0.589 0.64 0.595 0.623 0.649 0.683 0.68 0.734 0.714 0.678 0.691
0.565 0.597 0.637 0.651 0.527 0.495 0.635 0.66 0.717 0.704 0.7 0.651 0.726 0.728 0.638 0.679 0.725 0.611 0.58 0.723 0.725 0.538 0.605 0.621 0.603 0.547 0.464 0.515 0.503 0.491 0.417 0.493 0.563 0.587 0.577 0.588 0.579 0.655 0.607 0.651 0.608 0.612 0.682 0.608 0.653 0.577 0.608 0.6 0.579 0.585 0.61 0.681 0.685 0.619 0.59 0.612 0.619 0.599 0.552 0.557 0.587 0.621 0.598 0.594 0.614 0.616 0.641 0.618 0.626 0.637 0.635 0.663 0.691 0.747 0.696 0.664 0.671
0.615 0.564 0.603 0.552 0.605 0.548 0.671 0.723 0.741 0.759 0.69 0.595 0.714 0.666 0.695 0.695 0.741 0.694 0.592 0.668 0.705 0.633 0.59 0.583 0.631 0.522 0.455 0.474 0.455 0.455 0.42 0.489 0.521 0.563 0.612 0.586 0.593 0.626 0.6 0.613 0.605 0.587 0.618 0.629 0.601 0.59 0.539 0.57 0.647 0.62 0.662 0.654 0.65 0.528 0.618 0.603 0.584 0.583 0.591 0.596 0.582 0.606 0.596 0.593 0.597 0.597 0.611 0.575 0.634 0.652 0.7 0.605 0.705 0.724 0.689 0.688 0.695
0.563 0.498 0.578 0.573 0.585 0.667 0.703 0.743 0.749 0.752 0.676 0.631 0.713 0.655 0.678 0.689 0.757 0.682 0.65 0.638 0.695 0.647 0.547 0.516 0.585 0.578 0.482 0.452 0.493 0.438 0.474 0.515 0.473 0.55 0.551 0.566 0.565 0.601 0.596 0.633 0.651 0.625 0.614 0.642 0.653 0.656 0.641 0.576 0.667 0.622 0.583 0.578 0.579 0.543 0.567 0.571 0.571 0.593 0.671 0.588 0.634 0.602 0.622 0.574 0.639 0.656 0.639 0.597 0.634 0.664 0.61 0.629 0.695 0.656 0.674 0.706 0.656
0.559 0.522 0.615 0.592 0.623 0.675 0.681 0.708 0.736 0.757 0.69 0.707 0.667 0.62 0.584 0.698 0.663 0.714 0.768 0.664 0.61 0.536 0.591 0.467 0.557 0.564 0.499 0.51 0.514 0.483 0.441 0.401 0.489 0.52 0.515 0.509 0.529 0.601 0.628 0.646 0.671 0.668 0.61 0.573 0.608 0.683 0.666 0.602 0.608 0.544 0.555 0.526 0.502 0.523 0.566 0.58 0.569 0.602 0.605 0.575 0.622 0.628 0.629 0.624 0.659 0.627 0.635 0.597 0.674 0.659 0.606 0.645 0.657 0.579 0.614 0.644 0.634
