data/china_ndvi_max_2009.asc
ncols         710
nrows         510
xllcorner     70
yllcorner     10
cellsize      0.1
NODATA_value  -9999
[rows 340 to 373 of 510, columns 308 to 384 of 710]
0.593 0.601 0.671 0.718 0.689 0.701 0.683 0.706 0.705 0.672 0.732 0.713 0.661 0.557 0.695 0.678 0.736 0.73 0.687 0.668 0.623 0.633 0.621 0.574 0.57 0.622 0.54 0.54 0.566 0.531 0.458 0.416 0.525 0.509 0.444 0.474 0.488 0.525 0.531 0.612 0.601 0.583 0.563 0.61 0.621 0.582 0.582 0.581 0.576 0.586 0.564 0.561 0.651 0.619 0.64 0.628 0.669 0.661 0.549 0.567 0.63 0.716 0.643 0.617 0.644 0.685 0.682 0.665 0.683 0.659 0.629 0.569 0.596 0.584 0.587 0.65 0.723
0.652 0.594 0.703 0.689 0.692 0.665 0.715 0.716 0.704 0.674 0.654 0.727 0.587 0.603 0.676 0.688 0.716 0.715 0.643 0.641 0.665 0.615 0.54 0.544 0.571 0.561 0.56 0.508 0.5 0.469 0.523 0.517 0.533 0.537 0.503 0.512 0.54 0.51 0.487 0.534 0.567 0.532 0.597 0.617 0.647 0.63 0.606 0.638 0.632 0.649 0.62 0.584 0.617 0.598 0.633 0.63 0.63 0.624 0.599 0.624 0.671 0.67 0.663 0.674 0.646 0.663 0.673 0.65 0.632 0.642 0.615 0.597 0.594 0.571 0.633 0.675 0.684
0.633 0.667 0.637 0.694 0.638 0.664 0.651 0.604 0.654 0.701 0.589 0.584 0.651 0.671 0.667 0.641 0.661 0.637 0.654 0.641 0.627 0.584 0.507 0.51 0.574 0.536 0.588 0.52 0.547 0.5 0.53 0.576 0.586 0.581 0.561 0.546 0.529 0.544 0.548 0.533 0.57 0.589 0.599 0.624 0.616 0.677 0.713 0.697 0.69 0.69 0.639 0.66 0.629 0.65 0.622 0.64 0.613 0.62 0.434 0.559 0.641 0.691 0.676 0.69 0.655 0.629 0.653 0.582 0.585 0.629 0.591 0.631 0.578 0.619 0.667 0.681 0.695
0.641 0.629 0.692 0.668 0.596 0.532 0.497 0.529 0.578 0.593 0.468 0.521 0.647 0.706 0.665 0.587 0.639 0.584 0.595 0.645 0.616 0.574 0.534 0.617 0.586 0.57 0.494 0.528 0.56 0.54 0.575 0.625 0.616 0.596 0.597 0.571 0.57 0.602 0.586 0.572 0.573 0.588 0.637 0.637 0.579 0.687 0.663 0.727 0.709 0.714 0.683 0.664 0.673 0.674 0.681 0.655 0.565 0.662 0.414 0.539 0.586 0.663 0.707 0.712 0.644 0.667 0.716 0.588 0.537 0.632 0.61 0.598 0.633 0.68 0.729 0.711 0.712
0.654 0.58 0.675 0.666 0.614 0.55 0.502 0.493 0.547 0.445 0.476 0.448 0.668 0.664 0.612 0.585 0.61 0.639 0.631 0.605 0.603 0.605 0.478 0.607 0.576 0.545 0.56 0.553 0.451 0.528 0.567 0.593 0.601 0.633 0.565 0.596 0.546 0.584 0.566 0.603 0.596 0.514 0.622 0.657 0.597 0.633 0.63 0.691 0.702 0.689 0.702 0.703 0.67 0.706 0.688 0.661 0.574 0.568 0.564 0.457 0.546 0.605 0.702 0.673 0.63 0.661 0.672 0.64 0.595 0.634 0.595 0.56 0.6 0.705 0.715 0.711 0.748
0.694 0.647 0.725 0.553 0.576 0.551 0.599 0.642 0.756 0.716 0.645 0.561 0.567 0.506 0.511 0.537 0.562 0.486 0.512 0.615 0.656 0.505 0.423 0.419 0.481 0.633 0.602 0.633 0.611 0.625 0.633 0.592 0.604 0.613 0.595 0.578 0.645 0.642 0.659 0.597 0.615 0.591 0.617 0.612 0.656 0.638 0.594 0.636 0.641 0.611 0.613 0.648 0.621 0.585 0.599 0.559 0.541 0.548 0.542 0.592 0.673 0.654 0.71 0.673 0.644 0.711 0.746 0.661 0.678 0.626 0.604 0.672 0.689 0.708 0.773 0.763 0.778
0.707 0.703 0.587 0.648 0.674 0.728 0.72 0.709 0.75 0.698 0.652 0.62 0.497 0.488 0.564 0.541 0.488 0.546 0.5 0.533 0.442 0.518 0.518 0.33 0.482 0.601 0.572 0.645 0.661 0.642 0.653 0.615 0.637 0.56 0.566 0.626 0.582 0.6 0.647 0.602 0.634 0.635 0.609 0.597 0.609 0.675 0.627 0.644 0.64 0.586 0.591 0.591 0.597 0.619 0.567 0.592 0.634 0.634 0.617 0.632 0.623 0.661 0.666 0.647 0.69 0.707 0.713 0.644 0.698 0.628 0.619 0.689 0.719 0.745 0.75 0.74 0.738
0.524 0.587 0.71 0.726 0.725 0.753 0.748 0.746 0.666 0.598 0.626 0.51 0.466 0.452 0.46 0.519 0.628 0.621 0.602 0.494 0.534 0.641 0.53 0.392 0.557 0.555 0.647 0.626 0.667 0.604 0.648 0.643 0.587 0.474 0.694 0.65 0.624 0.616 0.619 0.633 0.619 0.64 0.607 0.575 0.583 0.62 0.634 0.653 0.631 0.555 0.605 0.541 0.644 0.595 0.562 0.599 0.64 0.695 0.682 0.625 0.667 0.665 0.656 0.645 0.708 0.687 0.708 0.664 0.659 0.622 0.602 0.643 0.708 0.734 0.712 0.733 0.737
0.644 0.617 0.715 0.662 0.713 0.698 0.721 0.631 0.594 0.575 0.55 0.473 0.482 0.439 0.531 0.603 0.723 0.656 0.699 0.654 0.643 0.644 0.578 0.418 0.538 0.649 0.615 0.598 0.586 0.608 0.628 0.503 0.484 0.6 0.651 0.625 0.624 0.648 0.652 0.646 0.644 0.639 0.648 0.578 0.575 0.588 0.662 0.633 0.659 0.576 0.649 0.68 0.678 0.629 0.636 0.666 0.681 0.702 0.613 0.633 0.671 0.69 0.702 0.736 0.721 0.677 0.704 0.694 0.631 0.662 0.636 0.656 0.71 0.738 0.733 0.723 0.715
0.633 0.712 0.691 0.688 0.682 0.694 0.738 0.626 0.56 0.503 0.506 0.529 0.515 0.412 0.57 0.68 0.735 0.681 0.685 0.688 0.689 0.691 0.598 0.491 0.484 0.602 0.571 0.592 0.577 0.604 0.545 0.53 0.575 0.548 0.622 0.631 0.631 0.612 0.635 0.689 0.676 0.659 0.641 0.616 0.558 0.637 0.624 0.623 0.611 0.597 0.627 0.665 0.659 0.702 0.665 0.708 0.714 0.64 0.613 0.644 0.627 0.679 0.716 0.715 0.709 0.682 0.685 0.72 0.726 0.685 0.644 0.676 0.71 0.721 0.732 0.741 0.726
0.717 0.644 0.694 0.658 0.69 0.721 0.716 0.618 0.576 0.541 0.462 0.441 0.655 0.538 0.651 0.73 0.706 0.688 0.68 0.696 0.709 0.608 0.54 0.54 0.565 0.537 0.626 0.578 0.612 0.568 0.543 0.586 0.543 0.611 0.608 0.556 0.581 0.651 0.597 0.627 0.608 0.629 0.651 0.583 0.579 0.549 0.513 0.654 0.652 0.6 0.666 0.685 0.654 0.645 0.684 0.685 0.678 0.658 0.685 0.702 0.651 0.745 0.684 0.66 0.654 0.654 0.677 0.608 0.726 0.713 0.667 0.654 0.732 0.734 0.745 0.729 0.721
0.739 0.745 0.686 0.652 0.636 0.682 0.728 0.638 0.633 0.541 0.454 0.505 0.653 0.657 0.627 0.706 0.713 0.651 0.733 0.706 0.709 0.664 0.575 0.539 0.571 0.627 0.637 0.607 0.575 0.546 0.582 0.477 0.577 0.571 0.61 0.597 0.635 0.62 0.638 0.613 0.643 0.596 0.666 0.613 0.613 0.59 0.557 0.585 0.608 0.635 0.657 0.7 0.647 0.658 0.675 0.698 0.681 0.679 0.713 0.702 0.678 0.724 0.667 0.668 0.664 0.654 0.7 0.653 0.714 0.692 0.633 0.606 0.748 0.752 0.777 0.74 0.738
0.69 0.859 0.705 0.72 0.691 0.62 0.649 0.589 0.585 0.504 0.481 0.496 0.728 0.721 0.679 0.708 0.701 0.646 0.664 0.68 0.669 0.685 0.53 0.566 0.586 0.627 0.632 0.58 0.566 0.511 0.576 0.543 0.576 0.509 0.58 0.606 0.646 0.657 0.589 0.629 0.672 0.669 0.675 0.652 0.629 0.579 0.607 0.554 0.565 0.607 0.624 0.672 0.668 0.704 0.701 0.718 0.719 0.633 0.69 0.715 0.635 0.656 0.676 0.659 0.625 0.64 0.647 0.683 0.641 0.622 0.611 0.624 0.743 0.766 0.772 0.766 0.762
0.649 0.75 0.708 0.706 0.64 0.661 0.736 0.656 0.534 0.517 0.571 0.471 0.721 0.714 0.694 0.684 0.738 0.636 0.633 0.649 0.647 0.677 0.563 0.509 0.583 0.584 0.624 0.619 0.5 0.581 0.522 0.528 0.523 0.542 0.634 0.619 0.615 0.636 0.663 0.608 0.686 0.688 0.631 0.611 0.628 0.583 0.588 0.596 0.608 0.621 0.637 0.667 0.669 0.677 0.704 0.704 0.735 0.652 0.637 0.666 0.667 0.664 0.654 0.583 0.67 0.639 0.666 0.637 0.68 0.636 0.661 0.63 0.674 0.748 0.762 0.751 0.736
0.608 0.673 0.709 0.667 0.601 0.664 0.72 0.721 0.61 0.591 0.624 0.565 0.716 0.703 0.633 0.702 0.65 0.611 0.649 0.611 0.656 0.648 0.617 0.65 0.564 0.534 0.577 0.579 0.525 0.535 0.438 0.547 0.594 0.639 0.663 0.642 0.628 0.62 0.621 0.669 0.682 0.632 0.613 0.659 0.631 0.62 0.606 0.607 0.59 0.586 0.623 0.614 0.653 0.72 0.731 0.689 0.714 0.667 0.659 0.683 0.647 0.619 0.637 0.619 0.662 0.639 0.662 0.662 0.65 0.686 0.676 0.668 0.692 0.695 0.74 0.734 0.728
0.632 0.583 0.661 0.612 0.661 0.73 0.734 0.635 0.583 0.585 0.66 0.691 0.801 0.694 0.661 0.589 0.609 0.613 0.696 0.651 0.654 0.636 0.585 0.593 0.67 0.577 0.501 0.572 0.504 0.619 0.582 0.556 0.716 0.697 0.69 0.662 0.658 0.646 0.638 0.68 0.649 0.639 0.664 0.666 0.679 0.609 0.623 0.627 0.578 0.581 0.557 0.555 0.705 0.762 0.715 0.707 0.72 0.717 0.71 0.656 0.647 0.624 0.706 0.73 0.739 0.707 0.66 0.678 0.726 0.67 0.694 0.666 0.725 0.706 0.752 0.75 0.766
0.542 0.59 0.65 0.653 0.722 0.756 0.726 0.583 0.615 0.613 0.674 0.702 0.745 0.722 0.606 0.629 0.752 0.654 0.643 0.636 0.652 0.651 0.507 0.545 0.6 0.65 0.535 0.611 0.569 0.599 0.646 0.551 0.687 0.586 0.651 0.63 0.627 0.662 0.657 0.651 0.65 0.57 0.588 0.621 0.619 0.609 0.581 0.633 0.666 0.645 0.547 0.579 0.718 0.714 0.724 0.709 0.728 0.682 0.672 0.654 0.631 0.659 0.741 0.765 0.729 0.709 0.674 0.703 0.721 0.727 0.707 0.712 0.736 0.717 0.739 0.738 0.717
0.546 0.539 0.657 0.626 0.564 0.609 0.618 0.703 0.684 0.677 0.739 0.745 0.683 0.637 0.631 0.66 0.822 0.61 0.677 0.641 0.666 0.687 0.554 0.644 0.639 0.663 0.595 0.627 0.596 0.627 0.62 0.537 0.621 0.575 0.637 0.663 0.643 0.677 0.7 0.625 0.659 0.636 0.574 0.595 0.655 0.658 0.627 0.697 0.69 0.644 0.585 0.591 0.693 0.653 0.679 0.638 0.682 0.646 0.612 0.666 0.647 0.701 0.752 0.766 0.76 0.736 0.765 0.723 0.752 0.729 0.73 0.705 0.757 0.725 0.731 0.747 0.701
0.629 0.673 0.673 0.609 0.601 0.588 0.63 0.646 0.637 0.694 0.717 0.772 0.618 0.566 0.686 0.709 0.796 0.741 0.681 0.444 0.55 0.648 0.638 0.671 0.682 0.648 0.594 0.62 0.524 0.531 0.591 0.571 0.531 0.563 0.606 0.641 0.65 0.644 0.597 0.612 0.608 0.614 0.689 0.645 0.586 0.627 0.675 0.667 0.686 0.665 0.676 0.595 0.678 0.663 0.672 0.658 0.694 0.657 0.65 0.689 0.718 0.739 0.725 0.757 0.783 0.72 0.747 0.743 0.725 0.707 0.73 0.75 0.709 0.678 0.663 0.756 0.726
0.566 0.691 0.661 0.64 0.632 0.614 0.677 0.492 0.587 0.643 0.731 0.672 0.686 0.558 0.698 0.682 0.747 0.667 0.478 0.267 0.472 0.498 0.677 0.669 0.582 0.601 0.645 0.541 0.465 0.546 0.588 0.624 0.586 0.621 0.646 0.665 0.661 0.638 0.63 0.64 0.653 0.601 0.726 0.707 0.668 0.613 0.631 0.692 0.686 0.69 0.672 0.673 0.708 0.713 0.683 0.71 0.728 0.699 0.726 0.75 0.751 0.779 0.738 0.766 0.75 0.746 0.697 0.701 0.719 0.728 0.744 0.756 0.675 0.682 0.658 0.698 0.726
0.769 0.677 0.696 0.702 0.636 0.655 0.712 0.574 0.67 0.712 0.738 0.659 0.599 0.715 0.711 0.714 0.632 0.54 0.665 -0.3 0.313 0.453 0.543 0.559 0.542 0.524 0.518 0.428 0.443 0.551 0.594 0.644 0.592 0.626 0.664 0.615 0.661 0.672 0.652 0.67 0.662 0.585 0.603 0.629 0.638 0.659 0.64 0.677 0.727 0.702 0.749 0.738 0.697 0.703 0.654 0.715 0.719 0.769 0.762 0.747 0.764 0.765 0.719 0.75 0.727 0.732 0.746 0.713 0.698 0.671 0.715 0.684 0.743 0.673 0.677 0.68 0.847
0.753 0.766 0.683 0.686 0.701 0.703 0.712 0.677 0.711 0.712 0.68 0.558 0.638 0.687 0.664 0.726 0.644 0.518 0.553 -0.3 0.39 0.529 0.624 0.562 0.561 0.533 0.594 0.584 0.618 0.546 0.586 0.611 0.522 0.586 0.668 0.688 0.671 0.675 0.667 0.655 0.664 0.646 0.627 0.683 0.734 0.692 0.654 0.652 0.622 0.643 0.742 0.723 0.694 0.699 0.68 0.738 0.744 0.727 0.764 0.788 0.771 0.732 0.726 0.731 0.704 0.719 0.721 0.713 0.719 0.699 0.69 0.689 0.729 0.641 0.7 0.685 0.738
0.739 0.722 0.635 0.642 0.699 0.722 0.701 0.666 0.654 0.671 0.612 0.628 0.7 0.69 0.578 0.672 0.566 0.528 -0.3 0.354 0.584 0.634 0.637 0.62 0.601 0.577 0.592 0.639 0.641 0.574 0.538 0.552 0.655 0.686 0.706 0.703 0.715 0.698 0.71 0.674 0.656 0.678 0.705 0.69 0.687 0.691 0.702 0.706 0.672 0.725 0.718 0.74 0.714 0.7 0.701 0.751 0.746 0.721 0.745 0.756 0.742 0.718 0.739 0.727 0.706 0.692 0.714 0.735 0.75 0.758 0.733 0.706 0.634 0.689 0.727 0.689 0.673
0.767 0.723 0.767 0.636 0.71 0.715 0.714 0.687 0.716 0.706 0.704 0.665 0.688 0.667 0.624 0.648 0.593 0.623 0.543 0.544 0.621 0.534 0.64 0.634 0.593 0.613 0.635 0.644 0.638 0.584 0.524 0.571 0.671 0.742 0.736 0.702 0.707 0.718 0.744 0.727 0.743 0.8 0.732 0.72 0.671 0.671 0.659 0.753 0.732 0.732 0.761 0.768 0.746 0.729 0.713 0.731 0.765 0.747 0.761 0.758 0.687 0.693 0.73 0.707 0.728 0.693 0.687 0.734 0.736 0.743 0.755 0.728 0.718 0.719 0.72 0.703 0.659
0.719 0.821 0.852 0.727 0.684 0.677 0.701 0.677 0.74 0.699 0.669 0.662 0.607 0.648 0.595 0.72 0.704 0.626 0.712 0.593 0.678 -0.3 0.649 0.581 0.653 0.683 0.722 0.669 0.637 0.549 0.554 0.625 0.667 0.721 0.731 0.716 0.696 0.718 0.759 0.73 0.724 0.805 0.724 0.662 0.72 0.696 0.713 0.764 0.742 0.749 0.749 0.772 0.752 0.751 0.766 0.741 0.736 0.747 0.739 0.727 0.749 0.701 0.722 0.741 0.736 0.728 0.68 0.738 0.754 0.74 0.725 0.681 0.713 0.714 0.691 0.681 0.703
0.85 0.677 0.717 0.741 0.863 0.759 0.766 0.752 0.655 0.561 0.59 0.785 0.652 0.693 0.628 0.71 0.715 0.433 0.67 0.577 0.542 0.537 0.623 0.541 0.565 0.72 0.557 0.596 0.656 0.594 0.659 0.661 0.65 0.681 0.699 0.724 0.75 0.739 0.766 0.744 0.734 0.717 0.738 0.766 0.749 0.722 0.709 0.738 0.725 0.743 0.773 0.751 0.728 0.709 0.746 0.823 0.774 0.724 0.715 0.697 0.7 0.702 0.717 0.743 0.807 0.723 0.73 0.714 0.701 0.728 0.723 0.708 0.713 0.759 0.761 0.715 0.74
0.84 0.821 0.77 0.693 0.773 0.861 0.739 0.731 0.646 0.66 0.516 0.688 0.638 0.707 0.711 0.769 0.702 0.511 0.564 0.539 0.513 0.651 0.625 0.509 0.611 0.684 0.547 0.686 0.673 0.623 0.62 0.664 0.703 0.678 0.685 0.708 0.717 0.7 0.739 0.751 0.727 0.727 0.733 0.755 0.759 0.75 0.738 0.719 0.727 0.725 0.739 0.762 0.758 0.726 0.706 0.737 0.743 0.731 0.69 0.716 0.739 0.757 0.722 0.713 0.734 0.718 0.711 0.73 0.67 0.707 0.741 0.724 0.732 0.764 0.76 0.752 0.721
0.765 0.843 0.752 0.803 0.742 0.855 0.878 0.692 0.759 0.684 0.708 0.658 0.718 0.74 0.71 0.709 0.701 0.618 0.649 0.593 0.528 0.634 0.621 0.501 0.558 0.607 0.536 0.683 0.696 0.669 0.662 0.688 0.557 0.571 0.607 0.658 0.691 0.699 0.718 0.733 0.757 0.706 0.758 0.751 0.732 0.751 0.736 0.778 0.787 0.754 0.755 0.742 0.764 0.762 0.744 0.737 0.708 0.752 0.701 0.694 0.755 0.744 0.752 0.712 0.694 0.697 0.721 0.663 0.684 0.722 0.739 0.725 0.73 0.75 0.758 0.723 0.686
0.774 0.845 0.733 0.813 0.726 0.77 0.834 0.61 0.741 0.7 0.653 0.64 0.683 0.696 0.687 0.758 0.737 0.688 0.681 0.514 0.543 0.631 0.665 0.558 0.605 0.572 0.536 0.676 0.641 0.652 0.65 0.62 0.598 0.529 0.615 0.624 0.65 0.617 0.638 0.682 0.751 0.715 0.737 0.697 0.674 0.725 0.736 0.762 0.775 0.793 0.749 0.779 0.742 0.777 0.754 0.754 0.737 0.798 0.731 0.746 0.716 0.742 0.734 0.742 0.739 0.654 0.675 0.635 0.631 0.711 0.777 0.755 0.689 0.727 0.754 0.729 0.641
0.685 0.829 0.729 0.724 0.75 0.696 0.743 0.718 0.632 0.707 0.706 0.716 0.679 0.676 0.6 0.714 0.674 0.657 0.693 0.704 0.686 0.726 0.624 0.623 0.593 0.6 0.565 0.622 0.619 0.649 0.631 0.611 0.602 0.616 0.56 0.621 0.633 0.62 0.639 0.661 0.675 0.706 0.591 0.616 0.67 0.706 0.748 0.767 0.784 0.801 0.817 0.778 0.738 0.761 0.726 0.724 0.683 0.738 0.726 0.741 0.773 0.762 0.723 0.734 0.74 0.716 0.709 0.658 0.692 0.672 0.737 0.733 0.657 0.695 0.717 0.707 0.668
0.742 0.717 0.797 0.728 0.799 0.794 0.767 0.816 0.828 0.654 0.67 0.704 0.739 0.709 0.712 0.726 0.669 0.734 0.605 0.58 0.525 0.611 0.572 0.537 0.578 0.565 0.619 0.521 0.532 0.503 0.432 0.469 0.544 0.54 0.545 0.59 0.491 0.576 0.652 0.68 0.669 0.655 0.64 0.68 0.684 0.709 0.682 0.695 0.74 0.753 0.764 0.768 0.718 0.757 0.768 0.802 0.781 0.728 0.52 0.659 0.711 0.67 0.749 0.704 0.695 0.733 0.737 0.677 0.664 0.683 0.693 0.747 0.653 0.633 0.687 0.722 0.717
0.727 0.746 0.83 0.717 0.803 0.739 0.744 0.722 0.841 0.743 0.587 0.666 0.72 0.744 0.715 0.755 0.672 0.735 0.664 0.566 0.562 0.675 0.5 0.538 0.51 0.564 0.653 0.61 0.534 0.415 0.404 0.373 0.562 0.575 0.602 0.618 0.595 0.609 0.678 0.698 0.68 0.667 0.637 0.694 0.688 0.71 0.677 0.725 0.745 0.748 0.752 0.767 0.761 0.74 0.832 0.84 0.835 0.759 0.661 0.602 0.601 0.569 0.687 0.738 0.687 0.708 0.726 0.703 0.672 0.721 0.7 0.679 0.651 0.686 0.647 0.717 0.723
0.74 0.756 0.831 0.733 0.755 0.751 0.733 0.704 0.758 0.776 0.689 0.597 0.698 0.788 0.75 0.707 0.683 0.636 0.63 0.579 0.506 0.419 0.458 0.513 0.516 0.502 0.652 0.573 0.608 0.593 0.407 0.397 0.493 0.578 0.562 0.557 0.535 0.611 0.696 0.664 0.668 0.706 0.707 0.687 0.674 0.688 0.659 0.701 0.742 0.757 0.742 0.734 0.799 0.812 0.838 0.823 0.824 0.761 0.717 0.715 0.647 0.612 0.545 0.62 0.722 0.715 0.734 0.746 0.721 0.706 0.721 0.696 0.626 0.658 0.639 0.704 0.713
0.81 0.763 0.748 0.801 0.726 0.747 0.722 0.702 0.744 0.771 0.739 0.683 0.682 0.778 0.737 0.642 0.678 0.568 0.541 0.622 0.443 0.499 0.523 0.491 0.511 0.516 0.549 0.635 0.604 0.626 0.504 0.502 0.497 0.509 0.566 0.551 0.478 0.695 0.764 0.71 0.688 0.67 0.689 0.625 0.64 0.663 0.667 0.702 0.633 0.745 0.716 0.677 0.743 0.798 0.825 0.747 0.714 0.725 0.716 0.703 0.707 0.722 0.573 0.509 0.596 0.701 0.739 0.69 0.695 0.738 0.697 0.714 0.658 0.598 0.713 0.693 0.686
