data/china_ndvi_max_1994.asc
ncols         710
nrows         510
xllcorner     70
yllcorner     10
cellsize      0.1
NODATA_value  -9999
[rows 306 to 339 of 510, columns 385 to 461 of 710]
0.65 0.637 0.557 0.611 0.613 0.639 0.628 0.661 0.666 0.676 0.567 0.606 0.637 0.621 0.649 0.651 0.645 0.633 0.676 0.665 0.656 0.672 0.679 0.667 0.664 0.65 0.619 0.633 0.615 0.608 0.465 0.468 0.515 0.485 0.489 0.454 0.455 0.379 0.349 0.478 0.509 0.526 0.497 0.538 0.538 0.529 0.519 0.354 0.437 0.499 0.472 0.5 0.519 0.489 0.455 0.415 0.37 0.452 0.442 0.465 -0.3 0.375 0.432 0.399 0.461 0.319 0.469 0.526 0.532 0.492 0.521 0.53 0.535 0.601 0.67 0.621 0.601
0.655 0.662 0.671 0.651 0.674 0.641 0.683 0.687 0.67 0.645 0.612 0.61 0.673 0.675 0.677 0.661 0.662 0.669 0.683 0.69 0.693 0.696 0.673 0.639 0.671 0.634 0.635 0.628 0.622 0.588 0.585 0.552 0.54 0.469 0.501 0.524 0.496 0.414 0.476 0.529 0.487 0.518 0.523 0.555 0.537 0.519 0.519 0.49 0.517 0.511 0.457 0.484 0.497 0.532 0.384 0.402 0.53 -0.3 0.467 0.496 -0.3 0.326 0.48 0.452 0.408 0.392 0.476 0.406 0.474 0.516 0.573 0.559 0.591 0.678 0.612 0.55 0.52
0.66 0.646 0.685 0.679 0.675 0.664 0.695 0.69 0.691 0.614 0.614 0.613 0.673 0.697 0.684 0.687 0.72 0.691 0.664 0.69 0.711 0.704 0.687 0.711 0.69 0.667 0.663 0.614 0.621 0.623 0.58 0.551 0.542 0.478 0.478 0.464 0.467 0.398 0.563 0.55 0.585 0.55 0.532 0.548 0.525 0.537 0.545 0.548 0.55 0.542 0.546 0.532 0.537 0.499 0.518 0.458 0.533 0.455 0.491 0.436 0.464 0.424 0.533 0.462 0.409 0.384 0.399 0.396 0.404 0.359 0.496 0.53 0.604 0.577 0.508 0.546 0.561
0.67 0.636 0.631 0.644 0.668 0.66 0.682 0.678 0.66 0.655 0.625 0.624 0.662 0.693 0.672 0.714 0.684 0.696 0.694 0.694 0.731 0.706 0.685 0.692 0.681 0.654 0.642 0.646 0.621 0.621 0.579 0.553 0.562 0.553 0.524 0.484 0.465 0.469 0.475 0.476 0.539 0.537 0.514 0.493 0.522 0.468 0.501 0.515 0.52 0.513 0.486 0.452 0.422 0.405 0.435 0.423 0.485 -0.3 0.417 0.511 0.485 0.492 0.534 0.484 0.518 0.491 0.497 0.488 0.42 0.423 0.528 0.546 0.551 0.507 0.496 0.489 0.49
0.626 0.612 0.594 0.602 0.624 0.662 0.642 0.67 0.654 0.647 0.694 0.687 0.713 0.724 0.733 0.676 0.702 0.701 0.697 0.722 0.642 0.672 0.688 0.629 0.602 0.601 0.606 0.594 0.563 0.6 0.587 0.574 0.562 0.544 0.53 0.5 0.495 0.503 0.483 0.468 0.53 0.51 0.534 0.497 0.499 0.416 0.437 0.445 -0.3 -0.3 0.41 0.408 0.508 0.475 0.491 0.531 0.521 0.501 0.474 0.536 0.615 0.613 0.574 0.583 0.622 0.497 0.489 0.477 0.37 0.361 0.527 0.52 0.425 0.551 0.527 0.487 0.525
0.579 0.584 0.62 0.63 0.643 0.644 0.621 0.675 0.66 0.667 0.692 0.703 0.701 0.728 0.732 0.722 0.7 0.708 0.698 0.683 0.695 0.689 0.651 0.611 0.544 0.609 0.574 0.621 0.606 0.586 0.524 0.536 0.56 0.542 0.489 0.53 0.501 0.512 0.492 0.444 0.473 0.489 0.503 0.52 0.417 0.503 0.494 0.395 -0.3 0.424 0.401 0.517 0.514 0.537 0.563 0.592 0.55 0.609 0.559 0.547 0.632 0.7 0.635 0.54 0.575 0.526 0.485 0.477 0.546 0.533 0.504 0.424 0.437 0.411 0.476 0.418 0.513
0.578 0.595 0.655 0.659 0.655 0.65 0.624 0.654 0.679 0.621 0.629 0.672 0.708 0.719 0.7 0.695 0.678 0.647 0.678 0.683 0.669 0.649 0.629 0.643 0.637 0.58 0.632 0.626 0.599 0.572 0.522 0.541 0.539 0.492 0.405 0.552 0.528 0.498 0.53 0.491 0.527 0.465 0.484 0.49 0.537 0.486 0.496 0.437 0.429 0.358 0.383 0.523 0.564 0.567 0.452 0.627 0.665 0.675 0.659 0.614 0.658 0.603 0.549 0.572 0.554 0.591 0.611 0.571 0.584 0.617 0.639 0.601 0.519 0.484 0.323 0.455 0.407
0.556 0.611 0.626 0.66 0.609 0.646 0.656 0.668 0.629 0.569 0.6 0.65 0.69 0.699 0.67 0.59 0.601 0.675 0.665 0.66 0.663 0.661 0.663 0.636 0.618 0.626 0.609 0.585 0.566 0.59 0.489 0.515 0.485 0.489 0.403 0.523 0.534 0.565 0.557 0.511 0.489 0.537 0.583 0.518 0.556 0.495 0.505 0.492 0.358 0.551 0.502 0.575 0.54 0.598 0.695 0.615 0.672 0.652 0.571 0.604 0.533 0.573 0.614 0.598 0.577 0.563 0.567 0.628 0.621 0.638 0.557 0.57 0.574 0.535 0.477 0.626 0.49
0.595 0.621 0.671 0.566 0.617 0.684 0.673 0.618 0.586 0.56 0.585 0.654 0.67 0.656 0.625 0.622 0.59 0.624 0.616 0.607 0.657 0.628 0.621 0.595 0.566 0.547 0.605 0.602 0.565 0.501 0.561 0.512 0.522 0.53 0.517 0.508 0.542 0.534 0.526 0.538 0.491 0.501 0.517 0.463 0.518 0.449 0.508 0.398 0.458 0.559 0.646 0.69 0.671 0.708 0.652 0.514 0.526 0.622 0.629 0.558 0.619 0.574 0.593 0.61 0.545 0.605 0.61 0.62 0.644 0.665 0.613 0.641 0.679 0.615 0.544 0.577 0.18
0.639 0.621 0.635 0.596 0.646 0.704 0.625 0.621 0.615 0.567 0.625 0.61 0.656 0.669 0.645 0.605 0.573 0.635 0.602 0.579 0.65 0.63 0.681 0.666 0.608 0.546 0.562 0.548 0.586 0.559 0.6 0.582 0.557 0.571 0.56 0.536 0.524 0.484 0.528 0.479 0.524 0.421 0.516 0.606 0.692 0.403 0.223 0.498 0.59 0.637 0.599 0.705 0.7 0.597 0.497 0.6 0.647 0.62 0.687 0.71 0.708 0.726 0.707 0.734 0.72 0.717 0.699 0.641 0.607 0.642 0.644 0.619 0.589 0.614 0.554 0.233 0.389
0.615 0.632 0.612 0.62 0.668 0.658 0.645 0.621 0.65 0.617 0.628 0.628 0.636 0.635 0.622 0.605 0.63 0.636 0.592 0.602 0.648 0.627 0.601 0.586 0.618 0.631 0.613 0.624 0.55 0.521 0.595 0.564 0.568 0.608 0.57 0.541 0.557 0.534 0.516 0.553 0.526 0.548 0.581 0.587 0.49 0.182 0.457 0.558 0.539 0.515 0.621 0.567 0.517 0.495 0.522 0.672 0.683 0.672 0.625 0.662 0.723 0.7 0.624 0.69 0.699 0.658 0.562 0.508 0.578 0.586 0.626 0.637 0.576 0.48 0.475 0.233 0.191
0.603 0.628 0.64 0.658 0.684 0.644 0.609 0.579 0.626 0.618 0.674 0.659 0.61 0.619 0.619 0.599 0.619 0.632 0.596 0.55 0.574 0.584 0.554 0.644 0.66 0.598 0.613 0.596 0.558 0.517 0.558 0.525 0.613 0.567 0.517 0.521 0.526 0.529 0.563 0.512 0.505 0.536 0.562 0.536 0.544 0.451 0.501 0.561 0.534 0.53 0.537 0.574 0.568 0.54 0.588 0.615 0.681 0.691 0.692 0.639 0.666 0.598 0.599 0.559 0.618 0.586 0.597 0.673 0.67 0.678 0.595 0.5 0.511 0.486 0.485 0.36 0.117
0.629 0.639 0.635 0.633 0.681 0.619 0.555 0.59 0.576 0.651 0.661 0.642 0.633 0.635 0.596 0.608 0.634 0.622 0.605 0.562 0.522 0.612 0.67 0.627 0.653 0.651 0.618 0.616 0.571 0.552 0.606 0.535 0.571 0.53 0.547 0.539 0.508 0.482 0.549 0.57 0.506 0.482 0.598 0.673 0.702 0.46 0.432 0.511 0.51 0.505 0.511 0.577 0.566 0.588 0.591 0.552 0.719 0.691 0.66 0.601 0.574 0.524 0.609 0.672 0.631 0.734 0.723 0.705 0.71 0.669 0.701 0.697 0.517 0.51 0.509 0.416 0.25
0.632 0.638 0.619 0.644 0.667 0.604 0.592 0.605 0.631 0.653 0.621 0.655 0.595 0.583 0.583 0.615 0.608 0.623 0.595 0.609 0.636 0.656 0.624 0.623 0.656 0.668 0.665 0.602 0.606 0.59 0.544 0.478 0.356 0.458 0.407 0.524 0.509 0.504 0.484 0.508 0.51 0.528 0.556 0.596 0.681 0.482 0.516 0.538 0.535 0.548 0.671 0.683 0.6 0.592 0.704 0.532 0.515 0.565 0.563 0.553 0.588 0.623 0.674 0.652 0.642 0.705 0.718 0.736 0.716 0.702 0.688 0.591 0.566 0.437 0.559 0.433 0.454
0.657 0.626 0.621 0.615 0.605 0.596 0.598 0.636 0.637 0.614 0.678 0.593 0.606 0.615 0.582 0.593 0.659 0.652 0.705 0.701 0.689 0.672 0.65 0.66 0.628 0.686 0.619 0.665 0.569 0.574 0.572 0.579 0.585 0.53 0.521 0.529 0.537 -0.3 -0.3 0.375 -0.3 -0.3 0.553 0.505 0.287 0.486 0.538 0.556 0.553 0.69 0.688 0.63 0.594 0.628 0.651 0.517 0.693 0.663 0.713 0.708 0.654 0.667 0.648 0.609 0.686 0.787 0.769 0.796 0.65 0.565 0.544 0.445 0.526 0.556 0.508 0.473 0.484
0.591 0.603 0.643 0.643 0.688 0.586 0.62 0.618 0.578 0.604 0.638 0.59 0.625 0.589 0.632 0.639 0.67 0.71 0.71 0.682 0.686 0.627 0.637 0.656 0.662 0.64 0.639 0.619 0.66 0.532 0.591 0.573 0.58 0.556 0.52 0.525 0.546 0.509 0.435 0.467 0.401 0.435 0.37 0.363 0.347 0.472 0.471 0.532 0.574 0.674 0.633 0.626 0.638 0.696 0.735 0.569 0.699 0.74 0.716 0.677 0.664 0.596 0.682 0.715 0.761 0.795 0.798 0.711 0.618 0.532 0.409 0.468 0.65 0.646 0.459 0.485 0.409
0.618 0.591 0.626 0.669 0.695 0.612 0.612 0.59 0.631 0.68 0.58 0.569 0.565 0.578 0.615 0.69 0.693 0.696 0.674 0.681 0.667 0.654 0.656 0.643 0.676 0.689 0.667 0.669 0.618 0.608 0.603 0.581 0.589 0.612 0.568 0.614 0.581 0.569 0.521 0.477 0.478 0.524 0.478 0.511 0.432 0.505 0.562 0.554 0.637 0.686 0.611 0.554 0.625 0.698 0.611 0.696 0.713 0.715 0.69 0.701 0.643 0.582 0.644 0.712 0.738 0.652 0.66 0.63 0.581 0.481 0.444 0.604 0.586 0.405 0.214 0.356 0.54
0.578 0.601 0.616 0.66 0.645 0.529 0.568 0.611 0.625 0.57 0.548 0.606 0.573 0.624 0.659 0.71 0.68 0.656 0.637 0.616 0.629 0.667 0.625 0.7 0.694 0.668 0.568 0.644 0.652 0.671 0.674 0.651 0.632 0.631 0.652 0.634 0.596 0.562 0.475 0.432 0.484 0.502 0.488 0.378 0.491 0.563 0.573 0.555 0.58 0.706 0.643 0.536 0.515 0.598 0.647 0.716 0.742 0.697 0.757 0.76 0.65 0.731 0.687 0.702 0.682 0.689 0.677 0.685 0.606 0.521 0.505 0.551 0.471 0.365 0.362 0.49 0.502
0.575 0.618 0.681 0.662 0.586 0.531 0.579 0.579 0.53 0.503 0.578 0.604 0.627 0.664 0.687 0.674 0.654 0.65 0.625 0.619 0.681 0.655 0.661 0.688 0.667 0.675 0.713 0.691 0.695 0.697 0.637 0.627 0.626 0.602 0.619 0.573 0.512 0.556 0.48 0.436 0.477 0.465 0.507 0.478 0.548 0.601 0.559 0.564 0.577 0.573 0.645 0.574 0.582 0.659 0.746 0.757 0.766 0.747 0.691 0.609 0.721 0.707 0.657 0.655 0.657 0.636 0.609 0.61 0.542 0.525 0.506 0.526 0.461 0.405 0.314 0.477 0.5
0.581 0.56 0.58 0.597 0.581 0.524 0.581 0.539 0.553 0.635 0.602 0.637 0.657 0.597 0.652 0.629 0.637 0.654 0.618 0.601 0.677 0.715 0.695 0.716 0.685 0.651 0.669 0.603 0.581 0.565 0.623 0.697 0.649 0.593 0.687 0.686 0.582 0.536 0.582 0.611 0.537 0.525 0.537 0.389 0.468 0.54 0.545 0.615 0.622 0.567 0.567 0.698 0.779 0.605 0.536 0.726 0.771 0.71 0.744 0.735 0.783 0.697 0.649 0.536 0.53 0.555 0.544 0.518 0.488 0.502 0.548 0.522 0.415 0.321 0.455 0.408 0.444
0.571 0.573 0.592 0.636 0.668 0.562 0.565 0.538 0.598 0.566 0.62 0.663 0.584 0.632 0.661 0.632 0.643 0.594 0.59 0.617 0.687 0.698 0.714 0.679 0.662 0.643 0.629 0.639 0.653 0.672 0.67 0.667 0.636 0.701 0.627 0.664 0.642 0.578 0.551 0.554 0.502 0.532 0.566 0.553 0.476 0.491 0.534 0.506 0.557 0.514 0.62 0.719 0.624 0.556 0.589 0.687 0.639 0.683 0.663 0.656 0.63 0.64 0.552 0.531 0.512 0.534 0.51 0.536 0.527 0.562 0.507 0.49 0.424 0.377 0.386 0.458 0.428
0.575 0.597 0.652 0.668 0.65 0.585 0.589 0.519 0.602 0.603 0.623 0.645 0.598 0.649 0.648 0.649 0.623 0.544 0.611 0.682 0.716 0.736 0.679 0.617 0.655 0.614 0.675 0.672 0.685 0.681 0.65 0.607 0.662 0.716 0.628 0.631 0.597 0.584 0.552 0.542 0.558 0.597 0.591 0.578 0.505 0.278 0.382 0.483 0.505 0.526 0.64 0.542 0.635 0.641 0.671 0.681 0.661 0.65 0.631 0.636 0.538 0.537 0.571 0.532 0.54 0.519 0.511 0.507 0.544 0.512 0.509 0.424 0.403 0.411 0.516 0.558 0.505
0.564 0.586 0.616 0.597 0.602 0.553 0.525 0.533 0.624 0.55 0.636 0.567 0.588 0.586 0.571 0.61 0.583 0.531 0.694 0.705 0.682 0.676 0.587 0.595 0.639 0.644 0.69 0.677 0.667 0.631 0.577 0.599 0.617 0.706 0.695 0.591 0.563 0.579 0.564 0.585 0.57 0.599 0.577 0.586 0.54 0.366 0.498 0.525 0.533 0.592 0.587 0.565 0.634 0.698 0.701 0.596 0.621 0.569 0.592 0.575 0.497 0.56 0.622 0.588 0.584 0.539 0.519 0.53 0.503 0.48 0.431 0.486 0.501 0.472 0.527 0.595 0.603
0.586 0.636 0.635 0.675 0.721 0.551 0.582 0.599 0.591 0.583 0.566 0.619 0.603 0.64 0.595 0.569 0.489 0.541 0.655 0.711 0.601 0.529 0.486 0.575 0.642 0.609 0.558 0.559 0.553 0.588 0.551 0.56 0.594 0.644 0.713 0.585 0.57 0.527 0.571 0.566 0.583 0.546 0.559 0.553 0.57 0.528 0.55 0.569 0.562 0.595 0.577 0.623 0.59 0.654 0.637 0.584 0.536 0.56 0.603 0.573 0.59 0.597 0.546 0.576 0.6 0.478 0.493 0.547 0.505 0.41 0.417 0.541 0.515 0.552 0.578 0.563 0.616
0.711 0.741 0.803 0.726 0.612 0.586 0.59 0.582 0.543 0.571 0.614 0.603 0.581 0.52 0.526 0.532 0.52 0.537 0.608 0.477 0.544 0.491 0.618 0.671 0.675 0.668 0.676 0.536 0.556 0.567 0.576 0.549 0.624 0.6 0.489 0.607 0.66 0.631 0.601 0.58 0.56 0.561 0.545 0.512 0.409 0.438 0.327 0.51 0.64 0.693 0.706 0.659 0.528 0.49 0.621 0.598 0.596 0.563 0.528 0.473 0.591 0.585 0.563 0.512 0.516 0.504 0.514 0.507 0.468 0.397 0.632 0.658 0.631 0.568 0.66 0.527 0.516
0.659 0.748 0.734 0.658 0.641 0.555 0.545 0.59 0.546 0.607 0.66 0.636 0.583 0.581 0.608 0.586 0.592 0.585 0.623 0.544 0.594 0.569 0.621 0.686 0.652 0.671 0.645 0.523 0.519 0.552 0.617 0.588 0.571 0.526 0.519 0.517 0.528 0.582 0.618 0.584 0.548 0.552 0.554 0.564 0.505 0.49 0.383 0.506 0.599 0.588 0.699 0.593 0.562 0.632 0.627 0.559 0.573 0.571 0.54 0.437 0.54 0.486 0.471 0.572 0.546 0.529 0.514 0.521 0.547 0.466 0.624 0.681 0.627 0.546 0.629 0.548 0.519
0.67 0.661 0.662 0.628 0.598 0.558 0.575 0.515 0.669 0.677 0.609 0.574 0.583 0.675 0.662 0.592 0.596 0.623 0.631 0.562 0.616 0.617 0.624 0.657 0.674 0.626 0.662 0.543 0.499 0.536 0.609 0.573 0.553 0.557 0.548 0.521 0.522 0.513 0.628 0.529 0.562 0.608 0.577 0.572 0.592 0.56 0.48 0.572 0.616 0.576 0.546 0.542 0.604 0.547 0.504 0.575 0.533 0.584 0.624 0.628 0.686 0.722 0.61 0.557 0.573 0.636 0.613 0.615 0.519 0.457 0.566 0.532 0.635 0.586 0.517 0.616 0.568
0.641 0.623 0.627 0.632 0.603 0.568 0.592 0.636 0.683 0.649 0.616 0.672 0.69 0.724 0.7 0.56 0.547 0.677 0.584 0.651 0.647 0.648 0.657 0.685 0.693 0.636 0.642 0.66 0.559 0.589 0.559 0.596 0.59 0.536 0.564 0.566 0.551 0.55 0.572 0.539 0.58 0.587 0.562 0.581 0.61 0.588 0.483 0.567 0.58 0.59 0.549 0.539 0.501 0.53 0.41 0.545 0.627 0.656 0.706 0.675 0.732 0.677 0.659 0.646 0.625 0.583 0.585 0.516 0.544 0.625 0.595 0.61 0.599 0.496 0.526 0.689 0.641
0.663 0.673 0.631 0.617 0.618 0.569 0.579 0.623 0.645 0.649 0.675 0.716 0.688 0.63 0.643 0.577 0.652 0.666 0.627 0.638 0.649 0.599 0.597 0.646 0.617 0.649 0.611 0.638 0.56 0.601 0.599 0.566 0.587 0.616 0.541 0.537 0.551 0.548 0.591 0.591 0.581 0.606 0.56 0.623 0.599 0.563 0.56 0.569 0.618 0.609 0.54 0.547 0.579 0.593 0.576 0.627 0.653 0.727 0.793 0.728 0.714 0.612 0.642 0.651 0.679 0.561 0.586 0.601 0.565 0.523 0.652 0.668 0.573 0.547 0.642 0.673 0.731
0.657 0.676 0.585 0.656 0.551 0.562 0.552 0.554 0.613 0.647 0.631 0.596 0.604 0.659 0.673 0.658 0.621 0.576 0.638 0.639 0.65 0.66 0.67 0.699 0.653 0.664 0.587 0.595 0.638 0.621 0.545 0.513 0.569 0.545 0.529 0.519 0.535 0.63 0.666 0.609 0.566 0.596 0.586 0.614 0.621 0.572 0.615 0.621 0.633 0.627 0.579 0.623 0.698 0.711 0.681 0.765 0.674 0.682 0.599 0.559 0.585 0.502 0.555 0.555 0.501 0.493 0.527 0.619 0.659 0.59 0.472 0.56 0.616 0.572 0.542 0.706 0.687
0.66 0.655 0.636 0.597 0.529 0.561 0.609 0.631 0.672 0.683 0.633 0.631 0.626 0.627 0.586 0.63 0.543 0.592 0.635 0.695 0.726 0.747 0.695 0.634 0.679 0.617 0.604 0.569 0.522 0.523 0.54 0.516 0.516 0.507 0.503 0.549 0.546 0.654 0.677 0.605 0.61 0.613 0.688 0.589 0.546 0.595 0.632 0.679 0.571 0.584 0.58 0.621 0.692 0.679 0.692 0.618 0.643 0.646 0.687 0.724 0.65 0.536 0.582 0.567 0.484 0.473 0.37 0.693 0.665 0.499 0.498 0.59 0.594 0.619 0.541 0.663 0.648
0.65 0.649 0.624 0.504 0.548 0.644 0.646 0.675 0.684 0.678 0.639 0.629 0.588 0.562 0.633 0.592 0.608 0.637 0.696 0.678 0.707 0.666 0.58 0.57 0.572 0.593 0.564 0.55 0.534 0.503 0.509 0.53 0.525 0.564 0.544 0.555 0.571 0.583 0.621 0.543 0.583 0.713 0.647 0.559 0.502 0.614 0.591 0.584 0.652 0.592 0.596 0.661 0.67 0.701 0.642 0.626 0.721 0.741 0.663 0.622 0.605 0.581 0.548 0.53 0.502 0.404 0.363 0.598 0.562 0.601 0.637 0.646 0.576 0.615 0.648 0.707 0.622
0.627 0.663 0.573 0.512 0.622 0.669 0.666 0.671 0.667 0.674 0.621 0.567 0.58 0.671 0.694 0.606 0.622 0.685 0.721 0.655 0.68 0.564 0.551 0.573 0.583 0.497 0.578 0.545 0.568 0.565 0.542 0.533 0.529 0.522 0.554 0.614 0.608 0.583 0.549 0.493 0.664 0.707 0.64 0.497 0.504 0.596 0.561 0.593 0.53 0.563 0.671 0.685 0.714 0.763 0.707 0.746 0.678 0.56 0.511 0.461 0.623 0.648 0.656 0.517 0.491 0.446 0.565 0.667 0.593 0.588 0.621 0.466 0.551 0.718 0.683 0.735 0.701
0.594 0.606 0.619 0.646 0.657 0.673 0.67 0.669 0.64 0.654 0.631 0.641 0.651 0.688 0.706 0.637 0.664 0.695 0.703 0.673 0.573 0.537 0.552 0.544 0.557 0.547 0.553 0.549 0.573 0.535 0.539 0.515 0.528 0.621 0.581 0.677 0.682 0.596 0.544 0.52 0.595 0.588 0.575 0.446 0.477 0.644 0.634 0.611 0.554 0.533 0.693 0.748 0.716 0.749 0.655 0.569 0.503 0.496 0.484 0.55 0.732 0.622 0.547 0.554 0.452 0.521 0.546 0.623 0.669 0.64 0.66 0.606 0.559 0.679 0.701 0.702 0.647
