data/china_ndvi_max_1982.asc
ncols         710
nrows         510
xllcorner     70
yllcorner     10
cellsize      0.1
NODATA_value  -9999
[rows 170 to 203 of 510, columns 231 to 307 of 710]
0.137 0.203 0.239 0.233 0.14 0.176 0.208 0.088 0.045 0.048 0.05 0.061 0.043 0.058 0.059 0.052 0.076 0.061 0.059 0.056 0.077 0.07 0.083 0.071 0.093 -9999 -9999 -9999 -9999 -9999 -9999 -9999 -9999 -9999 -9999 -9999 -9999 -9999 -9999 -9999 -9999 -9999 -9999 -9999 -9999 -9999 -9999 -9999 -9999 -9999 -9999 -9999 -9999 -9999 -9999 -9999 -9999 -9999 -9999 -9999 -9999 -9999 -9999 -9999 -9999 -9999 -9999 -9999 -9999 -9999 -9999 -9999 -9999 -9999 -9999 -9999 -9999
0.108 0.116 0.135 0.197 0.162 0.148 0.142 0.111 0.075 0.053 0.081 0.061 0.035 0.043 0.029 0.04 0.041 0.043 0.09 0.152 0.093 0.066 0.077 0.084 0.093 0.062 -9999 -9999 -9999 -9999 -9999 -9999 -9999 -9999 -9999 -9999 -9999 -9999 -9999 -9999 -9999 -9999 -9999 -9999 -9999 -9999 -9999 -9999 -9999 -9999 -9999 -9999 -9999 -9999 -9999 -9999 -9999 -9999 -9999 -9999 -9999 -9999 -9999 -9999 -9999 -9999 -9999 -9999 -9999 -9999 -9999 -9999 -9999 -9999 -9999 -9999 -9999
0.219 0.161 0.132 0.095 0.165 0.172 0.137 0.134 0.11 0.078 0.06 0.094 0.052 0.057 0.039 0.043 0.045 0.056 0.047 0.057 0.098 0.09 0.068 0.053 0.067 0.07 -9999 -9999 -9999 -9999 -9999 -9999 -9999 -9999 -9999 -9999 -9999 -9999 -9999 -9999 -9999 -9999 -9999 -9999 -9999 -9999 -9999 -9999 -9999 -9999 -9999 -9999 -9999 -9999 -9999 -9999 -9999 -9999 -9999 -9999 -9999 -9999 -9999 -9999 -9999 -9999 -9999 -9999 -9999 -9999 -9999 -9999 -9999 -9999 -9999 -9999 -9999
0.27 0.23 0.211 0.131 0.084 0.176 0.216 0.17 0.117 0.154 0.112 0.077 0.063 0.053 0.067 0.059 0.055 0.058 0.056 0.041 0.046 0.051 0.092 0.08 0.082 0.093 0.073 -9999 -9999 -9999 -9999 -9999 -9999 -9999 -9999 -9999 -9999 -9999 -9999 -9999 -9999 -9999 -9999 -9999 -9999 -9999 -9999 -9999 -9999 -9999 -9999 -9999 -9999 -9999 -9999 -9999 -9999 -9999 -9999 -9999 -9999 -9999 -9999 -9999 -9999 -9999 -9999 -9999 -9999 -9999 -9999 -9999 -9999 -9999 -9999 -9999 -9999
0.194 0.193 0.174 0.151 0.098 0.119 0.161 0.171 0.123 0.165 0.181 0.13 0.138 0.121 0.082 0.067 0.044 0.056 0.07 0.063 0.055 0.054 0.052 0.07 0.084 0.105 0.119 0.097 -9999 -9999 -9999 -9999 -9999 -9999 -9999 -9999 -9999 -9999 -9999 -9999 -9999 -9999 -9999 -9999 -9999 -9999 -9999 -9999 -9999 -9999 -9999 -9999 -9999 -9999 -9999 -9999 -9999 -9999 -9999 -9999 -9999 -9999 -9999 -9999 -9999 -9999 -9999 -9999 -9999 -9999 -9999 -9999 -9999 -9999 -9999 -9999 -9999
0.197 0.197 0.203 0.046 0.335 0.298 0.222 0.238 0.298 0.152 0.092 0.062 0.081 0.129 0.104 0.101 0.105 0.081 0.074 0.092 0.083 0.079 0.077 0.086 0.104 0.072 0.087 0.103 -9999 -9999 -9999 -9999 -9999 -9999 -9999 -9999 -9999 -9999 -9999 -9999 -9999 -9999 -9999 -9999 -9999 -9999 -9999 -9999 -9999 -9999 -9999 -9999 -9999 -9999 -9999 -9999 -9999 -9999 -9999 -9999 -9999 -9999 -9999 -9999 -9999 -9999 -9999 -9999 -9999 -9999 -9999 -9999 -9999 -9999 -9999 -9999 -9999
0.127 0.138 0.199 0.236 0.207 0.233 0.277 0.284 0.334 0.232 0.192 0.132 0.118 0.124 0.121 0.099 0.108 0.114 0.082 0.086 0.077 0.076 0.079 0.063 0.062 0.051 0.077 0.08 -9999 -9999 -9999 -9999 -9999 -9999 -9999 -9999 -9999 -9999 -9999 -9999 -9999 -9999 -9999 -9999 -9999 -9999 -9999 -9999 -9999 -9999 -9999 -9999 -9999 -9999 -9999 -9999 -9999 -9999 -9999 -9999 -9999 -9999 -9999 -9999 -9999 -9999 -9999 -9999 -9999 -9999 -9999 -9999 -9999 -9999 -9999 -9999 -9999
0.051 0.053 0.052 0.079 0.1 0.123 0.157 0.166 0.16 0.208 0.26 0.236 0.165 0.17 0.112 0.131 0.135 0.086 0.08 0.061 0.08 0.091 0.102 0.06 0.071 0.062 0.056 0.046 0.065 -9999 -9999 -9999 -9999 -9999 -9999 -9999 -9999 -9999 -9999 -9999 -9999 -9999 -9999 -9999 -9999 -9999 -9999 -9999 -9999 -9999 -9999 -9999 -9999 -9999 -9999 -9999 -9999 -9999 -9999 -9999 -9999 -9999 -9999 -9999 -9999 -9999 -9999 -9999 -9999 -9999 -9999 -9999 -9999 -9999 -9999 -9999 -9999
0.042 0.036 0.024 0.057 0.049 0.048 0.09 0.107 0.155 0.183 0.233 0.153 0.016 0.104 0.182 0.155 0.14 0.124 0.115 0.069 0.088 0.065 0.061 0.081 0.083 0.067 0.053 0.053 0.065 0.05 -9999 -9999 -9999 -9999 -9999 -9999 -9999 -9999 -9999 -9999 -9999 -9999 -9999 -9999 -9999 -9999 -9999 -9999 -9999 -9999 -9999 -9999 -9999 -9999 -9999 -9999 -9999 -9999 -9999 -9999 -9999 -9999 -9999 -9999 -9999 -9999 -9999 -9999 -9999 -9999 -9999 -9999 -9999 -9999 -9999 -9999 -9999
0.044 0.037 0.037 0.037 0.055 0.057 0.071 0.093 0.1 0.151 0.205 0.203 0.101 0 0.143 0.218 0.217 0.18 0.162 0.098 0.072 0.076 0.109 0.124 0.122 0.068 0.073 0.071 0.073 0.061 0.07 0.068 -9999 -9999 -9999 -9999 -9999 -9999 -9999 -9999 -9999 -9999 -9999 -9999 -9999 -9999 -9999 -9999 -9999 -9999 -9999 -9999 -9999 -9999 -9999 -9999 -9999 -9999 -9999 -9999 -9999 -9999 -9999 -9999 -9999 -9999 -9999 -9999 -9999 -9999 -9999 -9999 -9999 -9999 -9999 -9999 -9999
0.096 0.094 0.131 0.18 0.181 0.079 0.054 0.038 0.079 0.103 0.106 0.117 0.13 0.121 0.192 0.172 0.187 0.177 0.165 0.099 0.095 0.099 0.092 0.09 0.086 0.084 0.077 0.064 0.075 0.074 0.072 0.069 0.057 -9999 -9999 -9999 -9999 -9999 -9999 -9999 -9999 -9999 -9999 -9999 -9999 -9999 -9999 -9999 -9999 -9999 -9999 -9999 -9999 -9999 -9999 -9999 -9999 -9999 -9999 -9999 -9999 -9999 -9999 -9999 -9999 -9999 -9999 -9999 -9999 -9999 -9999 -9999 -9999 -9999 -9999 -9999 -9999
0.084 0.073 0.091 0.114 0.246 0.191 0.147 0.115 0.047 0.049 0.07 0.056 0.073 0.083 0.116 0.104 0.089 0.101 0.078 0.085 0.081 0.077 0.084 0.081 0.082 0.073 0.078 0.083 0.08 0.059 0.06 0.06 0.055 -9999 -9999 -9999 -9999 -9999 -9999 -9999 -9999 -9999 -9999 -9999 -9999 -9999 -9999 -9999 -9999 -9999 -9999 -9999 -9999 -9999 -9999 -9999 -9999 -9999 -9999 -9999 -9999 -9999 -9999 -9999 -9999 -9999 -9999 -9999 -9999 -9999 -9999 -9999 -9999 -9999 -9999 -9999 -9999
0.089 0.074 0.066 0.054 0.094 0.11 0.095 0.088 0.15 0.084 0.043 0.063 0.059 0.069 0.113 0.094 0.082 0.081 0.072 0.073 0.069 0.064 0.064 0.058 0.07 0.07 0.07 0.074 0.062 0.06 0.062 0.066 0.067 0.066 0.062 0.06 0.056 0.06 0.06 0.062 0.066 0.07 0.077 0.081 0.078 0.079 0.074 0.069 -9999 -9999 -9999 -9999 -9999 -9999 -9999 -9999 -9999 -9999 -9999 -9999 -9999 -9999 -9999 -9999 -9999 -9999 -9999 -9999 -9999 -9999 -9999 -9999 -9999 -9999 -9999 -9999 -9999
0.097 0.082 0.073 0.055 0.063 0.061 0.069 0.069 0.087 0.174 0.058 0.062 0.064 0.075 0.063 0.084 0.087 0.086 0.073 0.068 0.065 0.062 0.068 0.076 0.064 0.065 0.072 0.067 0.063 0.065 0.071 0.068 0.072 0.066 0.061 0.06 0.059 0.058 0.048 0.063 0.07 0.068 0.076 0.075 0.068 0.065 0.072 0.074 0.067 0.07 0.06 0.071 0.063 0.051 0.063 0.066 0.058 0.055 0.065 0.066 -9999 -9999 -9999 -9999 -9999 -9999 -9999 0.064 0.062 0.066 0.063 0.054 0.051 0.063 0.056 0.053 0.051
0.05 0.055 0.067 0.086 0.088 0.086 0.085 0.093 0.082 0.118 0.145 0.114 0.063 0.075 0.043 0.045 0.054 0.062 0.066 0.067 0.063 0.064 0.069 0.065 0.062 0.062 0.061 0.065 0.067 0.077 0.081 0.081 0.082 0.07 0.059 0.066 0.067 0.067 0.061 0.053 0.063 0.063 0.061 0.053 0.054 0.054 0.051 0.05 0.053 0.057 0.056 0.063 0.063 0.058 0.065 0.065 0.058 0.055 0.056 0.043 0.037 0.04 0.047 0.046 0.052 0.067 0.075 0.065 0.052 0.064 0.057 0.051 0.059 0.068 0.055 0.054 0.059
0.07 0.072 0.083 0.084 0.086 0.093 0.084 0.084 0.092 0.086 0.072 0.077 0.072 0.074 0.078 0.07 0.061 0.053 0.066 0.045 0.052 0.06 0.076 0.075 0.078 0.076 0.073 0.075 0.085 0.076 0.086 0.086 0.079 0.08 0.071 0.076 0.074 0.075 0.065 0.067 0.071 0.062 0.07 0.066 0.068 0.087 0.09 0.089 0.076 0.071 0.072 0.066 0.069 0.068 0.065 0.068 0.062 0.061 0.056 0.058 0.052 0.063 0.065 0.056 0.053 0.05 0.046 0.051 0.053 0.061 0.052 0.054 0.058 0.051 0.055 0.043 0.047
0.066 0.069 0.078 0.083 0.088 0.076 0.078 0.071 0.064 0.074 0.067 0.061 0.069 0.078 0.05 0.039 0.033 0.039 0.05 0.058 0.058 0.065 0.075 0.072 0.074 0.073 0.073 0.075 0.073 0.087 0.086 0.089 0.09 0.094 0.086 0.084 0.084 0.089 0.084 0.077 0.074 0.066 0.061 0.067 0.066 0.082 0.081 0.072 0.068 0.077 0.083 0.079 0.081 0.083 0.074 0.068 0.065 0.062 0.061 0.059 0.058 0.061 0.06 0.057 0.054 0.05 0.041 0.036 0.042 0.051 0.051 0.058 0.054 0.047 0.041 0.037 0.042
0.058 0.061 0.06 0.052 0.054 0.056 0.047 0.056 0.061 0.062 0.066 0.063 0.069 0.062 0.059 0.058 0.062 0.058 0.065 0.065 0.061 0.071 0.07 0.077 0.077 0.079 0.076 0.075 0.072 0.092 0.083 0.087 0.092 0.087 0.093 0.09 0.081 0.085 0.084 0.079 0.084 0.082 0.076 0.073 0.082 0.073 0.071 0.067 0.072 0.08 0.082 0.085 0.082 0.079 0.08 0.081 0.071 0.066 0.067 0.06 0.053 0.056 0.046 0.055 0.066 0.056 0.048 0.046 0.046 0.049 0.048 0.054 0.05 0.048 0.042 0.044 0.045
0.052 0.051 0.044 0.062 0.065 0.049 0.073 0.053 0.039 0.035 0.044 0.041 0.055 0.065 0.058 0.062 0.043 0.051 0.052 0.067 0.072 0.07 0.064 0.069 0.072 0.068 0.079 0.081 0.084 0.086 0.088 0.092 0.103 0.091 0.088 0.083 0.083 0.08 0.074 0.07 0.068 0.076 0.079 0.074 0.077 0.073 0.076 0.076 0.068 0.07 0.075 0.076 0.087 0.071 0.078 0.08 0.084 0.074 0.064 0.066 0.066 0.07 0.065 0.051 0.05 0.068 0.055 0.049 0.05 0.054 0.053 0.051 0.048 0.048 0.044 0.046 0.053
0.065 0.05 0.052 0.062 0.066 0.068 0.068 0.074 0.074 0.048 0.045 0.048 0.048 0.052 0.062 0.058 0.049 0.057 0.079 0.077 0.068 0.065 0.063 0.066 0.079 0.094 0.111 0.086 0.079 0.086 0.085 0.087 0.091 0.075 0.078 0.077 0.075 0.07 0.069 0.072 0.073 0.082 0.091 0.085 0.074 0.076 0.072 0.066 0.07 0.072 0.073 0.074 0.07 0.071 0.08 0.082 0.08 0.072 0.069 0.064 0.063 0.07 0.055 0.056 0.048 0.044 0.041 0.056 0.069 0.051 0.052 0.053 0.05 0.051 0.048 0.057 0.064
0.061 0.07 0.068 0.06 0.067 0.074 0.067 0.063 0.056 0.056 0.052 0.053 0.054 0.057 0.057 0.057 0.066 0.068 0.071 0.07 0.072 0.071 0.083 0.097 0.092 0.081 0.085 0.095 0.099 0.081 0.084 0.089 0.079 0.058 0.07 0.067 0.073 0.076 0.075 0.077 0.078 0.075 0.081 0.083 0.082 0.085 0.09 0.073 0.068 0.077 0.074 0.075 0.078 0.074 0.073 0.072 0.068 0.068 0.067 0.064 0.069 0.065 0.063 0.063 0.046 0.045 0.06 0.056 0.064 0.054 0.06 0.064 0.064 0.061 0.062 0.103 0.063
0.058 0.058 0.057 0.061 0.057 0.066 0.06 0.058 0.06 0.057 0.053 0.059 0.062 0.066 0.065 0.07 0.066 0.082 0.075 0.068 0.065 0.067 0.091 0.077 0.08 0.085 0.086 0.077 0.083 0.074 0.077 0.069 0.068 0.064 0.062 0.069 0.071 0.07 0.07 0.071 0.07 0.072 0.081 0.083 0.089 0.089 0.088 0.073 0.071 0.075 0.075 0.075 0.072 0.072 0.075 0.074 0.076 0.072 0.075 0.065 0.065 0.062 0.067 0.066 0.064 0.068 0.065 0.059 0.054 0.055 0.056 0.06 0.063 0.062 0.081 0.074 0.062
0.049 0.06 0.059 0.062 0.048 0.057 0.059 0.059 0.064 0.053 0.054 0.056 0.069 0.067 0.069 0.061 0.069 0.073 0.069 0.071 0.073 0.073 0.079 0.072 0.08 0.092 0.086 0.071 0.074 0.065 0.072 0.07 0.068 0.068 0.067 0.074 0.072 0.072 0.073 0.07 0.072 0.073 0.078 0.077 0.074 0.07 0.074 0.07 0.07 0.066 0.069 0.072 0.074 0.071 0.068 0.076 0.072 0.07 0.077 0.07 0.066 0.067 0.072 0.071 0.067 0.068 0.071 0.061 0.059 0.058 0.062 0.061 0.06 0.058 0.086 0.067 0.065
0.048 0.06 0.059 0.067 0.055 0.059 0.059 0.066 0.064 0.052 0.057 0.059 0.061 0.063 0.067 0.061 0.058 0.057 0.061 0.073 0.073 0.07 0.07 0.086 0.074 0.063 0.062 0.08 0.064 0.078 0.071 0.069 0.063 0.071 0.061 0.067 0.069 0.065 0.068 0.075 0.071 0.069 0.078 0.078 0.071 0.061 0.068 0.07 0.081 0.068 0.083 0.067 0.074 0.072 0.062 0.075 0.078 0.068 0.073 0.072 0.073 0.065 0.062 0.065 0.061 0.06 0.065 0.064 0.062 0.062 0.061 0.061 0.066 0.062 0.093 0.069 0.063
0.046 0.053 0.057 0.058 0.059 0.064 0.064 0.06 0.063 0.061 0.068 0.059 0.048 0.051 0.058 0.052 0.052 0.056 0.061 0.09 0.081 0.069 0.099 0.073 0.067 0.074 0.055 0.058 0.078 0.072 0.081 0.079 0.073 0.084 0.073 0.072 0.079 0.079 0.076 0.074 0.086 0.086 0.078 0.082 0.071 0.069 0.072 0.071 0.069 0.075 0.072 0.067 0.067 0.059 0.065 0.066 0.074 0.072 0.071 0.075 0.067 0.064 0.059 0.058 0.06 0.058 0.06 0.064 0.067 0.061 0.059 0.061 0.063 0.063 0.081 0.064 0.067
0.05 0.057 0.066 0.065 0.067 0.069 0.068 0.06 0.066 0.064 0.062 0.069 0.062 0.059 0.065 0.06 0.068 0.065 0.064 0.067 0.078 0.067 0.057 0.061 0.061 0.067 0.073 0.078 0.094 0.078 0.07 0.069 0.083 0.082 0.076 0.078 0.074 0.07 0.064 0.073 0.072 0.08 0.093 0.065 0.075 0.079 0.07 0.061 0.08 0.078 0.081 0.064 0.057 0.062 0.067 0.079 0.072 0.08 0.086 0.073 0.072 0.067 0.068 0.066 0.057 0.056 0.059 0.059 0.063 0.069 0.071 0.069 0.063 0.055 0.068 0.068 0.054
0.055 0.057 0.064 0.062 0.07 0.066 0.07 0.069 0.065 0.067 0.066 0.061 0.055 0.051 0.07 0.071 0.057 0.051 0.06 0.065 0.062 0.068 0.072 0.074 0.07 0.072 0.07 0.066 0.071 0.064 0.069 0.073 0.09 0.099 0.074 0.07 0.066 0.072 0.064 0.075 0.076 0.078 0.076 0.074 0.083 0.083 0.079 0.077 0.07 0.067 0.074 0.068 0.063 0.058 0.066 0.076 0.076 0.072 0.08 0.082 0.076 0.074 0.066 0.059 0.046 0.042 0.052 0.057 0.06 0.064 0.064 0.066 0.064 0.055 0.082 0.06 0.052
0.05 0.05 0.055 0.057 0.061 0.067 0.064 0.065 0.06 0.06 0.055 0.053 0.052 0.047 0.055 0.058 0.066 0.061 0.065 0.075 0.073 0.073 0.075 0.066 0.075 0.08 0.071 0.062 0.059 0.065 0.055 0.069 0.075 0.076 0.076 0.077 0.09 0.081 0.074 0.066 0.071 0.081 0.077 0.078 0.075 0.076 0.078 0.077 0.074 0.076 0.076 0.076 0.065 0.06 0.064 0.069 0.076 0.072 0.07 0.074 0.075 0.073 0.074 0.078 0.074 0.07 0.083 0.063 0.067 0.064 0.065 0.063 0.061 0.104 0.083 0.056 0.056
0.052 0.048 0.054 0.054 0.061 0.065 0.065 0.069 0.063 0.065 0.065 0.062 0.058 0.058 0.056 0.054 0.06 0.059 0.054 0.062 0.062 0.066 0.062 0.056 0.065 0.056 0.066 0.072 0.059 0.058 0.055 0.061 0.06 0.072 0.091 0.09 0.09 0.08 0.069 0.085 0.084 0.079 0.072 0.075 0.083 0.072 0.076 0.069 0.074 0.072 0.067 0.072 0.075 0.073 0.058 0.067 0.065 0.06 0.064 0.071 0.078 0.077 0.068 0.065 0.063 0.07 0.072 0.069 0.075 0.085 0.077 0.074 0.071 0.145 0.061 0.059 0.06
0.051 0.05 0.054 0.052 0.057 0.058 0.055 0.055 0.046 0.062 0.057 0.053 0.048 0.056 0.055 0.058 0.053 0.054 0.054 0.056 0.058 0.06 0.061 0.061 0.06 0.061 0.057 0.063 0.059 0.056 0.057 0.061 0.084 0.097 0.11 0.086 0.071 0.063 0.069 0.078 0.071 0.067 0.072 0.071 0.07 0.068 0.066 0.068 0.067 0.068 0.071 0.065 0.065 0.073 0.069 0.077 0.07 0.074 0.073 0.067 0.069 0.069 0.072 0.072 0.066 0.069 0.074 0.072 0.075 0.085 0.09 0.077 0.091 0.089 0.063 0.064 0.062
0.05 0.048 0.04 0.035 0.039 0.037 0.035 0.043 0.052 0.04 0.045 0.045 0.048 0.063 0.07 0.064 0.062 0.067 0.06 0.047 0.042 0.042 0.049 0.041 0.057 0.052 0.05 0.053 0.054 0.053 0.053 0.055 0.056 0.052 0.075 0.078 0.059 0.064 0.07 0.068 0.067 0.065 0.059 0.057 0.067 0.072 0.075 0.066 0.072 0.066 0.061 0.062 0.085 0.08 0.087 0.082 0.079 0.071 0.065 0.065 0.064 0.058 0.053 0.047 0.057 0.062 0.065 0.056 0.055 0.048 0.044 0.05 0.061 0.06 0.068 0.068 0.064
0.042 0.041 0.04 0.041 0.036 0.044 0.039 0.053 0.072 0.041 0.044 0.045 0.05 0.054 0.066 0.056 0.058 0.042 0.041 0.048 0.048 0.049 0.049 0.054 0.052 0.049 0.047 0.05 0.053 0.051 0.051 0.05 0.053 0.061 0.062 0.053 0.057 0.055 0.056 0.064 0.065 0.065 0.063 0.065 0.066 0.063 0.062 0.068 0.064 0.082 0.079 0.074 0.065 0.069 0.086 0.082 0.077 0.064 0.057 0.066 0.069 0.068 0.071 0.062 0.058 0.06 0.067 0.062 0.055 0.05 0.049 0.051 0.054 0.061 0.06 0.064 0.064
0.038 0.039 0.039 0.046 0.039 0.045 0.045 0.047 0.044 0.037 0.037 0.038 0.05 0.051 0.052 0.047 0.042 0.032 0.04 0.04 0.043 0.052 0.051 0.053 0.042 0.045 0.045 0.05 0.051 0.051 0.052 0.051 0.053 0.06 0.057 0.055 0.061 0.061 0.062 0.055 0.057 0.059 0.06 0.055 0.061 0.061 0.057 0.058 0.06 0.07 0.066 0.072 0.088 0.082 0.066 0.063 0.077 0.073 0.065 0.067 0.067 0.064 0.063 0.06 0.061 0.063 0.066 0.061 0.063 0.051 0.052 0.052 0.053 0.053 0.057 0.056 0.059
0.041 0.041 0.042 0.046 0.041 0.046 0.047 0.046 0.039 0.039 0.029 0.032 0.048 0.046 0.047 0.032 0.028 0.027 0.028 0.045 0.044 0.049 0.048 0.05 0.04 0.04 0.04 0.047 0.05 0.05 0.048 0.047 0.051 0.052 0.049 0.043 0.045 0.061 0.059 0.063 0.062 0.057 0.057 0.055 0.056 0.058 0.057 0.05 0.052 0.061 0.064 0.079 0.098 0.082 0.064 0.065 0.062 0.065 0.065 0.065 0.06 0.065 0.05 0.063 0.053 0.056 0.059 0.061 0.065 0.05 0.052 0.053 0.052 0.051 0.054 0.052 0.054
