data/china_ndvi_max_2000.asc
ncols         710
nrows         510
xllcorner     70
yllcorner     10
cellsize      0.1
NODATA_value  -9999
[rows 136 to 169 of 510, columns 539 to 615 of 710]
0.283 0.332 0.358 0.345 0.284 0.347 0.357 0.389 0.364 0.355 0.361 0.404 0.413 0.39 0.429 0.407 0.407 0.422 0.406 0.42 0.421 0.413 0.411 0.401 0.408 0.396 0.403 0.402 0.419 0.401 0.401 0.395 0.387 0.402 0.386 0.414 0.437 0.503 0.522 0.515 0.523 0.534 0.562 0.576 0.566 0.585 0.587 0.611 0.614 0.624 0.622 0.619 0.62 0.604 0.577 0.53 0.587 0.619 0.626 0.612 0.648 0.491 0.456 0.388 0.292 0.387 0.399 0.383 0.398 0.408 0.436 0.421 0.4 0.4 0.381 0.39 0.37
0.347 0.323 0.351 0.376 0.413 0.393 0.356 0.363 0.348 0.377 0.324 0.391 0.412 0.416 0.421 0.405 0.397 0.421 0.413 0.405 0.396 0.408 0.424 0.424 0.426 0.413 0.386 0.423 0.4 0.385 0.389 0.375 0.375 0.384 0.382 0.404 0.506 0.517 0.486 0.462 0.461 0.523 0.519 0.535 0.539 0.539 0.592 0.598 0.603 0.619 0.633 0.632 0.616 0.599 0.498 0.505 0.577 0.552 0.608 0.624 0.614 0.495 0.435 0.358 0.406 0.379 0.372 0.409 0.401 0.373 0.338 0.36 0.32 0.344 0.355 0.348 0.371
0.368 0.295 0.428 0.417 0.441 0.464 0.379 0.34 0.368 0.36 0.373 0.377 0.386 0.388 0.372 0.366 0.414 0.41 0.389 0.374 0.406 0.423 0.413 0.442 0.379 0.411 0.406 0.412 0.388 0.407 0.419 0.394 0.381 0.379 0.393 0.423 0.443 0.446 0.458 0.493 0.533 0.485 0.49 0.519 0.501 0.595 0.598 0.605 0.596 0.596 0.587 0.614 0.563 0.522 0.447 0.567 0.569 0.55 0.594 0.583 0.573 0.458 0.418 0.39 0.339 0.391 0.403 0.401 0.388 0.291 0.386 0.386 0.381 0.405 0.412 0.409 0.398
0.367 0.376 0.432 0.325 0.399 0.386 0.344 0.314 0.352 0.37 0.39 0.384 0.384 0.387 0.376 0.37 0.365 0.38 0.375 0.41 0.421 0.42 0.422 0.401 0.412 0.394 0.42 0.423 0.42 0.416 0.411 0.379 0.41 0.393 0.39 0.411 0.429 0.437 0.464 0.445 0.457 0.451 0.447 0.454 0.525 0.595 0.555 0.592 0.611 0.612 0.628 0.542 0.576 0.621 0.617 0.614 0.562 0.582 0.604 0.576 0.557 0.425 0.387 0.37 0.342 0.356 0.395 0.326 0.312 0.374 0.38 0.416 0.418 0.438 0.422 0.417 0.44
0.307 0.386 0.354 0.366 0.287 0.223 0.338 0.361 0.388 0.368 0.358 0.343 0.384 0.403 0.382 0.387 0.357 0.404 0.4 0.409 0.368 0.401 0.433 0.376 0.361 0.419 0.435 0.424 0.415 0.405 0.415 0.398 0.393 0.383 0.374 0.382 0.365 0.412 0.385 0.392 0.407 0.454 0.424 0.447 0.49 0.6 0.622 0.636 0.616 0.605 0.618 0.603 0.614 0.625 0.603 0.594 0.578 0.553 0.581 0.46 0.383 0.369 0.364 0.391 0.346 0.364 0.326 0.384 0.38 0.4 0.37 0.403 0.388 0.375 0.378 0.424 0.389
0.335 0.274 0.205 0.223 0.277 0.29 0.33 0.347 0.357 0.356 0.355 0.325 0.126 0.312 0.398 0.371 0.351 0.416 0.391 0.358 0.401 0.407 0.421 0.392 0.411 0.396 0.407 0.42 0.409 0.407 0.395 0.378 0.365 0.383 0.39 0.401 0.415 0.409 0.433 0.438 0.448 0.512 0.493 0.456 0.483 0.543 0.629 0.605 0.635 0.582 0.593 0.586 0.618 0.601 0.604 0.59 0.52 0.502 0.543 0.434 0.405 0.332 0.291 0.312 0.288 0.264 0.369 0.374 0.338 0.344 0.349 0.361 0.368 0.348 0.361 0.39 0.392
0.348 0.178 0.2 0.223 0.236 0.032 0.343 0.361 0.352 0.306 0.338 0.322 0.322 0.34 0.404 0.382 0.405 0.397 0.359 0.408 0.436 0.373 0.377 0.432 0.423 0.4 0.41 0.415 0.382 0.373 0.383 0.389 0.39 0.392 0.393 0.411 0.422 0.397 0.421 0.455 0.497 0.503 0.569 0.585 0.563 0.567 0.606 0.602 0.61 0.585 0.592 0.611 0.598 0.548 0.575 0.587 0.556 0.369 0.45 0.37 0.341 0.341 0.385 0.458 0.403 0.344 0.344 0.337 0.378 0.464 0.493 0.437 0.317 0.326 0.325 0.37 0.365
0.305 0.286 0.244 0.208 0.338 0.358 0.33 0.32 0.326 0.262 0.217 0.252 0.243 0.238 0.278 0.379 0.367 0.319 0.346 0.39 0.401 0.383 0.387 0.427 0.415 0.419 0.377 0.386 0.399 0.404 0.4 0.351 0.418 0.397 0.414 0.414 0.369 0.405 0.487 0.517 0.567 0.54 0.549 0.59 0.607 0.614 0.597 0.58 0.611 0.597 0.584 0.555 0.526 0.547 0.566 0.601 0.564 0.49 0.39 0.337 0.355 0.431 0.437 0.456 0.402 0.392 0.449 0.4 0.515 0.524 0.586 0.508 0.349 0.36 0.441 0.473 0.44
0.363 0.214 0.284 0.245 0.356 0.393 0.34 0.35 0.338 0.298 0.258 0.222 0.208 0.317 0.319 0.296 0.337 0.261 0.366 0.352 0.377 0.382 0.391 0.409 0.418 0.372 0.387 0.39 0.398 0.397 0.394 0.408 0.406 0.42 0.406 0.398 0.489 0.53 0.527 0.531 0.579 0.562 0.582 0.591 0.601 0.611 0.607 0.578 0.622 0.584 0.617 0.588 0.599 0.594 0.571 0.61 0.501 0.408 0.358 0.389 0.388 0.459 0.454 0.453 0.494 0.482 0.513 0.499 0.525 0.54 0.575 0.55 0.451 0.463 0.389 0.38 0.469
0.26 0.371 0.328 0.307 0.322 0.291 0.315 0.341 0.303 0.251 0.261 0.258 0.27 0.292 0.28 0.349 0.233 0.367 0.343 0.318 0.351 0.36 0.401 0.357 0.422 0.386 0.401 0.406 0.367 0.405 0.413 0.404 0.407 0.407 0.416 0.45 0.366 0.436 0.423 0.389 0.349 0.551 0.57 0.589 0.586 0.594 0.508 0.589 0.576 0.599 0.596 0.588 0.6 0.539 0.497 0.448 0.377 0.475 0.38 0.378 0.399 0.415 0.411 0.398 0.394 0.416 0.372 0.399 0.422 0.46 0.484 0.573 0.603 0.583 0.613 0.617 0.48
0.293 0.291 0.237 0.273 0.244 0.248 0.322 0.361 0.309 0.247 0.206 0.265 0.288 0.268 0.339 0.36 0.251 0.339 0.319 0.37 0.363 0.379 0.362 0.381 0.402 0.375 0.385 0.306 0.381 0.4 0.396 0.388 0.397 0.4 0.416 0.458 0.396 0.378 0.381 0.389 0.376 0.548 0.566 0.533 0.574 0.579 0.486 0.523 0.562 0.578 0.593 0.57 0.556 0.516 0.442 0.405 0.33 0.41 0.412 0.431 0.419 0.393 0.399 0.385 0.378 0.384 0.337 0.341 0.334 0.427 0.412 0.549 0.557 0.584 0.594 0.52 0.517
0.415 0.312 0.298 0.271 0.318 0.273 0.306 0.318 0.322 0.282 0.219 0.27 0.276 0.319 0.321 0.345 0.363 0.286 0.329 0.341 0.361 0.39 0.411 0.394 0.382 0.37 0.396 0.393 0.401 0.389 0.396 0.397 0.382 0.391 0.382 0.39 0.491 0.546 0.488 0.354 0.399 0.477 0.501 0.541 0.564 0.566 0.521 0.497 0.492 0.561 0.581 0.547 0.544 0.495 0.398 0.289 0.463 0.399 0.398 0.432 0.409 0.397 0.417 0.376 0.396 0.393 0.384 0.367 0.389 0.4 0.451 0.57 0.578 0.543 0.486 0.495 0.475
0.413 0.308 0.339 0.235 0.265 0.295 0.242 0.208 0.317 0.277 0.233 0.315 0.277 0.279 0.22 0.281 0.366 0.317 0.334 0.338 0.341 0.373 0.387 0.373 0.378 0.383 0.408 0.397 0.404 0.409 0.38 0.376 0.381 0.388 0.376 0.378 0.454 0.553 0.547 0.516 0.406 0.473 0.555 0.562 0.514 0.506 0.566 0.577 0.502 0.495 0.601 0.585 0.511 0.432 0.381 0.403 0.362 0.388 0.359 0.374 0.416 0.413 0.407 0.372 0.404 0.388 0.368 0.383 0.363 0.374 0.365 0.546 0.58 0.515 0.467 0.458 0.465
0.445 0.329 0.321 0.308 0.204 0.19 0.238 0.186 0.298 0.308 0.271 0.243 0.257 0.292 0.358 0.405 0.38 0.371 0.377 0.348 0.298 0.332 0.391 0.408 0.384 0.381 0.412 0.4 0.397 0.453 0.371 0.372 0.393 0.389 0.371 0.383 0.374 0.341 0.416 0.433 0.396 0.406 0.487 0.49 0.509 0.473 0.469 0.467 0.406 0.397 0.455 0.421 0.404 0.398 0.415 0.543 0.399 0.523 0.493 0.454 0.39 0.393 0.398 0.429 0.419 0.429 0.372 0.389 0.405 0.421 0.552 0.543 0.581 0.544 0.452 0.444 0.42
0.414 0.345 0.372 0.297 0.269 0.269 0.199 0.207 0.222 0.126 0.159 0.274 0.325 0.283 0.299 0.366 0.369 0.387 0.377 0.337 0.364 0.419 0.408 0.397 0.419 0.39 0.348 0.46 0.336 0.385 0.402 0.404 0.413 0.413 0.417 0.412 0.404 0.414 0.412 0.397 0.394 0.405 0.383 0.415 0.538 0.509 0.501 0.407 0.391 0.405 0.357 0.472 0.606 0.536 0.558 0.535 0.606 0.597 0.414 0.39 0.497 0.389 0.422 0.527 0.479 0.353 0.396 0.403 0.404 0.368 0.368 0.398 0.435 0.459 0.467 0.478 0.525
0.31 0.335 0.402 0.333 0.231 0.287 0.282 0.247 0.221 0.179 0.264 0.282 0.287 0.313 0.332 0.364 0.424 0.384 0.37 0.389 0.398 0.348 0.343 0.36 0.376 0.391 0.308 0.248 0.242 0.356 0.387 0.394 0.388 0.372 0.403 0.407 0.4 0.385 0.387 0.382 0.392 0.406 0.457 0.492 0.526 0.508 0.446 0.383 0.362 0.368 0.408 0.605 0.581 0.587 0.59 0.594 0.597 0.573 0.444 0.511 0.472 0.419 0.541 0.546 0.551 0.535 0.34 0.395 0.344 0.365 0.322 0.263 0.348 0.413 0.403 0.458 0.456
-0.3 0.296 0.324 0.343 0.377 0.346 0.282 0.296 0.256 0.275 0.271 0.306 0.282 0.369 0.35 0.352 0.353 0.342 0.392 0.391 0.394 0.332 0.322 0.339 0.331 0.331 0.292 0.221 0.253 0.342 0.398 0.399 0.394 0.422 0.438 0.44 0.466 0.483 0.447 0.431 0.419 0.468 0.557 0.554 0.527 0.491 0.427 0.389 0.375 0.464 0.552 0.605 0.624 0.614 0.631 0.623 0.599 0.565 0.475 0.52 0.53 0.454 0.448 0.545 0.596 0.585 0.49 0.484 0.459 0.449 0.519 0.489 0.468 0.45 0.48 0.528 0.408
0.318 0.352 0.295 0.296 0.283 0.375 0.249 0.237 0.288 0.329 0.335 0.309 0.313 0.293 0.269 0.261 0.404 0.402 0.388 0.317 0.372 0.35 0.387 0.387 0.362 0.385 0.371 0.276 0.327 0.404 0.397 0.429 0.478 0.52 0.552 0.544 0.422 0.539 0.511 0.471 0.498 0.518 0.521 0.538 0.507 0.505 0.367 0.38 0.385 0.476 0.606 0.606 0.564 0.589 0.584 0.584 0.596 0.466 0.527 0.527 0.559 0.44 0.454 0.548 0.593 0.6 0.509 0.472 0.572 0.552 0.541 0.514 0.56 0.551 0.544 0.53 0.466
0.282 0.255 0.321 0.326 0.241 0.334 0.299 0.245 0.304 0.367 0.309 0.343 0.344 0.345 0.349 0.344 0.363 0.317 0.35 0.338 0.326 0.342 0.379 0.38 0.377 0.381 0.378 0.369 0.372 0.38 0.391 0.386 0.424 0.504 0.551 0.568 0.557 0.581 0.575 0.563 0.547 0.517 0.561 0.525 0.451 0.439 0.389 0.42 0.459 0.408 0.509 0.594 0.543 0.556 0.573 0.614 0.614 0.582 0.551 0.47 0.56 0.542 0.526 0.535 0.596 0.598 0.441 0.45 0.501 0.543 0.549 0.541 0.512 0.515 0.511 0.5 0.556
0.223 0.286 0.25 0.215 0.317 0.36 0.341 0.361 0.342 0.38 0.368 0.331 0.347 0.388 0.34 0.352 0.323 0.348 0.355 0.365 0.366 0.39 0.407 0.4 0.333 0.375 0.42 0.401 0.39 0.386 0.376 0.455 0.547 0.509 0.554 0.496 0.582 0.579 0.558 0.532 0.528 0.368 0.392 0.373 0.387 0.417 0.561 0.613 0.472 0.386 0.508 0.578 0.554 0.573 0.622 0.598 0.606 0.602 0.553 0.502 0.569 0.594 0.565 0.501 0.416 0.387 0.538 0.532 0.445 0.419 0.477 0.447 0.437 0.456 0.434 0.395 0.381
0.208 0.228 0.197 0.162 0.254 0.205 0.371 0.382 0.345 0.378 0.37 0.383 0.366 0.327 0.346 0.337 0.375 0.365 0.343 0.369 0.371 0.378 0.4 0.409 0.393 0.399 0.403 0.396 0.393 0.396 0.407 0.385 0.456 0.491 0.482 0.431 0.515 0.537 0.54 0.479 0.461 0.417 0.447 0.387 0.4 0.553 0.603 0.585 0.51 0.462 0.593 0.559 0.577 0.578 0.608 0.629 0.629 0.658 0.547 0.509 0.607 0.546 0.423 0.365 0.358 0.381 0.482 0.413 0.405 0.405 0.416 0.361 0.344 0.392 0.405 0.386 0.371
0.215 0.231 0.262 0.191 -0.3 -0.3 0.322 0.354 0.352 0.32 0.316 0.378 0.352 0.289 0.266 0.317 0.316 0.332 0.362 0.372 0.36 0.38 0.383 0.393 0.365 0.37 0.38 0.38 0.375 0.374 0.371 0.377 0.438 0.517 0.494 0.471 0.525 0.512 0.532 0.468 0.426 0.445 0.418 0.471 0.459 0.503 0.596 0.595 0.463 0.468 0.548 0.57 0.575 0.552 0.577 0.61 0.624 0.56 0.505 0.559 0.577 0.458 0.42 0.472 0.426 0.37 0.408 0.359 0.418 0.482 0.471 0.437 0.379 0.386 0.367 0.372 0.413
0.261 0.226 0.362 0.293 0.216 0.262 0.319 0.368 0.362 0.27 0.309 0.398 0.361 0.357 0.364 0.327 0.342 0.386 0.356 0.357 0.382 0.396 0.368 0.369 0.382 0.409 0.409 0.42 0.41 0.383 0.378 0.409 0.527 0.503 0.488 0.512 0.577 0.553 0.465 0.441 0.446 0.382 0.449 0.492 0.588 0.548 0.582 0.594 0.468 0.419 0.486 0.6 0.588 0.593 0.597 0.551 0.589 0.527 0.481 0.547 0.552 0.487 0.458 0.527 0.491 0.529 0.429 0.503 0.493 0.528 0.521 0.517 0.41 0.356 0.468 0.525 0.514
0.191 0.281 0.31 0.312 0.311 0.271 0.323 0.305 0.384 0.384 0.389 0.341 0.341 0.372 0.374 0.369 0.356 0.364 0.379 0.377 0.369 0.407 0.399 0.393 0.397 0.405 0.414 0.436 0.422 0.402 0.403 0.4 0.389 0.406 0.41 0.396 0.479 0.488 0.467 0.49 0.415 0.429 0.485 0.511 0.519 0.511 0.505 0.434 0.501 0.598 0.618 0.563 0.604 0.59 0.604 0.575 0.6 0.549 0.5 0.466 0.493 0.494 0.452 0.481 0.483 0.519 0.489 0.466 0.469 0.572 0.578 0.523 0.49 0.486 0.536 0.511 -9999
0.339 0.306 0.334 0.278 0.285 0.281 0.292 0.397 0.372 0.395 0.385 0.38 0.389 0.342 0.329 0.325 0.35 0.4 0.41 0.379 0.405 0.404 0.411 0.421 0.415 0.417 0.416 0.402 0.407 0.374 0.39 0.39 0.368 0.394 0.426 0.379 0.385 0.478 0.534 0.595 0.601 0.505 0.514 0.561 0.519 0.516 0.414 0.444 0.441 0.557 0.607 0.593 0.605 0.604 0.613 0.627 0.519 0.425 0.424 0.385 0.366 0.404 0.489 0.512 0.524 0.478 0.4 0.424 0.449 0.572 0.586 0.611 -9999 -9999 -9999 -9999 -9999
0.315 0.31 0.319 0.341 0.346 0.323 0.357 0.378 0.378 0.38 0.361 0.38 0.382 0.396 0.406 0.402 0.398 0.406 0.404 0.378 0.356 0.382 0.391 0.406 0.404 0.412 0.366 0.398 0.409 0.424 0.402 0.398 0.383 0.411 0.506 0.519 0.395 0.454 0.531 0.544 0.591 0.572 0.557 0.55 0.577 0.564 0.499 0.542 0.545 0.568 0.612 0.586 0.596 0.611 0.607 0.611 0.482 0.401 0.391 0.385 0.377 0.469 0.486 0.513 0.503 0.491 0.417 0.399 0.471 0.594 0.586 0.616 -9999 -9999 -9999 -9999 -9999
0.337 0.304 0.351 0.329 0.308 0.353 0.355 0.38 0.357 0.365 0.388 0.408 0.4 0.417 0.419 0.409 0.422 0.4 0.395 0.402 0.421 0.387 0.397 0.388 0.384 0.419 0.4 0.395 0.401 0.41 0.365 0.388 0.397 0.364 0.41 0.418 0.521 0.505 0.519 0.507 0.529 0.532 0.585 0.575 0.59 0.593 0.626 0.572 0.609 0.624 0.608 0.514 0.605 0.57 0.527 0.523 0.514 0.504 0.377 0.414 0.484 0.541 0.572 0.566 0.487 0.399 0.418 0.44 0.51 0.566 0.609 0.576 -9999 -9999 -9999 -9999 -9999
0.318 0.324 0.334 0.341 0.339 0.358 0.351 0.357 0.371 0.414 0.397 0.375 0.394 0.377 0.412 0.444 0.401 0.399 0.422 0.391 0.413 0.387 0.393 0.395 0.38 0.397 0.414 0.407 0.397 0.421 0.405 0.421 0.478 0.403 0.461 0.482 0.594 0.606 0.527 0.466 0.551 0.525 0.538 0.581 0.612 0.607 0.639 0.619 0.587 0.604 0.544 0.497 0.541 0.449 0.452 0.38 0.466 0.377 0.355 0.507 0.499 0.567 0.545 0.558 0.46 0.418 0.408 0.425 0.485 0.567 0.598 0.581 0.554 -9999 -9999 -9999 -9999
0.279 0.309 0.283 0.299 0.338 0.351 0.368 0.374 0.376 0.352 0.397 0.357 0.398 0.406 0.41 0.391 0.398 0.402 0.365 0.399 0.429 0.394 0.41 0.407 0.388 0.389 0.388 0.377 0.393 0.393 0.424 0.415 0.429 0.41 0.45 0.493 0.475 0.555 0.578 0.524 0.549 0.603 0.618 0.595 0.595 0.665 0.626 0.604 0.613 0.592 0.607 0.41 0.418 0.489 0.392 0.329 0.322 0.258 0.379 0.419 0.433 0.551 0.512 0.439 0.434 0.478 0.526 0.504 0.502 0.574 0.583 0.548 0.551 -9999 -9999 -9999 -9999
0.301 0.332 0.373 0.37 0.357 0.306 0.4 0.363 0.39 0.345 0.374 0.365 0.37 0.388 0.396 0.396 0.405 0.402 0.425 0.395 0.404 0.432 0.445 0.458 0.416 0.412 0.382 0.393 0.406 0.404 0.434 0.476 0.533 0.491 0.54 0.555 0.546 0.521 0.51 0.539 0.635 0.563 0.627 0.605 0.611 0.656 0.602 0.614 0.587 0.496 0.416 0.395 0.401 0.408 0.403 0.392 0.435 0.487 0.548 0.643 0.644 0.673 0.61 0.566 0.537 0.569 0.555 0.595 0.59 0.501 0.511 0.491 0.457 -9999 -9999 -9999 -9999
0.346 0.359 0.377 0.367 0.365 0.335 0.374 0.387 0.391 0.364 0.319 0.374 0.413 0.42 0.402 0.41 0.408 0.417 0.417 0.385 0.421 0.406 0.395 0.404 0.394 0.41 0.389 0.436 0.404 0.415 0.472 0.511 0.534 0.546 0.56 0.52 0.572 0.601 0.574 0.554 0.526 0.561 0.593 0.62 0.622 0.62 0.619 0.61 0.578 0.503 0.446 0.412 0.398 0.39 0.386 0.379 0.373 0.418 0.535 0.617 0.652 0.656 0.636 0.619 0.598 0.584 0.574 0.568 0.577 0.454 0.521 0.502 0.536 0.568 -9999 -9999 -9999
0.253 0.294 0.317 0.355 0.365 0.361 0.377 0.407 0.424 0.366 0.353 0.397 0.388 0.403 0.396 0.415 0.408 0.408 0.417 0.379 0.393 0.4 0.441 0.502 0.464 0.461 0.428 0.487 0.49 0.539 0.544 0.53 0.512 0.497 0.567 0.565 0.565 0.607 0.589 0.545 0.567 0.61 0.588 0.637 0.654 0.684 0.66 0.606 0.58 0.5 0.39 0.435 0.38 0.377 0.363 0.368 0.414 0.502 0.546 0.592 0.618 0.651 0.65 0.582 0.567 0.564 0.611 0.595 0.55 0.535 0.54 0.578 0.554 0.561 -9999 -9999 -9999
0.273 0.278 0.322 0.347 0.371 0.376 0.366 0.382 0.403 0.352 0.377 0.405 0.407 0.421 0.398 0.409 0.414 0.439 0.416 0.36 0.377 0.507 0.489 0.514 0.433 0.435 0.398 0.479 0.473 0.517 0.543 0.566 0.562 0.576 0.555 0.625 0.53 0.61 0.572 0.593 0.624 0.512 0.603 0.639 0.644 0.653 0.635 0.578 0.56 0.555 0.489 0.363 0.345 0.353 0.427 0.4 0.434 0.51 0.548 0.579 0.62 0.627 0.625 0.464 0.545 0.598 0.662 0.593 0.589 0.574 0.56 0.54 0.497 0.57 -9999 -9999 -9999
0.325 0.33 0.354 0.37 0.39 0.385 0.381 0.386 0.371 0.394 0.355 0.412 0.42 0.421 0.389 0.409 0.395 0.426 0.41 0.406 0.468 0.482 0.448 0.448 0.403 0.409 0.428 0.488 0.495 0.503 0.5 0.577 0.573 0.569 0.529 0.547 0.585 0.582 0.581 0.598 0.593 0.593 0.595 0.606 0.623 0.612 0.591 0.571 0.562 0.565 0.525 0.376 0.406 0.449 0.501 0.431 0.548 0.582 0.594 0.586 0.612 0.652 0.612 0.561 0.616 0.62 0.632 0.599 0.581 0.486 0.499 0.406 0.351 0.439 -9999 -9999 -9999
