data/china_ndvi_max_2002.asc
ncols         710
nrows         510
xllcorner     70
yllcorner     10
cellsize      0.1
NODATA_value  -9999
[rows 272 to 305 of 510, columns 231 to 307 of 710]
0.24 0.242 0.247 0.246 0.247 0.267 0.219 0.23 0.291 0.276 0.297 0.283 0.314 0.303 0.284 0.212 0.178 0.189 0.063 0.148 0.162 0.225 0.276 0.213 0.318 0.314 0.328 0.356 0.341 0.249 0.299 0.338 0.338 0.344 0.287 0.314 0.397 0.393 0.352 0.36 0.394 0.382 0.388 0.338 0.332 0.274 0.243 0.257 0.277 0.338 0.319 0.345 0.337 0.31 0.366 0.321 0.307 0.298 0.34 0.375 0.371 0.38 0.376 0.368 0.416 0.462 0.451 0.448 0.442 0.429 0.415 0.449 0.449 0.446 0.451 0.47 0.436
0.224 0.219 0.228 0.251 0.305 0.287 0.283 0.281 0.187 0.244 0.349 0.336 0.314 0.306 0.324 0.262 0.193 0.029 0.179 0.157 0.214 0.266 0.298 0.24 0.325 0.303 0.253 0.279 0.361 0.365 0.358 0.359 0.25 0.244 0.315 0.367 0.365 0.393 0.292 0.347 0.382 0.412 0.406 0.297 0.299 0.323 0.357 0.269 0.274 0.344 0.303 0.33 0.383 0.39 0.364 0.356 0.343 0.296 0.338 0.431 0.341 0.387 0.357 0.392 0.404 0.361 0.378 0.427 0.424 0.458 0.48 0.42 0.475 0.402 0.457 0.477 0.454
0.211 0.198 0.204 0.228 0.256 0.328 0.333 0.318 0.302 0.249 0.293 0.333 0.339 0.344 0.349 0.354 0.218 0.116 0.072 0.067 0.163 0.147 0.18 0.252 0.276 0.313 0.296 0.281 0.314 0.359 0.377 0.358 0.328 0.337 0.314 0.327 0.313 0.252 0.266 0.274 0.355 0.393 0.351 0.314 0.293 0.305 0.345 0.307 0.291 0.331 0.312 0.31 0.38 0.4 0.346 0.319 0.302 0.286 0.369 0.324 0.311 0.295 0.321 0.24 0.397 0.345 0.355 0.411 0.4 0.433 0.456 0.468 0.455 0.417 0.403 0.447 0.369
0.204 0.247 0.211 0.221 0.211 0.226 0.23 0.278 0.306 0.309 0.295 0.296 0.284 0.273 0.379 0.253 0.289 0.256 0.202 0.211 0.246 0.25 0.189 0.233 0.234 0.221 0.195 0.234 0.298 0.358 0.372 0.378 0.385 0.384 0.398 0.363 0.387 0.293 0.344 0.343 0.335 0.383 0.413 0.403 0.432 0.429 0.419 0.438 0.378 0.41 0.347 0.287 0.257 0.243 0.38 0.372 0.344 0.254 0.275 0.241 0.272 0.257 0.255 0.294 0.39 0.342 0.338 0.381 0.392 0.382 0.402 0.395 0.369 0.376 0.483 0.48 0.433
0.271 0.259 0.213 0.234 0.255 0.254 0.264 0.253 0.23 0.232 0.236 0.255 0.302 0.3 0.283 0.297 0.299 0.269 0.259 0.241 0.302 0.265 0.244 0.2 0.232 0.218 0.227 0.236 0.271 0.389 0.37 0.35 0.362 0.375 0.374 0.318 0.401 0.384 0.392 0.346 0.402 0.413 0.379 0.403 0.451 0.458 0.442 0.435 0.414 0.413 0.415 0.37 0.311 0.315 0.369 0.37 0.254 0.242 0.197 0.289 0.241 0.259 0.263 0.322 0.339 0.36 0.344 0.353 0.375 0.39 0.383 0.378 0.366 0.419 0.446 0.47 0.479
0.239 0.258 0.277 0.261 0.264 0.222 0.271 0.248 0.238 0.291 0.294 0.332 0.311 0.317 0.269 0.295 0.312 0.311 0.311 0.259 0.292 0.322 0.312 0.223 0.227 0.24 0.28 0.224 0.249 0.32 0.306 0.33 0.331 0.388 0.39 0.419 0.369 0.388 0.358 0.387 0.411 0.442 0.409 0.421 0.434 0.419 0.414 0.413 0.428 0.426 0.41 0.427 0.454 0.393 0.393 0.324 0.261 0.287 0.288 0.384 0.351 0.33 0.321 0.344 0.294 0.325 0.332 0.353 0.322 0.37 0.375 0.374 0.406 0.412 0.465 0.463 0.469
0.266 0.219 0.264 0.307 0.266 0.237 0.238 0.252 0.248 0.306 0.345 0.336 0.314 0.275 0.288 0.31 0.254 0.243 0.277 0.267 0.278 0.309 0.215 0.071 0.233 0.213 0.219 0.313 0.258 0.283 0.316 0.326 0.361 0.36 0.427 0.427 0.415 0.393 0.426 0.424 0.387 0.346 0.393 0.419 0.44 0.458 0.453 0.444 0.445 0.483 0.475 0.411 0.425 0.414 0.469 0.455 0.323 0.298 0.24 0.325 0.412 0.388 0.333 0.311 0.344 0.292 0.303 0.289 0.343 0.374 0.379 0.385 0.426 0.456 0.449 0.413 0.445
0.245 0.23 0.229 0.223 0.283 0.256 0.238 0.272 0.257 0.249 0.322 0.329 0.288 0.311 0.301 0.333 0.3 0.222 0.281 0.303 0.326 0.356 0.306 0.215 0.347 0.358 0.243 0.295 0.262 0.299 0.344 0.35 0.37 0.407 0.419 0.439 0.455 0.428 0.419 0.39 0.416 0.375 0.398 0.369 0.411 0.439 0.466 0.458 0.452 0.452 0.449 0.466 0.434 0.445 0.442 0.439 0.407 0.304 0.329 0.338 0.278 0.314 0.359 0.334 0.289 0.287 0.321 0.339 0.359 0.409 0.397 0.394 0.412 0.454 0.439 0.454 0.466
0.251 0.286 0.287 0.276 0.257 0.263 0.27 0.265 0.262 0.264 0.3 0.279 0.337 0.372 0.201 0.219 0.373 0.33 0.337 0.285 0.296 0.354 0.347 0.349 0.392 0.416 0.388 0.233 0.234 0.369 0.39 0.361 0.275 0.345 0.415 0.411 0.377 0.404 0.44 0.392 0.433 0.417 0.386 0.354 0.439 0.411 0.409 0.359 0.369 0.446 0.343 0.403 0.425 0.418 0.378 0.436 0.449 0.479 0.449 0.463 0.46 0.365 0.325 0.39 0.439 0.439 0.446 0.384 0.414 0.421 0.395 0.454 0.427 0.403 0.408 0.462 0.474
0.294 0.347 0.281 0.298 0.252 0.275 0.281 0.274 0.3 0.275 0.297 0.324 0.345 0.367 0.269 0.273 0.287 0.183 0.272 0.353 0.314 0.301 0.268 0.329 0.324 0.379 0.273 0.281 0.249 0.407 0.401 0.419 0.367 0.352 0.404 0.386 0.399 0.363 0.389 0.46 0.46 0.458 0.389 0.437 0.355 0.4 0.35 0.38 0.36 0.379 0.273 0.355 0.399 0.43 0.448 0.458 0.456 0.455 0.48 0.48 0.448 0.377 0.324 0.34 0.43 0.45 0.472 0.429 0.417 0.431 0.421 0.439 0.463 0.437 0.389 0.427 0.444
0.294 0.165 0.192 0.26 0.304 0.302 0.293 0.297 0.298 0.294 0.327 0.323 0.347 0.305 0.368 0.312 0.309 0.282 0.237 0.423 0.43 0.368 0.323 0.306 0.31 0.42 0.382 0.37 0.316 0.38 0.395 0.402 0.421 0.402 0.426 0.427 0.37 0.349 0.199 0.366 0.273 0.317 0.299 0.428 0.339 0.37 0.361 0.335 0.351 0.265 0.275 0.389 0.443 0.463 0.466 0.482 0.437 0.417 0.422 0.48 0.465 0.387 0.407 0.39 0.434 0.418 0.474 0.421 0.405 0.45 0.411 0.417 0.434 0.455 0.452 0.431 0.438
0.23 0.251 0.314 0.353 0.346 0.34 0.288 0.307 0.285 0.312 0.329 0.258 0.298 0.367 0.362 0.232 0.237 0.304 0.302 0.307 0.415 0.411 0.348 0.325 0.352 0.318 0.348 0.387 0.335 0.369 0.38 0.35 0.384 0.383 0.402 0.445 0.414 0.424 0.284 0.323 0.443 0.342 0.296 0.246 0.434 0.491 0.472 0.234 0.264 0.305 0.329 0.377 0.451 0.482 0.459 0.407 0.45 0.433 0.423 0.437 0.473 0.423 0.402 0.415 0.44 0.415 0.429 0.475 0.4 0.365 0.328 0.362 0.382 0.403 0.458 0.408 0.399
0.231 0.236 0.277 0.195 0.281 0.157 0.214 0.233 0.279 0.23 0.298 0.228 0.252 0.224 0.33 0.279 0.281 0.312 0.21 0.247 0.294 0.396 0.35 0.343 0.315 0.397 0.38 0.393 0.392 0.371 0.354 0.376 0.396 0.395 0.413 0.398 0.442 0.455 0.367 0.376 0.276 0.307 0.308 0.331 0.446 0.442 0.469 0.391 0.351 0.434 0.406 0.301 0.413 0.462 0.405 0.371 0.383 0.44 0.393 0.456 0.471 0.446 0.426 0.421 0.417 0.387 0.396 0.45 0.426 0.396 0.351 0.373 0.35 0.401 0.503 0.486 0.473
0.296 0.308 0.314 0.325 0.32 0.34 0.3 0.322 0.335 0.263 0.179 0.074 0.146 0.146 0.228 0.199 0.223 0.278 0.26 0.313 0.256 0.319 0.401 0.401 0.383 0.411 0.32 0.36 0.395 0.378 0.385 0.414 0.383 0.385 0.399 0.345 0.411 0.431 0.431 0.461 0.464 0.476 0.411 0.354 0.307 0.361 0.328 0.314 0.419 0.471 0.492 0.466 0.459 0.423 0.404 0.444 0.439 0.447 0.417 0.475 0.464 0.475 0.411 0.428 0.452 0.452 0.415 0.413 0.412 0.467 0.447 0.441 0.435 0.471 0.383 0.447 0.472
0.282 0.258 0.282 0.338 0.281 0.244 0.285 0.37 0.378 0.154 0.068 0.137 0.218 0.255 0.247 0.259 0.28 0.263 0.215 0.327 0.313 0.348 0.339 0.401 0.421 0.417 0.405 0.359 0.364 0.395 0.385 0.364 0.377 0.373 0.406 0.348 0.453 0.423 0.443 0.5 0.436 0.435 0.475 0.401 0.433 0.404 0.329 0.304 0.4 0.313 0.347 0.487 0.508 0.476 0.459 0.473 0.477 0.463 0.487 0.473 0.43 0.46 0.443 0.475 0.423 0.457 0.45 0.447 0.441 0.469 0.474 0.477 0.459 0.47 0.427 0.416 0.478
0.249 0.237 0.252 0.282 0.358 0.357 0.334 0.257 0.268 0.257 0.306 0.272 0.317 0.296 0.249 0.239 0.272 0.285 0.228 0.209 0.192 0.288 0.337 0.295 0.342 0.441 0.407 0.377 0.296 0.37 0.375 0.384 0.304 0.384 0.344 0.391 0.396 0.433 0.436 0.506 0.444 0.433 0.468 0.401 0.454 0.378 0.358 0.352 0.309 0.372 0.537 0.474 0.547 0.396 0.415 0.435 0.423 0.47 0.475 0.432 0.43 0.313 0.416 0.442 0.44 0.462 0.45 0.457 0.463 0.453 0.465 0.466 0.466 0.467 0.472 0.433 0.314
0.354 0.376 0.349 0.327 0.353 0.365 0.345 0.323 0.312 0.246 0.285 0.252 0.316 0.171 0.228 0.267 0.251 0.249 0.12 0.249 0.323 0.271 0.24 0.274 0.221 0.429 0.38 0.377 0.411 0.402 0.339 0.361 0.346 0.3 0.362 0.426 0.423 0.451 0.426 0.48 0.511 0.475 0.447 0.47 0.455 0.406 0.379 0.458 0.424 0.322 0.34 0.426 0.559 0.51 0.491 0.524 0.394 0.389 0.506 0.338 0.323 0.381 0.476 0.436 0.386 0.472 0.426 0.476 0.467 0.459 0.485 0.486 0.481 0.5 0.495 0.51 0.4
0.252 0.294 0.36 0.342 0.374 0.336 0.359 0.363 0.35 0.3 0.282 0.324 0.201 0.205 0.271 0.235 0.227 0.285 0.226 0.208 0.323 0.262 0.183 0.14 0.215 0.342 0.335 0.384 0.41 0.403 0.357 0.385 0.392 0.367 0.419 0.433 0.436 0.418 0.425 0.563 0.521 0.463 0.457 0.456 0.45 0.43 0.436 0.426 0.38 0.431 0.401 0.337 0.401 0.514 0.342 0.419 0.481 0.221 0.156 0.437 0.445 0.424 0.445 0.406 0.441 0.485 0.473 0.437 0.457 0.499 0.488 0.476 0.496 0.482 0.493 0.499 0.451
0.395 0.384 0.247 0.291 0.327 0.318 0.306 0.328 0.397 0.365 0.397 0.373 0.352 0.398 0.21 0.033 0.047 0.186 0.043 0.115 0.141 0.141 0.28 0.173 0.298 0.235 0.301 0.243 0.308 0.421 0.398 0.431 0.39 0.391 0.458 0.424 0.44 0.439 0.423 0.443 0.353 0.402 0.426 0.339 0.416 0.445 0.422 0.428 0.414 0.432 0.457 0.446 0.391 0.443 0.419 0.467 0.473 0.42 0.429 0.322 0.373 0.469 0.482 0.457 0.407 0.447 0.411 0.459 0.395 0.424 0.49 0.458 0.492 0.482 0.505 0.506 0.531
0.288 0.231 0.228 0.276 0.309 0.335 0.365 0.371 0.339 0.309 0.363 0.367 0.359 0.315 0.322 0.106 -0.012 0.01 0.122 0.337 0.287 0.302 0.175 0.372 0.13 0.131 0.201 0.197 0.234 0.283 0.362 0.399 0.402 0.37 0.418 0.407 0.43 0.431 0.426 0.504 0.432 0.362 0.373 0.293 0.385 0.44 0.437 0.447 0.421 0.437 0.462 0.399 0.422 0.442 0.448 0.462 0.436 0.436 0.28 0.07 0.204 0.334 0.339 0.427 0.476 0.454 0.445 0.395 0.336 0.382 0.46 0.462 0.431 0.534 0.472 0.536 0.55
0.253 0.241 0.152 0.138 0.302 0.262 0.327 0.373 0.368 0.285 0.227 0.311 0.433 0.345 0.36 0.35 0.31 0.282 0.225 0.36 0.262 0.146 0.205 0.097 0.131 0.23 0.225 0.174 0.102 0.21 0.183 0.311 0.38 0.41 0.469 0.488 0.403 0.478 0.435 0.477 0.524 0.398 0.425 0.441 0.293 0.345 0.42 0.437 0.42 0.409 0.429 0.427 0.448 0.451 0.462 0.487 0.475 0.483 0.461 0.434 0.318 0.33 0.329 0.312 0.267 0.44 0.418 0.398 0.421 0.409 0.389 0.424 0.391 0.521 0.482 0.524 0.515
0.328 0.273 0.222 0.195 0.149 0.281 0.3 0.215 0.3 0.336 0.329 0.275 0.417 0.433 0.378 0.399 0.376 0.442 0.314 0.373 0.331 0.281 0.385 0.316 0.319 0.352 0.397 0.354 0.25 0.248 0.249 0.231 0.367 0.405 0.451 0.419 0.51 0.515 0.485 0.495 0.53 0.47 0.296 0.388 0.405 0.332 0.354 0.412 0.426 0.409 0.354 0.414 0.404 0.523 0.518 0.459 0.436 0.524 0.446 0.497 0.463 0.392 0.401 0.323 0.172 0.098 0.329 0.385 0.4 0.344 0.455 0.491 0.42 0.428 0.525 0.556 0.506
0.384 0.381 0.353 0.398 0.29 0.399 0.376 0.295 0.209 0.42 0.362 0.285 0.386 0.312 0.417 0.419 0.411 0.322 0.235 0.425 0.38 0.32 0.388 0.301 0.312 0.301 0.286 0.234 0.259 0.257 0.252 0.353 0.33 0.31 0.448 0.384 0.42 0.471 0.501 0.483 0.525 0.48 0.445 0.427 0.435 0.297 0.257 0.355 0.419 0.435 0.385 0.426 0.505 0.475 0.492 0.474 0.496 0.467 0.427 0.544 0.463 0.453 0.457 0.374 0.354 0.406 0.382 0.261 0.252 0.435 0.481 0.52 0.388 0.499 0.507 0.536 0.513
0.25 0.155 0.149 0.236 0.14 0.209 0.185 0.161 0.209 0.199 0.278 0.321 0.399 0.304 0.419 0.44 0.224 0.182 0.155 0.42 0.204 0.162 0.185 0.25 0.311 0.302 0.263 0.327 0.403 0.258 0.363 0.42 0.415 0.421 0.454 0.369 0.289 0.376 0.439 0.421 0.376 0.488 0.444 0.316 0.465 0.403 0.368 0.417 0.428 0.416 0.411 0.428 0.256 0.289 0.57 0.675 0.488 0.455 0.545 0.59 0.532 0.569 0.472 0.435 0.468 0.38 0.383 0.418 0.463 0.302 0.355 0.521 0.536 0.465 0.42 0.521 0.444
0.125 0.176 0.181 0.194 0.084 0.159 0.19 0.239 0.294 0.35 0.349 0.416 0.457 0.471 0.462 0.306 0.197 0.131 0.197 0.342 0.378 0.338 0.276 0.301 0.365 0.288 0.315 0.277 0.237 0.219 0.211 0.289 0.423 0.435 0.44 0.461 0.478 0.326 0.414 0.462 0.436 0.473 0.471 0.381 0.448 0.428 0.406 0.378 0.404 0.417 0.424 0.46 0.419 0.386 0.594 0.614 0.528 0.482 0.555 0.552 0.564 0.554 0.45 0.451 0.495 0.488 0.414 0.356 0.385 0.397 0.533 0.515 0.498 0.446 0.412 0.426 0.502
0.301 0.282 0.155 0.155 0.203 0.249 0.166 0.281 0.248 0.376 0.384 0.421 0.447 0.386 0.473 0.498 0.346 0.302 0.287 0.431 0.461 0.484 0.416 0.459 0.273 0.267 0.203 0.387 0.34 0.354 0.416 0.377 0.279 0.262 0.463 0.443 0.435 0.365 0.511 0.455 0.498 0.443 0.477 0.455 0.317 0.396 0.324 0.335 0.416 0.425 0.406 0.419 0.406 0.462 0.579 0.659 0.587 0.564 0.665 0.494 0.538 0.526 0.418 0.471 0.473 0.406 0.473 0.357 0.314 0.339 0.432 0.517 0.564 0.481 0.418 0.446 0.586
0.305 0.258 0.201 0.095 0.147 0.21 0.132 0.142 0.256 0.272 0.383 0.264 0.423 0.236 0.39 0.507 0.445 0.439 0.525 0.556 0.506 0.499 0.525 0.545 0.235 0.192 0.347 0.345 0.209 0.258 0.231 0.354 0.411 0.307 0.382 0.468 0.472 0.449 0.481 0.56 0.554 0.402 0.432 0.394 0.306 0.352 0.349 0.354 0.314 0.418 0.407 0.407 0.347 0.441 0.447 0.505 0.571 0.509 0.661 0.634 0.566 0.453 0.382 0.509 0.398 0.493 0.41 0.372 0.265 0.365 0.41 0.39 0.554 0.544 0.43 0.447 0.538
0.218 0.144 0.132 0.189 0.222 0.253 0.233 0.263 0.206 0.155 0.158 0.24 0.305 0.229 0.363 0.35 0.468 0.465 0.413 0.452 0.447 0.445 0.43 0.441 0.207 0.205 0.243 0.425 0.285 0.337 0.245 0.21 0.336 0.282 0.277 0.278 0.357 0.321 0.367 0.389 0.498 0.492 0.375 0.406 0.416 0.407 0.397 0.325 0.303 0.447 0.44 0.384 0.391 0.432 0.606 0.575 0.677 0.638 0.626 0.613 0.566 0.547 0.467 0.389 0.466 0.503 0.486 0.403 0.259 0.346 0.49 0.5 0.53 0.576 0.461 0.424 0.516
0.15 0.259 0.323 0.372 0.121 0.033 0.076 0.056 0.027 0.045 0.059 0.076 0.16 0.08 0.297 0.313 0.346 0.338 0.209 0.281 0.269 0.32 0.398 0.432 0.442 0.407 0.418 0.434 0.394 0.366 0.42 0.377 0.363 0.411 0.281 0.189 0.208 0.29 0.107 0.32 0.417 0.367 0.466 0.46 0.383 0.38 0.438 0.379 0.424 0.44 0.455 0.439 0.283 0.385 0.42 0.354 0.606 0.691 0.572 0.545 0.431 0.426 0.525 0.403 0.485 0.508 0.499 0.503 0.498 0.515 0.53 0.488 0.571 0.543 0.557 0.556 0.486
0.311 0.334 0.357 0.399 0.158 0.164 0.059 0.21 0.214 0.101 0.26 0.199 0.152 0.141 0.094 0.091 0.074 0.12 0.303 0.296 0.34 0.296 0.311 0.378 0.388 0.365 0.35 0.385 0.403 0.295 0.323 0.356 0.318 0.376 0.193 0.265 0.273 0.294 0.285 0.209 0.403 0.344 0.376 0.42 0.386 0.371 0.398 0.385 0.418 0.411 0.437 0.354 0.299 0.303 0.412 0.454 0.463 0.43 0.626 0.691 0.462 0.348 0.375 0.435 0.429 0.497 0.483 0.464 0.509 0.647 0.568 0.487 0.382 0.433 0.44 0.522 0.564
0.204 0.212 0.234 0.277 0.115 0.054 0.1 0.081 0.215 0.201 0.238 0.313 0.403 0.285 0.06 0.028 0.109 0.14 0.141 0.081 0.019 0.136 0.135 0.179 0.317 0.36 0.378 0.341 0.314 0.329 0.348 0.242 0.284 0.402 0.254 0.334 0.336 0.302 0.333 0.308 0.3 0.35 0.415 0.337 0.28 0.336 0.373 0.361 0.285 0.363 0.363 0.373 0.388 0.324 0.447 0.357 0.451 0.4 0.512 0.493 0.683 0.517 0.353 0.344 0.377 0.439 0.478 0.494 0.389 0.563 0.54 0.581 0.465 0.429 0.432 0.449 0.542
0.206 0.298 0.353 0.318 0.201 0.215 0.332 0.275 -0.007 0.055 0.264 0.425 0.002 -0.029 -0.012 -0.024 -0.049 -0.056 -0.049 -0.003 -0.049 -0.03 0.033 0.113 0.12 0.155 0.294 0.365 0.422 0.288 0.335 0.32 0.165 0.272 0.304 0.294 0.281 0.221 0.274 0.329 0.315 0.233 0.383 0.447 0.259 0.339 0.295 0.31 0.317 0.354 0.389 0.374 0.398 0.425 0.423 0.4 0.4 0.405 0.44 0.496 0.544 0.697 0.533 0.247 0.333 0.319 0.347 0.436 0.254 0.474 0.59 0.616 0.585 0.6 0.453 0.464 0.526
0.195 0.162 0.114 0.229 0.219 0.18 0.072 0.213 0.368 0.202 0.461 0.112 0.106 0.07 -0.04 -0.029 -0.031 0.06 0.101 -0.032 0.058 0.094 0.159 0.112 0.132 0.139 0.131 0.225 0.122 0.191 0.293 0.307 0.253 0.288 0.268 0.301 0.216 0.187 0.2 0.299 0.302 0.247 0.136 0.148 0.324 0.307 0.348 0.328 0.292 0.329 0.342 0.386 0.42 0.406 0.427 0.44 0.398 0.408 0.523 0.34 0.291 0.542 0.505 0.252 0.143 0.239 0.319 0.462 0.336 0.525 0.624 0.568 0.607 0.619 0.553 0.627 0.636
0.047 0.17 0.205 0.229 0.135 0.234 0.232 0.06 0.354 0.003 0.196 0.537 0.465 0.59 0.443 0.467 0.262 0.331 0.665 0.439 0.049 0.041 0.255 0.436 0.18 0.023 0.291 0.136 0.024 0.129 0.208 0.231 0.26 0.335 0.317 0.255 0.289 0.21 0.1 0.188 0.126 0.272 0.256 0.321 0.305 0.412 0.392 0.338 0.364 0.411 0.422 0.399 0.411 0.408 0.406 0.466 0.477 0.525 0.557 0.503 0.33 0.501 0.673 0.618 0.1 0.149 0.364 0.474 0.451 0.519 0.5 0.417 0.655 0.466 0.707 0.705 0.699
