data/china_ndvi_max_1994.asc
ncols         710
nrows         510
xllcorner     70
yllcorner     10
cellsize      0.1
NODATA_value  -9999
[rows 340 to 373 of 510, columns 385 to 461 of 710]
0.643 0.612 0.654 0.668 0.684 0.664 0.676 0.676 0.695 0.656 0.645 0.639 0.585 0.672 0.699 0.665 0.699 0.729 0.659 0.638 0.661 0.579 0.592 0.575 0.556 0.545 0.552 0.572 0.508 0.567 0.676 0.574 0.507 0.51 0.483 0.666 0.674 0.6 0.539 0.526 0.419 0.308 0.494 0.529 0.526 0.679 0.724 0.572 0.522 0.53 0.635 0.515 0.621 0.72 0.747 0.718 0.598 0.562 0.704 0.681 0.684 0.582 0.547 0.484 0.601 0.434 0.515 0.559 0.672 0.688 0.633 0.62 0.672 0.72 0.726 0.543 0.616
0.635 0.666 0.701 0.674 0.704 0.667 0.689 0.68 0.687 0.643 0.659 0.611 0.611 0.687 0.713 0.687 0.721 0.726 0.683 0.597 0.625 0.582 0.581 0.557 0.562 0.6 0.554 0.565 0.656 0.623 0.746 0.613 0.502 0.484 0.473 0.551 0.586 0.557 0.561 0.523 0.561 0.486 0.506 0.488 0.52 0.597 0.618 0.536 0.55 0.671 0.551 0.517 0.566 0.733 0.78 0.675 0.711 0.708 0.676 0.632 0.692 0.66 0.611 0.499 0.458 0.485 0.505 0.519 0.671 0.693 0.659 0.669 0.684 0.695 0.673 0.553 0.632
0.672 0.716 0.679 0.677 0.692 0.671 0.701 0.667 0.689 0.687 0.682 0.684 0.628 0.671 0.729 0.66 0.709 0.719 0.644 0.696 0.566 0.572 0.581 0.592 0.58 0.583 0.609 0.596 0.735 0.631 0.574 0.49 0.53 0.492 0.599 0.563 0.515 0.558 0.54 0.54 0.536 0.56 0.539 0.535 0.529 0.539 0.589 0.652 0.6 0.718 0.585 0.53 0.669 0.733 0.765 0.663 0.681 0.722 0.631 0.703 0.746 0.702 0.582 0.471 0.536 0.631 0.561 0.658 0.707 0.667 0.685 0.647 0.674 0.596 0.523 0.472 0.598
0.677 0.705 0.708 0.68 0.717 0.699 0.661 0.689 0.697 0.695 0.695 0.684 0.609 0.724 0.701 0.665 0.704 0.687 0.667 0.71 0.631 0.713 0.57 0.588 0.619 0.676 0.783 0.638 0.727 0.639 0.552 0.561 0.543 0.516 0.38 0.563 0.552 0.54 0.549 0.547 0.551 0.513 0.611 0.553 0.537 0.662 0.649 0.675 0.616 0.548 0.627 0.629 0.675 0.738 0.715 0.674 0.728 0.75 0.72 0.7 0.671 0.637 0.554 0.492 0.559 0.604 0.654 0.68 0.703 0.669 0.703 0.654 0.689 0.642 0.637 0.489 0.545
0.702 0.719 0.732 0.695 0.681 0.703 0.696 0.689 0.67 0.704 0.669 0.635 0.625 0.718 0.711 0.674 0.659 0.688 0.666 0.683 0.726 0.715 0.619 0.633 0.606 0.727 0.751 0.679 0.709 0.737 0.534 0.56 0.52 0.515 0.448 0.596 0.567 0.482 0.521 0.534 0.549 0.543 0.536 0.553 0.538 0.626 0.641 0.637 0.577 0.559 0.665 0.641 0.728 0.704 0.639 0.785 0.77 0.768 0.717 0.678 0.729 0.597 0.52 0.558 0.559 0.682 0.639 0.684 0.656 0.62 0.578 0.662 0.668 0.64 0.722 0.459 0.527
0.73 0.714 0.69 0.701 0.673 0.666 0.633 0.612 0.713 0.679 0.688 0.68 0.686 0.711 0.717 0.722 0.728 0.716 0.639 0.665 0.679 0.653 0.687 0.666 0.644 0.739 0.627 0.624 0.581 0.577 0.55 0.433 0.548 0.517 0.498 0.551 0.568 0.516 0.57 0.559 0.56 0.526 0.522 0.533 0.526 0.607 0.622 0.641 0.632 0.699 0.691 0.616 0.688 0.676 0.735 0.786 0.718 0.726 0.67 0.645 0.502 0.552 0.635 0.677 0.588 0.645 0.615 0.562 0.522 0.524 0.601 0.597 0.535 0.589 0.519 0.525 0.608
0.713 0.709 0.698 0.708 0.699 0.708 0.662 0.669 0.702 0.7 0.665 0.638 0.669 0.709 0.701 0.72 0.726 0.694 0.661 0.665 0.689 0.689 0.666 0.632 0.692 0.728 0.623 0.647 0.609 0.544 0.533 0.472 0.518 0.514 0.657 0.618 0.636 0.657 0.56 0.548 0.627 0.518 0.549 0.545 0.583 0.626 0.613 0.6 0.603 0.685 0.685 0.719 0.724 0.695 0.717 0.774 0.681 0.613 0.604 0.649 0.559 0.668 0.668 0.655 0.601 0.658 0.623 0.516 0.49 0.404 0.577 0.573 0.567 0.552 0.532 0.54 0.57
0.698 0.673 0.701 0.73 0.695 0.697 0.662 0.692 0.715 0.712 0.674 0.638 0.676 0.675 0.664 0.697 0.68 0.719 0.72 0.695 0.715 0.676 0.667 0.675 0.631 0.677 0.642 0.593 0.626 0.534 0.581 0.511 0.568 0.697 0.807 0.717 0.702 0.689 0.669 0.693 0.686 0.606 0.571 0.572 0.581 0.662 0.614 0.646 0.631 0.715 0.638 0.724 0.697 0.73 0.726 0.705 0.625 0.634 0.601 0.611 0.626 0.608 0.589 0.64 0.552 0.643 0.655 0.556 0.496 0.476 0.589 0.571 0.538 0.569 0.584 0.656 0.629
0.683 0.69 0.715 0.722 0.721 0.699 0.706 0.648 0.698 0.644 0.698 0.661 0.699 0.676 0.717 0.655 0.644 0.688 0.707 0.7 0.683 0.667 0.678 0.68 0.67 0.683 0.732 0.584 0.592 0.518 0.609 0.558 0.648 0.738 0.797 0.738 0.73 0.737 0.724 0.657 0.632 0.69 0.604 0.557 0.596 0.669 0.552 0.679 0.584 0.729 0.636 0.647 0.71 0.772 0.763 0.693 0.616 0.644 0.573 0.603 0.603 0.544 0.626 0.6 0.48 0.575 0.635 0.59 0.533 0.552 0.573 0.482 0.56 0.654 0.674 0.709 0.699
0.681 0.704 0.701 0.691 0.674 0.686 0.676 0.688 0.685 0.702 0.696 0.687 0.678 0.706 0.732 0.686 0.689 0.688 0.702 0.7 0.674 0.631 0.688 0.709 0.659 0.695 0.632 0.561 0.561 0.503 0.65 0.59 0.616 0.75 0.804 0.769 0.749 0.732 0.698 0.685 0.597 0.673 0.585 0.545 0.502 0.529 0.612 0.625 0.617 0.709 0.65 0.674 0.803 0.726 0.735 0.646 0.658 0.665 0.669 0.66 0.653 0.626 0.622 0.633 0.623 0.67 0.593 0.559 0.621 0.595 0.492 0.474 0.622 0.684 0.69 0.664 0.617
0.685 0.678 0.713 0.69 0.68 0.636 0.589 0.665 0.649 0.688 0.655 0.649 0.669 0.671 0.683 0.711 0.666 0.713 0.739 0.733 0.728 0.68 0.724 0.63 0.542 0.554 0.56 0.581 0.619 0.62 0.72 0.727 0.668 0.695 0.691 0.584 0.554 0.529 0.551 0.545 0.586 0.601 0.438 0.598 0.603 0.636 0.614 0.623 0.659 0.619 0.725 0.738 0.734 0.667 0.574 0.77 0.715 0.699 0.717 0.655 0.611 0.661 0.575 0.536 0.483 0.451 0.478 0.659 0.526 0.52 0.636 0.692 0.621 0.619 0.559 0.445 0.622
0.634 0.62 0.644 0.644 0.646 0.614 0.615 0.619 0.632 0.618 0.633 0.642 0.663 0.687 0.702 0.672 0.679 0.728 0.747 0.823 0.754 0.736 0.649 0.576 0.557 0.592 0.583 0.59 0.612 0.669 0.73 0.736 0.707 0.679 0.705 0.553 0.529 0.54 0.516 0.521 0.562 0.6 0.569 0.601 0.63 0.596 0.585 0.684 0.636 0.608 0.746 0.77 0.733 0.668 0.67 0.82 0.68 0.678 0.662 0.701 0.575 0.589 0.473 0.468 0.404 0.627 0.614 0.697 0.604 0.598 0.608 0.558 0.565 0.621 0.629 0.68 0.731
0.695 0.698 0.652 0.644 0.627 0.675 0.646 0.636 0.616 0.618 0.69 0.712 0.7 0.715 0.721 0.687 0.704 0.749 0.752 0.758 0.733 0.703 0.601 0.606 0.632 0.605 0.601 0.525 0.63 0.624 0.718 0.682 0.647 0.682 0.568 0.537 0.534 0.498 0.531 0.518 0.575 0.643 0.572 0.64 0.598 0.634 0.68 0.708 0.708 0.651 0.71 0.714 0.675 0.682 0.723 0.716 0.72 0.717 0.688 0.694 0.648 0.617 0.448 0.471 0.587 0.631 0.664 0.729 0.723 0.761 0.651 0.605 0.639 0.632 0.516 0.756 0.752
0.673 0.677 0.641 0.653 0.661 0.667 0.674 0.648 0.652 0.652 0.682 0.7 0.706 0.703 0.741 0.72 0.759 0.705 0.743 0.736 0.614 0.569 0.573 0.673 0.649 0.667 0.601 0.568 0.613 0.612 0.566 0.576 0.577 0.61 0.549 0.539 0.556 0.515 0.596 0.481 0.557 0.589 0.578 0.65 0.705 0.65 0.729 0.703 0.688 0.663 0.687 0.704 0.648 0.685 0.736 0.697 0.711 0.714 0.698 0.719 0.646 0.616 0.562 0.621 0.642 0.633 0.703 0.743 0.727 0.774 0.694 0.746 0.567 0.535 0.664 0.736 0.745
0.668 0.674 0.688 0.672 0.685 0.666 0.686 0.656 0.647 0.664 0.702 0.705 0.732 0.718 0.837 0.707 0.737 0.696 0.695 0.723 0.692 0.665 0.61 0.646 0.699 0.696 0.593 0.696 0.744 0.731 0.514 0.477 0.478 0.562 0.536 0.576 0.583 0.608 0.636 0.504 0.577 0.608 0.607 0.676 0.716 0.614 0.643 0.622 0.595 0.691 0.682 0.604 0.578 0.708 0.723 0.718 0.704 0.768 0.726 0.772 0.614 0.551 0.607 0.572 0.669 0.626 0.679 0.716 0.72 0.682 0.681 0.693 0.703 0.527 0.662 0.742 0.767
0.683 0.725 0.718 0.718 0.687 0.705 0.669 0.734 0.684 0.718 0.705 0.696 0.717 0.698 0.708 0.582 0.663 0.668 0.514 0.541 0.681 0.608 0.649 0.742 0.774 0.628 0.65 0.729 0.733 0.743 0.521 0.542 0.528 0.62 0.724 0.665 0.716 0.554 0.607 0.612 0.641 0.673 0.627 0.64 0.655 0.667 0.693 0.671 0.671 0.691 0.652 0.693 0.731 0.71 0.732 0.781 0.686 0.715 0.665 0.576 0.706 0.711 0.647 0.579 0.572 0.485 0.61 0.614 0.69 0.656 0.682 0.794 0.629 0.535 0.733 0.739 0.63
0.664 0.763 0.696 0.652 0.675 0.717 0.72 0.715 0.711 0.685 0.687 0.688 0.727 0.738 0.756 0.593 0.582 0.528 0.417 0.618 0.654 0.674 0.711 0.744 0.726 0.666 0.738 0.711 0.563 0.616 0.545 0.532 0.703 0.643 0.729 0.727 0.693 0.658 0.668 0.687 0.55 0.615 0.579 0.64 0.651 0.59 0.664 0.715 0.731 0.711 0.809 0.778 0.712 0.744 0.726 0.742 0.776 0.707 0.719 0.701 0.59 0.623 0.553 0.51 0.458 0.539 0.7 0.695 0.721 0.588 0.781 0.744 0.586 0.602 0.724 0.701 0.709
0.649 0.71 0.779 0.701 0.701 0.729 0.708 0.713 0.723 0.565 0.703 0.719 0.726 0.711 0.708 0.559 0.511 0.541 0.482 0.504 0.658 0.718 0.756 0.755 0.642 0.719 0.729 0.641 0.593 0.577 0.562 0.516 0.728 0.739 0.804 0.752 0.668 0.689 0.734 0.73 0.624 0.585 0.568 0.595 0.541 0.604 0.622 0.742 0.718 0.686 0.772 0.802 0.745 0.739 0.695 0.732 0.724 0.709 0.606 0.501 0.495 0.575 0.636 0.703 0.555 0.552 0.573 0.77 0.638 0.632 0.726 0.718 0.704 0.629 0.739 0.743 0.703
0.64 0.733 0.73 0.758 0.744 0.733 0.723 0.72 0.666 0.617 0.707 0.735 0.701 0.655 0.715 0.547 0.532 0.476 0.493 0.619 0.688 0.784 0.754 0.794 0.58 0.628 0.555 0.598 0.65 0.488 0.584 0.548 0.729 0.777 0.796 0.743 0.664 0.706 0.753 0.755 0.663 0.606 0.563 0.526 0.498 0.563 0.646 0.721 0.675 0.481 0.751 0.698 0.685 0.723 0.743 0.78 0.751 0.646 0.428 0.462 0.687 0.675 0.671 0.619 0.66 0.616 0.648 0.711 0.649 0.478 0.76 0.64 0.582 0.611 0.753 0.658 0.591
0.681 0.719 0.771 0.703 0.727 0.625 0.681 0.596 0.611 0.692 0.656 0.703 0.664 0.669 0.707 0.573 0.538 0.549 0.547 0.643 0.705 0.784 0.737 0.717 0.56 0.645 0.58 0.6 0.581 0.55 0.547 0.701 0.725 0.736 0.776 0.743 0.713 0.691 0.643 0.707 0.599 0.578 0.631 0.609 0.608 0.578 0.573 0.697 0.717 0.573 0.637 0.584 0.631 0.678 0.754 0.738 0.559 0.53 0.599 0.639 0.718 0.678 0.706 0.697 0.676 0.706 0.658 0.786 0.707 0.593 0.701 0.705 0.653 0.704 0.73 0.662 0.643
0.691 0.702 0.676 0.688 0.681 0.612 0.551 0.576 0.636 0.653 0.673 0.652 0.659 0.714 0.761 0.617 0.708 0.746 0.608 0.61 0.623 0.65 0.643 0.591 0.6 0.806 0.806 0.759 0.49 0.512 0.546 0.712 0.619 0.727 0.73 0.717 0.778 0.742 0.653 0.648 0.629 0.72 0.793 0.798 0.771 0.81 0.737 0.72 0.779 0.677 0.56 0.653 0.614 0.78 0.704 0.739 0.628 0.667 0.743 0.731 0.789 0.79 0.648 0.475 0.586 0.63 0.776 0.62 0.719 0.752 0.782 0.739 0.574 0.681 0.721 0.7 0.707
0.652 0.66 0.644 0.621 0.571 0.63 0.558 0.57 0.565 0.61 0.674 0.666 0.669 0.684 0.684 0.669 0.699 0.764 0.682 0.65 0.618 0.588 0.593 0.563 0.641 0.739 0.808 0.739 0.496 0.505 0.554 0.736 0.673 0.741 0.736 0.716 0.794 0.781 0.66 0.547 0.648 0.686 0.793 0.734 0.779 0.806 0.787 0.678 0.653 0.64 0.5 0.535 0.55 0.678 0.784 0.765 0.771 0.788 0.793 0.792 0.65 0.719 0.72 0.59 0.612 0.577 0.649 0.665 0.7 0.747 0.649 0.55 0.493 0.625 0.594 0.768 0.759
0.683 0.672 0.638 0.605 0.632 0.591 0.566 0.533 0.583 0.541 0.654 0.653 0.587 0.614 0.602 0.74 0.745 0.771 0.725 0.658 0.627 0.612 0.631 0.58 0.6 0.744 0.74 0.719 0.601 0.6 0.665 0.753 0.73 0.646 0.715 0.728 0.685 0.674 0.638 0.603 0.635 0.642 0.667 0.718 0.776 0.732 0.724 0.72 0.664 0.664 0.504 0.548 0.658 0.705 0.787 0.72 0.724 0.753 0.767 0.623 0.699 0.694 0.758 0.662 0.683 0.677 0.632 0.696 0.769 0.749 0.66 0.522 0.66 0.67 0.656 0.797 0.705
0.678 0.678 0.668 0.614 0.641 0.6 0.551 0.586 0.582 0.604 0.577 0.553 0.583 0.599 0.647 0.78 0.756 0.745 0.64 0.587 0.664 0.578 0.598 0.656 0.61 0.728 0.75 0.649 0.538 0.632 0.788 0.681 0.727 0.652 0.675 0.657 0.685 0.705 0.662 0.616 0.653 0.631 0.606 0.685 0.73 0.774 0.78 0.756 0.726 0.787 0.603 0.649 0.704 0.787 0.809 0.787 0.769 0.78 0.781 0.525 0.699 0.527 0.668 0.708 0.714 0.65 0.597 0.654 0.698 0.688 0.669 0.704 0.704 0.674 0.665 0.726 0.608
0.634 0.65 0.655 0.587 0.625 0.571 0.558 0.588 0.559 0.563 0.597 0.621 0.599 0.591 0.636 0.708 0.739 0.698 0.653 0.584 0.653 0.641 0.613 0.629 0.57 0.7 0.673 0.607 0.508 0.466 0.7 0.68 0.75 0.694 0.675 0.73 0.71 0.714 0.693 0.588 0.653 0.648 0.62 0.653 0.662 0.706 0.664 0.702 0.737 0.693 0.58 0.641 0.661 0.789 0.785 0.723 0.662 0.695 0.767 0.768 0.799 0.718 0.703 0.699 0.732 0.667 0.602 0.632 0.642 0.675 0.628 0.679 0.778 0.649 0.542 0.719 0.585
0.556 0.607 0.64 0.614 0.632 0.669 0.7 0.609 0.579 0.447 0.538 0.533 0.598 0.571 0.57 0.65 0.68 0.659 0.635 0.626 0.73 0.728 0.692 0.763 0.741 0.592 0.634 0.617 0.618 0.55 0.554 0.572 0.584 0.739 0.78 0.684 0.712 0.78 0.736 0.749 0.724 0.677 0.67 0.695 0.642 0.683 0.633 0.617 0.701 0.622 0.612 0.726 0.786 0.581 0.668 0.713 0.557 0.623 0.725 0.748 0.619 0.761 0.78 0.701 0.722 0.593 0.615 0.658 0.624 0.654 0.61 0.651 0.648 0.681 0.691 0.668 0.605
0.624 0.635 0.637 0.638 0.634 0.663 0.695 0.652 0.586 0.394 0.587 0.577 0.634 0.592 0.585 0.564 0.697 0.713 0.686 0.656 0.723 0.725 0.697 0.733 0.779 0.714 0.757 0.652 0.64 0.627 0.673 0.668 0.602 0.748 0.733 0.745 0.701 0.741 0.751 0.751 0.578 0.626 0.648 0.662 0.721 0.594 0.538 0.579 0.641 0.578 0.652 0.652 0.61 0.6 0.637 0.589 0.623 0.698 0.794 0.778 0.785 0.8 0.716 0.681 0.594 0.617 0.595 0.664 0.692 0.63 0.607 0.585 0.579 0.67 0.682 0.565 0.422
0.678 0.616 0.655 0.651 0.659 0.683 0.653 0.582 0.562 0.543 0.594 0.54 0.602 0.535 0.559 0.631 0.737 0.713 0.721 0.715 0.631 0.751 0.754 0.682 0.71 0.748 0.733 0.617 0.565 0.688 0.712 0.72 0.663 0.735 0.82 0.734 0.725 0.732 0.738 0.723 0.654 0.66 0.645 0.677 0.653 0.625 0.605 0.654 0.705 0.599 0.733 0.631 0.551 0.6 0.55 0.602 0.717 0.71 0.661 0.552 0.825 0.776 0.609 0.566 0.545 0.656 0.614 0.593 0.615 0.611 0.615 0.633 0.551 0.617 0.691 0.579 0.589
0.656 0.62 0.638 0.688 0.694 0.65 0.654 0.585 0.586 0.566 0.578 0.58 0.57 0.541 0.582 0.664 0.711 0.806 0.797 0.714 0.628 0.708 0.757 0.746 0.762 0.708 0.736 0.666 0.666 0.732 0.742 0.736 0.715 0.701 0.767 0.718 0.699 0.652 0.718 0.675 0.712 0.688 0.692 0.607 0.637 0.71 0.657 0.639 0.723 0.512 0.726 0.748 0.59 0.607 0.688 0.705 0.733 0.705 0.646 0.642 0.714 0.69 0.679 0.559 0.601 0.642 0.741 0.592 0.572 0.684 0.649 0.606 0.546 0.548 0.6 0.556 0.688
0.675 0.546 0.645 0.643 0.628 0.615 0.663 0.611 0.583 0.552 0.553 0.653 0.611 0.542 0.618 0.72 0.741 0.803 0.763 0.718 0.72 0.691 0.717 0.696 0.764 0.703 0.725 0.732 0.766 0.783 0.699 0.701 0.61 0.697 0.78 0.572 0.614 0.679 0.702 0.672 0.72 0.658 0.727 0.63 0.674 0.711 0.71 0.703 0.69 0.664 0.698 0.666 0.634 0.607 0.676 0.717 0.701 0.623 0.704 0.704 0.763 0.757 0.633 0.568 0.576 0.686 0.624 0.576 0.643 0.568 0.641 0.585 0.607 0.62 0.581 0.614 0.756
0.607 0.598 0.609 0.581 0.582 0.656 0.613 0.625 0.547 0.559 0.517 0.556 0.616 0.642 0.688 0.762 0.783 0.768 0.706 0.675 0.696 0.739 0.708 0.729 0.758 0.691 0.77 0.806 0.803 0.769 0.604 0.751 0.686 0.564 0.588 0.597 0.623 0.664 0.709 0.795 0.794 0.768 0.776 0.704 0.604 0.662 0.775 0.73 0.65 0.725 0.52 0.593 0.653 0.769 0.745 0.698 0.694 0.717 0.783 0.792 0.744 0.59 0.667 0.688 0.674 0.695 0.72 0.645 0.682 0.672 0.671 0.627 0.576 0.499 0.615 0.752 0.762
0.591 0.6 0.629 0.593 0.494 0.633 0.595 0.548 0.574 0.514 0.532 0.57 0.655 0.691 0.762 0.78 0.774 0.683 0.73 0.681 0.649 0.686 0.693 0.719 0.781 0.726 0.756 0.797 0.804 0.767 0.669 0.732 0.713 0.6 0.623 0.697 0.728 0.739 0.723 0.78 0.8 0.708 0.713 0.683 0.683 0.763 0.676 0.6 0.524 0.582 0.674 0.756 0.768 0.709 0.752 0.77 0.721 0.693 0.681 0.727 -0.3 0.599 0.573 0.567 0.654 0.725 0.783 0.748 0.709 0.777 0.621 0.639 0.526 0.566 0.682 0.789 0.623
0.613 0.622 0.596 0.604 0.497 0.556 0.529 0.497 0.566 0.511 0.585 0.522 0.574 0.655 0.802 0.775 0.691 0.692 0.593 0.618 0.708 0.639 0.608 0.689 0.686 0.719 0.7 0.779 0.804 0.776 0.719 0.78 0.695 0.625 0.73 0.693 0.788 0.78 0.704 0.778 0.697 0.681 0.72 0.727 0.614 0.409 0.504 0.532 0.564 0.609 0.689 0.683 0.671 0.799 0.759 0.798 0.693 0.656 0.615 0.644 0.78 0.708 0.476 0.65 0.677 0.774 0.78 0.703 0.654 0.591 0.629 0.587 0.517 0.641 0.714 0.783 0.617
0.595 0.65 0.633 0.626 0.565 0.589 0.59 0.55 0.561 0.524 0.575 0.558 0.54 0.588 0.618 0.685 0.578 0.558 0.542 0.54 0.718 0.658 0.579 0.67 0.716 0.763 0.691 0.716 0.694 0.693 0.771 0.772 0.705 0.715 0.689 0.645 0.698 0.74 0.71 0.678 0.7 0.73 0.721 0.617 0.521 0.437 0.562 0.587 0.615 0.548 0.562 0.593 0.632 0.796 0.797 0.699 0.725 0.631 0.542 0.555 0.8 0.566 0.589 0.74 0.74 0.731 0.677 0.596 0.744 0.665 0.593 0.559 0.56 0.705 0.719 0.69 0.637
