data/china_ndvi_max_1991.asc
ncols         710
nrows         510
xllcorner     70
yllcorner     10
cellsize      0.1
NODATA_value  -9999
[rows 136 to 169 of 510, columns 462 to 538 of 710]
-9999 -9999 -9999 -9999 -9999 -9999 -9999 -9999 -9999 -9999 -9999 -9999 -9999 -9999 -9999 -9999 -9999 -9999 -9999 -9999 -9999 -9999 -9999 -9999 -9999 -9999 -9999 -9999 -9999 -9999 -9999 -9999 -9999 -9999 0.382 0.4 0.405 0.398 0.431 0.442 0.425 0.482 0.507 0.481 0.474 0.469 0.52 0.53 0.533 0.473 0.522 0.514 0.464 0.474 0.494 0.495 0.512 0.493 0.471 0.466 0.436 0.458 0.43 0.425 0.46 0.489 0.466 0.387 0.366 0.366 0.364 0.377 0.35 0.396 0.357 0.338 0.323
-9999 -9999 -9999 -9999 -9999 -9999 -9999 -9999 -9999 -9999 -9999 -9999 -9999 -9999 -9999 -9999 -9999 -9999 -9999 -9999 -9999 -9999 -9999 -9999 -9999 -9999 -9999 -9999 -9999 -9999 -9999 -9999 -9999 -9999 -9999 0.399 0.451 0.456 0.456 0.46 0.468 0.507 0.492 0.472 0.49 0.528 0.517 0.533 0.534 0.52 0.514 0.501 0.491 0.449 0.419 0.487 0.553 0.563 0.4 0.419 0.415 0.418 0.455 0.378 0.389 0.386 0.375 0.373 0.368 0.369 0.42 0.43 0.42 0.36 0.246 0.312 0.338
-9999 -9999 -9999 -9999 -9999 -9999 -9999 -9999 -9999 -9999 -9999 -9999 -9999 -9999 -9999 -9999 -9999 -9999 -9999 -9999 -9999 -9999 -9999 -9999 -9999 -9999 -9999 -9999 -9999 -9999 -9999 -9999 -9999 -9999 -9999 -9999 0.428 0.434 0.436 0.483 0.475 0.49 0.476 0.49 0.488 0.529 0.553 0.504 0.473 0.463 0.472 0.466 0.463 0.552 0.471 0.452 0.476 0.451 0.473 0.439 0.48 0.461 0.447 0.438 0.337 0.344 0.345 0.346 0.341 0.363 0.396 0.418 0.413 0.361 0.307 0.365 0.382
-9999 -9999 -9999 -9999 -9999 -9999 -9999 -9999 -9999 -9999 -9999 -9999 -9999 -9999 -9999 -9999 -9999 -9999 -9999 -9999 -9999 -9999 -9999 -9999 -9999 -9999 -9999 -9999 -9999 -9999 -9999 -9999 -9999 -9999 -9999 -9999 0.402 0.408 0.413 0.472 0.485 0.486 0.513 0.504 0.52 0.547 0.538 0.481 0.518 0.525 0.483 0.478 0.492 0.462 0.435 0.423 0.353 0.373 0.468 0.471 0.509 0.456 0.372 0.394 0.347 0.352 0.362 0.391 0.39 0.416 0.417 0.427 0.414 0.381 0.298 0.441 0.379
-9999 -9999 -9999 -9999 -9999 -9999 -9999 -9999 -9999 -9999 -9999 -9999 -9999 -9999 -9999 -9999 -9999 -9999 -9999 -9999 -9999 -9999 -9999 -9999 -9999 -9999 -9999 -9999 -9999 -9999 -9999 -9999 -9999 -9999 -9999 -9999 -9999 -9999 0.445 0.539 0.508 0.49 0.504 0.52 0.539 0.483 0.458 0.481 0.523 0.47 0.454 0.439 0.475 0.509 0.531 0.499 0.434 0.39 0.405 0.357 0.356 0.377 0.368 0.345 0.323 0.32 0.362 0.388 0.365 0.263 0.301 0.377 0.446 0.358 0.355 0.36 0.324
-9999 -9999 -9999 -9999 -9999 -9999 -9999 -9999 -9999 -9999 -9999 -9999 -9999 -9999 -9999 -9999 -9999 -9999 -9999 -9999 -9999 -9999 -9999 -9999 -9999 -9999 -9999 -9999 -9999 -9999 -9999 -9999 -9999 -9999 -9999 -9999 -9999 -9999 0.449 0.464 0.469 0.436 0.475 0.48 0.515 0.511 0.471 0.467 0.486 0.515 0.433 0.42 0.479 0.504 0.491 0.447 0.406 0.393 0.367 0.321 0.314 0.355 0.35 0.331 0.312 0.367 0.383 0.326 0.382 0.289 0.372 0.447 0.415 0.393 0.39 0.278 0.421
-9999 -9999 -9999 -9999 -9999 -9999 -9999 -9999 -9999 -9999 -9999 -9999 -9999 -9999 -9999 -9999 -9999 -9999 -9999 -9999 -9999 0.357 0.315 -9999 -9999 -9999 0.312 0.331 0.333 -9999 -9999 -9999 -9999 -9999 -9999 -9999 -9999 -9999 0.421 0.443 0.441 0.432 0.411 0.459 0.44 0.429 0.424 0.411 0.434 0.447 0.427 0.456 0.418 0.508 0.46 0.425 0.474 0.462 0.413 0.364 0.356 0.351 0.348 0.369 0.329 0.355 0.357 0.34 0.39 0.4 0.368 0.434 0.454 0.464 0.36 0.424 0.359
-9999 -9999 -9999 -9999 -9999 -9999 -9999 -9999 -9999 -9999 -9999 -9999 -9999 -9999 -9999 -9999 -9999 -9999 0.342 0.306 0.301 0.294 0.278 0.286 0.308 0.309 0.297 0.294 0.309 0.301 0.341 0.389 0.365 0.312 0.379 -9999 0.444 0.443 0.42 0.413 0.406 0.395 0.386 0.415 0.414 0.426 0.43 0.454 0.457 0.413 0.383 0.436 0.429 0.439 0.444 0.412 0.449 0.536 0.472 0.423 0.394 0.362 0.329 0.345 0.364 0.346 0.319 0.334 0.381 0.386 0.39 0.417 0.437 0.366 0.323 0.332 0.273
-9999 -9999 -9999 -9999 -9999 -9999 -9999 -9999 -9999 -9999 -9999 -9999 -9999 0.318 0.322 0.272 0.278 0.283 0.313 0.263 0.269 0.253 0.27 0.298 0.306 0.343 0.327 0.332 0.29 0.321 0.329 0.334 0.321 0.36 0.409 0.418 0.41 0.401 0.385 0.383 0.385 0.379 0.388 0.389 0.395 0.409 0.42 0.511 0.441 0.447 0.461 0.408 0.37 0.535 0.479 0.436 0.494 0.452 0.388 0.418 0.349 0.322 0.324 0.333 0.334 0.332 0.34 0.324 0.356 0.382 0.408 0.419 0.415 0.361 0.328 0.342 0.281
-9999 -9999 -9999 -9999 -9999 -9999 -9999 -9999 -9999 -9999 -9999 -9999 0.268 0.251 0.244 0.26 0.251 0.206 0.263 0.278 0.288 0.303 0.298 0.275 0.287 0.306 0.281 0.334 0.316 0.353 0.366 0.326 0.329 0.388 0.378 0.338 0.36 0.369 0.364 0.374 0.39 0.383 0.394 0.41 0.397 0.405 0.455 0.467 0.385 0.38 0.369 0.363 0.379 0.405 0.388 0.379 0.415 0.334 0.332 0.345 0.322 0.346 0.325 0.356 0.33 0.327 0.333 0.318 0.411 0.349 0.414 0.354 0.367 0.277 0.285 0.308 0.325
-9999 -9999 -9999 -9999 -9999 0.238 0.264 0.282 0.291 0.261 0.259 0.27 0.288 0.259 0.246 0.244 0.243 0.251 0.273 0.265 0.313 0.308 0.277 0.267 0.269 0.273 0.297 0.31 0.339 0.333 0.33 0.334 0.347 0.363 0.372 0.347 0.356 0.362 0.386 0.374 0.38 0.368 0.359 0.419 0.421 0.417 0.423 0.389 0.369 0.401 0.423 0.388 0.375 0.46 0.516 0.492 0.377 0.337 0.322 0.331 0.333 0.335 0.358 0.342 0.324 0.321 0.33 0.355 0.278 0.249 0.27 0.367 0.367 0.277 0.261 0.255 0.326
-9999 -9999 -9999 -9999 0.244 0.251 0.258 0.275 0.281 0.255 0.24 0.26 0.282 0.244 0.237 0.259 0.266 0.26 0.275 0.25 0.298 0.255 0.237 0.284 0.358 0.387 0.326 0.311 0.321 0.308 0.319 0.329 0.344 0.353 0.363 0.349 0.36 0.361 0.342 0.346 0.369 0.386 0.365 0.393 0.375 0.397 0.398 0.386 0.442 0.445 0.446 0.415 0.352 0.345 0.37 0.375 0.345 0.354 0.353 0.347 0.341 0.318 0.349 0.343 0.343 0.335 0.348 0.295 0.304 0.267 0.212 0.284 0.34 0.324 0.324 0.362 0.407
-9999 -9999 0.266 0.258 0.286 0.294 0.275 0.256 0.273 0.231 0.243 0.276 0.279 0.254 0.238 0.246 0.267 0.268 0.263 0.215 0.253 0.249 0.283 0.295 0.355 0.372 0.385 0.353 0.346 0.285 0.295 0.272 0.314 0.336 0.345 0.33 0.336 0.389 0.368 0.371 0.35 0.349 0.334 0.379 0.377 0.365 0.379 0.354 0.465 0.488 0.43 0.485 0.43 0.364 0.351 0.335 0.345 0.372 0.347 0.348 0.336 0.336 0.336 0.301 0.311 0.303 0.301 0.323 0.297 0.277 0.256 0.238 0.219 0.259 0.272 0.313 0.408
-9999 0.24 0.255 0.267 0.257 0.291 0.311 0.284 0.252 0.235 0.246 0.274 0.267 0.234 0.23 0.231 0.275 0.318 0.276 0.246 0.297 0.356 0.325 0.284 0.315 0.306 0.298 0.298 0.346 0.301 0.322 0.333 0.337 0.342 0.333 0.341 0.346 0.349 0.316 0.355 0.347 0.362 0.357 0.368 0.36 0.359 0.393 0.396 0.407 0.445 0.429 0.469 0.468 0.437 0.424 0.398 0.362 0.357 0.311 0.342 0.338 0.315 0.297 0.302 0.302 0.279 0.311 0.331 0.292 0.263 0.247 0.232 0.239 0.234 0.268 0.313 0.387
-9999 0.252 0.269 0.27 0.302 0.329 0.311 0.284 0.289 0.249 0.242 0.263 0.295 0.257 0.255 0.253 0.237 0.238 0.263 0.229 0.249 0.283 0.278 0.249 0.254 0.269 0.324 0.305 0.284 0.303 0.306 0.307 0.3 0.34 0.329 0.307 0.32 0.373 0.372 0.392 0.393 0.382 0.363 0.388 0.369 0.377 0.417 0.45 0.422 0.38 0.381 0.423 0.393 0.359 0.339 0.35 0.325 0.32 0.338 0.386 0.353 0.367 0.349 0.269 0.287 0.246 0.309 0.308 0.283 0.335 0.28 0.272 0.294 0.222 0.251 0.278 0.353
-9999 0.234 0.248 0.276 0.295 0.306 0.306 0.289 0.252 0.244 0.225 0.25 0.28 0.249 0.243 0.243 0.231 0.257 0.251 0.249 0.237 0.269 0.239 0.251 0.263 0.261 0.278 0.278 0.295 0.298 0.318 0.317 0.317 0.321 0.33 0.301 0.327 0.386 0.4 0.38 0.363 0.345 0.366 0.365 0.386 0.388 0.405 0.433 0.421 0.466 0.393 0.453 0.424 0.38 0.361 0.393 0.322 0.322 0.311 0.349 0.331 0.325 0.377 0.288 0.282 0.25 0.302 0.334 0.301 0.286 0.276 0.311 0.282 0.278 0.339 0.396 0.38
0.265 0.203 0.229 0.261 0.259 0.26 0.252 0.267 0.256 0.246 0.274 0.264 0.26 0.223 0.224 0.233 0.249 0.229 0.263 0.257 0.256 0.241 0.3 0.284 0.265 0.269 0.274 0.297 0.3 0.315 0.308 0.284 0.296 0.307 0.307 0.351 0.359 0.412 0.382 0.374 0.416 0.361 0.369 0.362 0.373 0.401 0.376 0.454 0.481 0.488 0.395 0.362 0.387 0.33 0.335 0.334 0.315 0.316 0.337 0.345 0.33 0.332 0.372 0.401 0.372 0.341 0.367 0.394 0.343 0.275 0.312 0.336 0.346 0.331 0.345 0.356 0.253
0.234 0.198 0.14 0.266 0.258 0.267 0.263 0.231 0.265 0.286 0.3 0.28 0.248 0.256 0.223 0.246 0.24 0.198 0.24 0.263 0.248 0.262 0.252 0.273 0.289 0.323 0.278 0.287 0.29 0.257 0.271 0.271 0.293 0.303 0.29 0.328 0.345 0.37 0.351 0.368 0.382 0.368 0.436 0.369 0.412 0.471 0.411 0.401 0.441 0.569 0.44 0.459 0.366 0.377 0.348 0.325 0.363 0.325 0.325 0.341 0.33 0.355 0.352 0.4 0.385 0.367 0.307 0.287 0.357 0.324 0.347 0.327 0.308 0.277 0.271 0.252 0.306
0.201 0.192 0.154 0.234 0.258 0.251 0.238 0.231 0.249 0.263 0.26 0.244 0.24 0.304 0.18 0.192 0.191 0.232 0.233 0.212 0.229 0.271 0.262 0.264 0.247 0.235 0.268 0.323 0.27 0.281 0.311 0.295 0.317 0.336 0.293 0.293 0.334 0.396 0.369 0.425 0.423 0.416 0.389 0.327 0.319 0.39 0.366 0.327 0.354 0.4 0.391 0.398 0.357 0.399 0.357 0.357 0.305 0.29 0.336 0.337 0.305 0.329 0.362 0.367 0.38 0.384 0.362 0.393 0.299 0.346 0.372 0.307 0.278 0.303 0.297 0.319 0.323
0.244 0.287 0.316 0.266 0.269 0.278 0.262 0.253 0.222 0.231 0.22 0.168 0.228 0.261 0.278 0.265 0.219 0.216 0.249 0.263 0.273 0.262 0.276 0.265 0.26 0.278 0.255 0.28 0.319 0.302 0.296 0.287 0.284 0.295 0.368 0.371 0.366 0.391 0.339 0.4 0.395 0.414 0.444 0.492 0.445 0.379 0.403 0.491 0.313 0.269 0.295 0.398 0.418 0.31 0.334 0.339 0.325 0.322 0.299 0.262 0.256 0.268 0.215 0.253 0.401 0.407 0.366 0.375 0.309 0.333 0.316 0.288 0.259 0.236 0.208 0.23 0.212
0.225 0.215 0.2 0.206 0.237 0.242 0.257 0.297 0.257 0.236 0.248 0.219 0.2 0.272 0.283 0.264 0.25 0.255 0.247 0.224 0.243 0.287 0.274 0.263 0.258 0.262 0.283 0.28 0.322 0.287 0.315 0.279 0.278 0.304 0.338 0.371 0.398 0.377 0.384 0.431 0.391 0.41 0.469 0.426 0.39 0.4 0.473 0.445 0.366 0.353 0.346 0.309 0.32 0.35 0.327 0.324 0.319 0.314 0.318 0.287 0.253 0.262 0.302 0.32 0.322 0.307 0.268 0.301 0.255 0.239 0.232 0.257 0.255 0.297 0.262 0.238 0.219
0.204 0.19 0.203 0.185 0.19 0.242 0.279 0.261 0.256 0.252 0.253 0.25 0.261 0.291 0.286 0.268 0.254 0.253 0.212 0.282 0.255 0.272 0.253 0.257 0.274 0.305 0.304 0.287 0.322 0.318 0.295 0.275 0.282 0.317 0.381 0.438 0.456 0.386 0.444 0.495 0.435 0.447 0.433 0.371 0.482 0.489 0.489 0.487 0.339 0.378 0.348 0.32 0.3 0.308 0.3 0.294 0.301 0.253 0.273 0.309 0.261 0.28 0.289 0.345 0.345 0.337 0.367 0.319 0.237 0.21 0.236 0.238 0.287 0.286 0.173 0.2 0.194
0.205 0.178 0.202 0.217 0.223 0.248 0.269 0.26 0.261 0.252 0.245 0.256 0.289 0.295 0.313 0.269 0.259 0.231 0.259 0.255 0.25 0.292 0.286 0.269 0.259 0.305 0.295 0.329 0.343 0.288 0.339 0.362 0.366 0.391 0.447 0.487 0.457 0.404 0.458 0.401 0.419 0.45 0.371 0.425 0.478 0.426 0.528 0.504 0.345 0.336 0.359 0.35 0.344 0.322 0.318 0.292 0.293 0.3 0.302 0.301 0.278 0.29 0.292 0.303 0.328 0.332 0.305 0.303 0.262 0.272 0.281 0.254 0.259 0.212 0.25 0.227 0.228
0.187 0.198 0.208 0.219 0.251 0.274 0.272 0.256 0.267 0.267 0.281 0.298 0.268 0.273 0.281 0.282 0.257 0.23 0.228 0.24 0.233 0.244 0.283 0.288 0.282 0.361 0.307 0.31 0.343 0.348 0.3 0.316 0.35 0.488 0.511 0.426 0.439 0.465 0.434 0.447 0.452 0.372 0.414 0.385 0.447 0.43 0.454 0.429 0.377 0.342 0.341 0.376 0.362 0.31 0.294 0.307 0.312 0.313 0.288 0.27 0.279 0.239 0.251 0.26 0.278 0.246 0.254 0.241 0.278 0.271 0.31 0.274 0.23 0.224 0.202 0.195 0.275
0.204 0.238 0.255 0.244 0.253 0.26 0.25 0.278 0.267 0.284 0.291 0.29 0.268 0.278 0.266 0.266 0.26 0.262 0.285 0.285 0.26 0.316 0.315 0.284 0.275 0.272 0.312 0.36 0.367 0.351 0.408 0.484 0.5 0.373 0.336 0.399 0.372 0.371 0.404 0.353 0.375 0.416 0.454 0.422 0.343 0.412 0.348 0.307 0.454 0.381 0.324 0.303 0.295 0.317 0.33 0.328 0.342 0.303 0.352 0.326 0.282 0.314 0.274 0.267 0.239 0.256 0.276 0.286 0.279 0.242 0.25 0.222 0.192 0.301 0.281 0.225 0.309
0.236 0.232 0.216 0.219 0.218 0.236 0.252 0.252 0.261 0.267 0.296 0.295 0.301 0.285 0.267 0.281 0.284 0.274 0.287 0.265 0.288 0.296 0.321 0.287 0.282 0.293 0.327 0.313 0.347 0.435 0.454 0.494 0.492 0.397 0.374 0.347 0.404 0.389 0.372 0.336 0.4 0.437 0.397 0.398 0.352 0.334 0.33 0.37 0.366 0.327 0.329 0.348 0.308 0.277 0.282 0.294 0.29 0.28 0.268 0.271 0.274 0.263 0.286 0.274 0.28 0.28 0.277 0.301 0.257 0.251 0.241 0.232 0.193 0.33 0.237 0.189 0.341
0.239 0.226 0.233 0.227 0.233 0.261 0.264 0.268 0.259 0.277 0.285 0.27 0.267 0.291 0.254 0.256 0.294 0.294 0.332 0.334 0.36 0.324 0.285 0.378 0.372 0.311 0.334 0.388 0.41 0.477 0.507 0.5 0.413 0.457 0.372 0.304 0.376 0.361 0.332 0.334 0.417 0.394 0.364 0.367 0.348 0.311 0.292 0.348 0.424 0.347 0.331 0.298 0.308 0.289 0.262 0.267 0.25 0.241 0.251 0.25 0.259 0.262 0.23 0.253 0.282 0.296 0.308 0.301 0.279 0.289 0.3 0.282 0.23 0.263 0.266 0.31 0.323
0.237 0.237 0.244 0.236 0.253 0.255 0.253 0.262 0.262 0.252 0.253 0.256 0.239 0.267 0.263 0.325 0.353 0.319 0.322 0.351 0.397 0.37 0.336 0.368 0.376 0.347 0.366 0.434 0.478 0.501 0.412 0.465 0.485 0.429 0.406 0.349 0.323 0.351 0.316 0.379 0.425 0.387 0.341 0.331 0.362 0.352 0.348 0.312 0.338 0.376 0.342 0.271 0.268 0.273 0.233 0.248 0.251 0.239 0.229 0.258 0.256 0.26 0.282 0.251 0.218 0.27 0.284 0.307 0.271 0.232 0.257 0.3 0.265 0.271 0.266 0.281 0.265
0.194 0.237 0.251 0.258 0.256 0.261 0.258 0.251 0.245 0.256 0.288 0.277 0.278 0.286 0.271 0.289 0.327 0.329 0.351 0.348 0.393 0.404 0.393 0.33 0.363 0.372 0.359 0.416 0.481 0.423 0.373 0.435 0.52 0.395 0.393 0.373 0.366 0.33 0.305 0.471 0.404 0.347 0.344 0.414 0.35 0.335 0.33 0.324 0.317 0.305 0.271 0.229 0.252 0.279 0.281 0.282 0.288 0.283 0.269 0.244 0.252 0.258 0.287 0.281 0.276 0.277 0.276 0.291 0.278 0.294 0.257 0.261 0.311 0.264 0.312 0.318 0.309
0.27 0.263 0.254 0.24 0.228 0.255 0.263 0.266 0.243 0.261 0.272 0.257 0.261 0.323 0.31 0.312 0.365 0.342 0.347 0.366 0.33 0.404 0.412 0.374 0.38 0.372 0.436 0.437 0.357 0.35 0.418 0.41 0.335 0.474 0.407 0.363 0.422 0.346 0.307 0.316 0.3 0.322 0.373 0.344 0.389 0.307 0.327 0.371 0.265 0.31 0.268 0.332 0.284 0.27 0.277 0.268 0.266 0.278 0.262 0.264 0.275 0.268 0.286 0.261 0.297 0.301 0.302 0.281 0.298 0.221 0.221 0.276 0.263 0.292 0.271 0.279 0.321
0.255 0.273 0.289 0.271 0.242 0.281 0.318 0.314 0.312 0.307 0.259 0.271 0.284 0.286 0.294 0.303 0.317 0.285 0.337 0.326 0.345 0.395 0.476 0.36 0.341 0.39 0.416 0.41 0.367 0.384 0.336 0.349 0.372 0.418 0.39 0.357 0.347 0.319 0.291 0.315 0.315 0.317 0.325 0.315 0.33 0.308 0.287 0.375 0.266 0.266 0.288 0.3 0.297 0.283 0.275 0.275 0.284 0.283 0.276 0.278 0.263 0.263 0.264 0.278 0.277 0.27 0.286 0.324 0.302 0.294 0.26 0.26 0.301 0.304 0.309 0.311 0.287
0.254 0.243 0.225 0.247 0.296 0.308 0.294 0.278 0.28 0.291 0.265 0.24 0.247 0.287 0.284 0.295 0.335 0.326 0.354 0.387 0.41 0.43 0.413 0.298 0.296 0.428 0.515 0.472 0.354 0.373 0.442 0.343 0.321 0.354 0.433 0.393 0.347 0.317 0.315 0.299 0.295 0.285 0.29 0.298 0.326 0.354 0.347 0.31 0.267 0.279 0.288 0.294 0.302 0.291 0.275 0.276 0.298 0.304 0.275 0.274 0.282 0.26 0.284 0.29 0.269 0.299 0.221 0.194 0.252 0.297 0.3 0.28 0.283 0.322 0.342 0.348 0.275
0.246 0.239 0.252 0.264 0.285 0.31 0.287 0.249 0.229 0.276 0.269 0.294 0.304 0.351 0.303 0.319 0.318 0.359 0.43 0.476 0.407 0.356 0.302 0.323 0.308 0.336 0.453 0.51 0.41 0.402 0.394 0.342 0.294 0.368 0.46 0.43 0.331 0.307 0.306 0.297 0.328 0.289 0.274 0.272 0.284 0.312 0.343 0.306 0.359 0.275 0.29 0.315 0.276 0.273 0.272 0.305 0.278 0.253 0.272 0.275 0.32 0.334 0.324 0.277 0.311 0.301 0.315 0.288 0.252 0.294 0.295 0.274 0.234 0.335 0.383 0.365 0.363
0.228 0.242 0.268 0.303 0.292 0.291 0.277 0.264 0.27 0.313 0.31 0.356 0.356 0.363 0.39 0.388 0.34 0.347 0.4 0.443 0.358 0.342 0.287 0.307 0.393 0.321 0.379 0.495 0.405 0.415 0.366 0.35 0.379 0.335 0.413 0.345 0.319 0.328 0.294 0.299 0.293 0.291 0.27 0.287 0.29 0.27 0.332 0.299 0.36 0.302 0.326 0.308 0.286 0.268 0.353 0.32 0.305 0.297 0.371 0.328 0.299 0.31 0.333 0.26 0.254 0.262 0.297 0.339 0.345 0.299 0.293 0.291 0.345 0.282 0.26 0.291 0.341
