data/china_ndvi_max_2008.asc
ncols         710
nrows         510
xllcorner     70
yllcorner     10
cellsize      0.1
NODATA_value  -9999
[rows 315 to 349 of 510, columns 308 to 384 of 710]
0.601 0.694 0.63 0.622 0.637 0.587 0.425 0.411 0.432 0.291 0.312 0.548 0.757 0.756 0.681 0.77 0.751 0.743 0.515 0.571 0.674 0.665 0.699 0.763 0.717 0.646 0.683 0.591 0.643 0.625 0.531 0.641 0.574 0.602 0.57 0.55 0.555 0.597 0.606 0.568 0.529 0.584 0.565 0.578 0.601 0.568 0.575 0.591 0.619 0.587 0.619 0.572 0.583 0.603 0.584 0.568 0.577 0.547 0.591 0.618 0.603 0.636 0.641 0.641 0.65 0.655 0.65 0.634 0.61 0.611 0.678 0.648 0.599 0.627 0.611 0.621 0.636
0.627 0.573 0.657 0.631 0.315 0.314 0.301 0.415 0.392 0.282 0.437 0.34 0.599 0.614 0.703 0.726 0.816 0.621 0.537 0.567 0.688 0.679 0.71 0.681 0.711 0.622 0.63 0.629 0.629 0.652 0.626 0.522 0.62 0.603 0.577 0.577 0.594 0.559 0.584 0.564 0.57 0.566 0.568 0.587 0.566 0.531 0.561 0.576 0.576 0.594 0.588 0.549 0.564 0.547 0.548 0.495 0.472 0.61 0.609 0.629 0.612 0.629 0.612 0.628 0.643 0.632 0.66 0.679 0.697 0.66 0.624 0.653 0.631 0.633 0.627 0.64 0.601
0.656 0.597 0.645 0.566 0.338 0.356 0.396 0.547 0.368 0.309 0.416 0.49 0.666 0.762 0.739 0.753 0.727 0.738 0.685 0.69 0.702 0.725 0.699 0.721 0.632 0.688 0.743 0.712 0.586 0.674 0.67 0.601 0.626 0.636 0.621 0.579 0.575 0.58 0.619 0.586 0.579 0.562 0.589 0.593 0.557 0.548 0.547 0.566 0.559 0.553 0.58 0.551 0.553 0.508 0.497 0.569 0.573 0.628 0.628 0.654 0.655 0.644 0.593 0.578 0.654 0.671 0.739 0.73 0.723 0.683 0.675 0.632 0.633 0.611 0.624 0.606 0.633
0.555 0.708 0.712 0.64 0.604 0.372 0.605 0.602 0.34 0.416 0.45 0.32 0.652 0.726 0.722 0.726 0.78 0.721 0.67 0.675 0.715 0.737 0.742 0.727 0.714 0.762 0.727 0.687 0.676 0.65 0.671 0.661 0.582 0.627 0.62 0.608 0.579 0.611 0.581 0.592 0.579 0.603 0.552 0.607 0.595 0.561 0.552 0.571 0.564 0.57 0.554 0.555 0.55 0.47 0.569 0.596 0.596 0.605 0.624 0.631 0.612 0.676 0.589 0.606 0.649 0.615 0.749 0.709 0.679 0.685 0.657 0.685 0.59 0.62 0.631 0.639 0.683
0.618 0.664 0.64 0.698 0.694 0.553 0.578 0.646 0.454 0.343 0.525 0.419 0.666 0.452 0.551 0.719 0.786 0.667 0.681 0.659 0.608 0.798 0.735 0.674 0.688 0.765 0.751 0.71 0.714 0.668 0.699 0.671 0.656 0.618 0.597 0.603 0.602 0.592 0.576 0.578 0.597 0.62 0.582 0.569 0.557 0.535 0.552 0.548 0.574 0.562 0.553 0.525 0.555 0.546 0.609 0.636 0.658 0.591 0.584 0.601 0.625 0.644 0.648 0.721 0.737 0.652 0.644 0.631 0.644 0.664 0.655 0.658 0.615 0.609 0.632 0.632 0.619
0.658 0.708 0.696 0.735 0.664 0.567 0.729 0.71 0.752 0.575 0.595 0.509 0.592 0.675 0.645 0.718 0.74 0.653 0.629 0.593 0.607 0.724 0.698 0.748 0.766 0.711 0.637 0.63 0.657 0.706 0.663 0.701 0.676 0.7 0.676 0.548 0.586 0.6 0.587 0.598 0.585 0.586 0.547 0.57 0.554 0.563 0.507 0.523 0.474 0.488 0.537 0.557 0.625 0.627 0.647 0.662 0.647 0.708 0.601 0.612 0.602 0.641 0.735 0.635 0.727 0.636 0.615 0.643 0.608 0.631 0.643 0.644 0.627 0.605 0.604 0.592 0.611
0.583 0.722 0.672 0.795 0.658 0.7 0.548 0.524 0.663 0.711 0.664 0.584 0.68 0.592 0.678 0.678 0.747 0.633 0.667 0.732 0.661 0.657 0.754 0.703 0.703 0.699 0.679 0.644 0.651 0.675 0.635 0.676 0.68 0.73 0.723 0.627 0.558 0.553 0.481 0.534 0.514 0.533 0.507 0.555 0.524 0.522 0.476 0.579 0.567 0.562 0.529 0.538 0.643 0.665 0.666 0.652 0.632 0.623 0.611 0.586 0.6 0.632 0.674 0.614 0.655 0.643 0.614 0.639 0.623 0.616 0.627 0.636 0.651 0.588 0.625 0.633 0.602
0.5 0.702 0.613 0.703 0.677 0.58 0.432 0.644 0.69 0.707 0.669 0.625 0.661 0.746 0.629 0.667 0.567 0.572 0.606 0.689 0.706 0.723 0.769 0.713 0.713 0.713 0.728 0.674 0.684 0.674 0.652 0.616 0.733 0.684 0.658 0.643 0.622 0.562 0.6 0.621 0.601 0.577 0.581 0.549 0.599 0.614 0.632 0.659 0.629 0.553 0.622 0.631 0.67 0.703 0.703 0.716 0.708 0.645 0.623 0.612 0.629 0.627 0.652 0.676 0.656 0.588 0.577 0.622 0.635 0.618 0.608 0.585 0.603 0.638 0.636 0.603 0.613
0.515 0.709 0.524 0.728 0.701 0.603 0.487 0.554 0.718 0.652 0.684 0.625 0.637 0.7 0.654 0.676 0.579 0.628 0.547 0.674 0.608 0.667 0.672 0.563 0.596 0.653 0.706 0.72 0.706 0.665 0.661 0.603 0.639 0.568 0.575 0.588 0.584 0.638 0.573 0.63 0.611 0.597 0.621 0.612 0.657 0.631 0.644 0.685 0.696 0.613 0.715 0.749 0.646 0.719 0.704 0.732 0.751 0.693 0.676 0.599 0.628 0.654 0.719 0.691 0.65 0.628 0.612 0.597 0.607 0.662 0.59 0.624 0.654 0.642 0.586 0.57 0.609
0.572 0.644 0.589 0.674 0.712 0.703 0.481 0.639 0.542 0.695 0.695 0.691 0.707 0.658 0.633 0.696 0.631 0.631 0.587 0.601 0.584 0.647 0.597 0.531 0.574 0.668 0.694 0.699 0.673 0.669 0.623 0.645 0.72 0.71 0.697 0.629 0.613 0.611 0.617 0.599 0.596 0.616 0.626 0.65 0.646 0.643 0.638 0.637 0.651 0.624 0.668 0.677 0.679 0.662 0.703 0.818 0.797 0.695 0.662 0.643 0.664 0.65 0.699 0.656 0.634 0.63 0.615 0.609 0.625 0.612 0.582 0.595 0.631 0.603 0.584 0.559 0.57
0.681 0.716 0.532 0.625 0.732 0.664 0.727 0.678 0.65 0.613 0.672 0.685 0.717 0.77 0.642 0.604 0.684 0.598 0.531 0.54 0.582 0.564 0.503 0.51 0.573 0.719 0.787 0.757 0.704 0.708 0.615 0.6 0.723 0.719 0.719 0.648 0.667 0.639 0.628 0.651 0.63 0.622 0.602 0.587 0.596 0.582 0.585 0.618 0.631 0.659 0.717 0.705 0.741 0.683 0.712 0.679 0.681 0.683 0.674 0.687 0.642 0.646 0.652 0.62 0.654 0.678 0.64 0.64 0.663 0.668 0.641 0.628 0.62 0.594 0.588 0.561 0.591
0.688 0.647 0.603 0.617 0.666 0.672 0.582 0.669 0.633 0.639 0.68 0.698 0.732 0.672 0.594 0.632 0.604 0.58 0.561 0.583 0.557 0.529 0.538 0.523 0.601 0.686 0.663 0.726 0.565 0.653 0.613 0.604 0.711 0.681 0.662 0.653 0.662 0.611 0.609 0.645 0.646 0.64 0.609 0.626 0.598 0.614 0.595 0.647 0.669 0.715 0.741 0.741 0.657 0.646 0.641 0.667 0.67 0.67 0.662 0.708 0.697 0.658 0.597 0.637 0.693 0.62 0.612 0.639 0.631 0.625 0.619 0.625 0.577 0.565 0.583 0.562 0.58
0.645 0.638 0.695 0.579 0.619 0.643 0.648 0.693 0.644 0.666 0.703 0.705 0.649 0.589 0.56 0.653 0.616 0.587 0.578 0.568 0.559 0.522 0.491 0.536 0.547 0.635 0.72 0.584 0.614 0.62 0.635 0.683 0.714 0.643 0.642 0.682 0.678 0.61 0.658 0.624 0.621 0.681 0.65 0.632 0.589 0.565 0.597 0.678 0.724 0.704 0.766 0.739 0.608 0.605 0.602 0.624 0.601 0.623 0.648 0.65 0.629 0.669 0.631 0.699 0.661 0.633 0.627 0.651 0.691 0.648 0.615 0.616 0.606 0.593 0.587 0.586 0.638
0.638 0.614 0.724 0.683 0.629 0.634 0.677 0.627 0.721 0.709 0.713 0.725 0.677 0.592 0.546 0.567 0.614 0.547 0.566 0.551 0.553 0.553 0.511 0.516 0.527 0.688 0.675 0.63 0.696 0.68 0.656 0.725 0.701 0.69 0.657 0.662 0.669 0.605 0.633 0.64 0.64 0.678 0.646 0.595 0.59 0.63 0.598 0.624 0.624 0.708 0.733 0.756 0.613 0.634 0.589 0.595 0.6 0.641 0.62 0.651 0.593 0.65 0.681 0.7 0.643 0.632 0.628 0.611 0.641 0.64 0.603 0.615 0.626 0.634 0.616 0.609 0.647
0.662 0.678 0.669 0.65 0.682 0.668 0.694 0.588 0.683 0.679 0.69 0.67 0.659 0.585 0.505 0.62 0.625 0.568 0.569 0.553 0.559 0.56 0.529 0.557 0.601 0.565 0.612 0.644 0.655 0.633 0.627 0.643 0.662 0.662 0.662 0.669 0.668 0.6 0.638 0.63 0.628 0.593 0.603 0.639 0.656 0.628 0.585 0.637 0.67 0.673 0.646 0.642 0.639 0.622 0.641 0.591 0.591 0.595 0.615 0.63 0.648 0.661 0.661 0.672 0.651 0.64 0.662 0.635 0.664 0.623 0.602 0.592 0.627 0.627 0.606 0.62 0.624
0.648 0.649 0.679 0.564 0.624 0.598 0.656 0.649 0.663 0.644 0.717 0.695 0.664 0.594 0.508 0.517 0.653 0.606 0.586 0.54 0.491 0.523 0.542 0.618 0.643 0.599 0.612 0.639 0.638 0.673 0.64 0.602 0.663 0.723 0.654 0.682 0.649 0.594 0.615 0.663 0.653 0.636 0.644 0.632 0.659 0.626 0.617 0.649 0.643 0.646 0.665 0.644 0.629 0.661 0.652 0.64 0.599 0.65 0.626 0.65 0.626 0.642 0.636 0.656 0.616 0.62 0.63 0.594 0.592 0.593 0.612 0.609 0.589 0.569 0.629 0.573 0.654
0.654 0.674 0.674 0.654 0.594 0.58 0.617 0.653 0.705 0.703 0.677 0.672 0.64 0.538 0.548 0.564 0.651 0.58 0.567 0.595 0.548 0.527 0.504 0.512 0.606 0.616 0.635 0.581 0.622 0.642 0.635 0.569 0.631 0.703 0.661 0.72 0.675 0.629 0.667 0.634 0.646 0.642 0.628 0.643 0.653 0.628 0.626 0.649 0.647 0.64 0.661 0.638 0.62 0.627 0.67 0.65 0.59 0.643 0.681 0.623 0.652 0.604 0.644 0.626 0.589 0.636 0.636 0.596 0.595 0.612 0.628 0.602 0.558 0.6 0.586 0.587 0.636
0.614 0.596 0.579 0.629 0.67 0.6 0.627 0.522 0.639 0.643 0.654 0.688 0.575 0.579 0.519 0.649 0.599 0.617 0.496 0.545 0.569 0.519 0.609 0.607 0.626 0.567 0.567 0.521 0.561 0.592 0.521 0.571 0.623 0.645 0.662 0.673 0.64 0.668 0.658 0.64 0.672 0.645 0.639 0.641 0.612 0.61 0.592 0.619 0.635 0.621 0.611 0.616 0.636 0.631 0.623 0.625 0.639 0.618 0.628 0.6 0.584 0.565 0.592 0.616 0.588 0.651 0.618 0.611 0.644 0.613 0.616 0.62 0.571 0.593 0.577 0.607 0.672
0.67 0.595 0.645 0.689 0.634 0.477 0.566 0.493 0.625 0.65 0.675 0.643 0.619 0.65 0.58 0.704 0.657 0.681 0.538 0.561 0.602 0.578 0.615 0.645 0.597 0.557 0.572 0.558 0.514 0.511 0.61 0.632 0.589 0.677 0.673 0.616 0.676 0.682 0.646 0.664 0.659 0.644 0.637 0.608 0.585 0.575 0.638 0.676 0.639 0.638 0.618 0.659 0.643 0.648 0.645 0.651 0.662 0.627 0.624 0.63 0.606 0.532 0.575 0.57 0.615 0.66 0.636 0.635 0.55 0.583 0.614 0.637 0.609 0.608 0.597 0.643 0.696
0.633 0.628 0.642 0.581 0.594 0.524 0.487 0.508 0.537 0.648 0.697 0.703 0.652 0.718 0.607 0.705 0.702 0.66 0.551 0.587 0.618 0.564 0.653 0.651 0.598 0.605 0.526 0.645 0.537 0.498 0.631 0.618 0.6 0.623 0.623 0.628 0.641 0.639 0.656 0.632 0.654 0.634 0.632 0.631 0.646 0.623 0.629 0.627 0.664 0.631 0.631 0.664 0.674 0.672 0.657 0.603 0.633 0.625 0.621 0.595 0.57 0.581 0.563 0.6 0.61 0.657 0.672 0.624 0.616 0.639 0.648 0.647 0.627 0.592 0.585 0.665 0.701
0.59 0.661 0.706 0.616 0.557 0.566 0.575 0.621 0.576 0.624 0.725 0.664 0.717 0.714 0.581 0.685 0.789 0.577 0.587 0.633 0.663 0.569 0.605 0.633 0.637 0.543 0.542 0.594 0.563 0.513 0.496 0.595 0.608 0.603 0.627 0.605 0.586 0.64 0.641 0.628 0.632 0.569 0.636 0.634 0.649 0.62 0.605 0.643 0.645 0.613 0.588 0.65 0.649 0.634 0.646 0.584 0.646 0.62 0.603 0.593 0.608 0.649 0.639 0.674 0.678 0.619 0.617 0.635 0.626 0.619 0.652 0.686 0.699 0.744 0.709 0.696 0.689
0.584 0.614 0.635 0.654 0.559 0.536 0.666 0.641 0.698 0.698 0.691 0.667 0.704 0.698 0.647 0.686 0.744 0.649 0.603 0.675 0.703 0.592 0.642 0.636 0.635 0.551 0.516 0.568 0.549 0.477 0.446 0.513 0.585 0.608 0.61 0.601 0.597 0.657 0.597 0.632 0.614 0.588 0.655 0.622 0.61 0.559 0.603 0.612 0.579 0.604 0.625 0.649 0.672 0.636 0.608 0.625 0.633 0.629 0.618 0.583 0.624 0.652 0.607 0.6 0.626 0.651 0.67 0.62 0.649 0.618 0.624 0.658 0.719 0.738 0.708 0.694 0.692
0.63 0.599 0.619 0.597 0.64 0.583 0.672 0.736 0.722 0.739 0.68 0.579 0.732 0.703 0.727 0.689 0.766 0.688 0.619 0.667 0.68 0.646 0.58 0.616 0.664 0.579 0.529 0.51 0.475 0.485 0.482 0.529 0.561 0.596 0.605 0.609 0.61 0.625 0.609 0.632 0.598 0.596 0.596 0.601 0.597 0.589 0.567 0.557 0.594 0.629 0.64 0.627 0.655 0.571 0.635 0.626 0.636 0.612 0.614 0.611 0.612 0.634 0.62 0.628 0.614 0.63 0.615 0.575 0.637 0.653 0.689 0.602 0.703 0.728 0.695 0.702 0.713
0.576 0.513 0.573 0.591 0.6 0.643 0.718 0.744 0.754 0.72 0.678 0.63 0.727 0.656 0.669 0.683 0.696 0.685 0.657 0.633 0.693 0.649 0.59 0.581 0.647 0.623 0.557 0.535 0.57 0.533 0.507 0.531 0.528 0.602 0.582 0.596 0.596 0.617 0.634 0.595 0.611 0.619 0.584 0.617 0.635 0.619 0.646 0.58 0.671 0.632 0.597 0.601 0.621 0.605 0.578 0.611 0.608 0.626 0.678 0.622 0.65 0.615 0.676 0.621 0.652 0.657 0.656 0.615 0.65 0.666 0.628 0.64 0.706 0.67 0.676 0.708 0.686
0.576 0.48 0.597 0.56 0.623 0.686 0.705 0.724 0.727 0.738 0.675 0.708 0.683 0.626 0.598 0.712 0.706 0.71 0.719 0.658 0.609 0.582 0.614 0.54 0.624 0.627 0.549 0.53 0.567 0.524 0.459 0.452 0.545 0.556 0.55 0.555 0.556 0.601 0.638 0.633 0.649 0.625 0.582 0.574 0.585 0.644 0.632 0.604 0.601 0.55 0.568 0.558 0.568 0.53 0.605 0.634 0.604 0.625 0.618 0.641 0.669 0.661 0.644 0.65 0.685 0.632 0.633 0.627 0.685 0.659 0.629 0.648 0.67 0.587 0.642 0.664 0.647
0.577 0.576 0.662 0.708 0.671 0.686 0.683 0.734 0.712 0.637 0.681 0.731 0.675 0.563 0.688 0.645 0.751 0.724 0.684 0.656 0.636 0.622 0.65 0.583 0.593 0.616 0.535 0.557 0.601 0.545 0.509 0.456 0.568 0.516 0.454 0.483 0.519 0.527 0.528 0.598 0.614 0.571 0.583 0.589 0.62 0.596 0.596 0.573 0.55 0.577 0.582 0.557 0.639 0.594 0.629 0.621 0.633 0.621 0.559 0.578 0.646 0.699 0.634 0.631 0.646 0.672 0.664 0.648 0.671 0.626 0.646 0.588 0.627 0.579 0.582 0.657 0.715
0.64 0.561 0.682 0.708 0.683 0.666 0.688 0.728 0.718 0.682 0.687 0.742 0.587 0.621 0.684 0.702 0.697 0.733 0.636 0.664 0.661 0.65 0.559 0.569 0.563 0.585 0.592 0.55 0.538 0.472 0.536 0.531 0.565 0.562 0.512 0.53 0.521 0.524 0.485 0.549 0.569 0.552 0.585 0.583 0.612 0.636 0.598 0.618 0.616 0.628 0.637 0.579 0.62 0.605 0.61 0.607 0.634 0.614 0.596 0.604 0.652 0.662 0.685 0.689 0.657 0.668 0.678 0.637 0.62 0.648 0.644 0.605 0.611 0.586 0.649 0.69 0.671
0.629 0.67 0.621 0.679 0.641 0.675 0.645 0.607 0.647 0.711 0.636 0.602 0.665 0.665 0.65 0.652 0.682 0.645 0.633 0.647 0.658 0.617 0.499 0.513 0.578 0.589 0.614 0.557 0.563 0.525 0.549 0.595 0.598 0.567 0.535 0.591 0.557 0.594 0.57 0.522 0.558 0.565 0.568 0.604 0.613 0.666 0.684 0.679 0.679 0.673 0.638 0.668 0.64 0.624 0.599 0.584 0.6 0.616 0.439 0.549 0.641 0.689 0.678 0.711 0.662 0.647 0.661 0.599 0.612 0.663 0.634 0.649 0.605 0.627 0.677 0.673 0.688
0.654 0.637 0.689 0.669 0.625 0.555 0.544 0.564 0.591 0.601 0.503 0.542 0.643 0.71 0.664 0.601 0.641 0.587 0.605 0.627 0.644 0.569 0.533 0.639 0.628 0.577 0.524 0.569 0.582 0.542 0.607 0.638 0.638 0.651 0.648 0.597 0.594 0.62 0.602 0.613 0.593 0.578 0.626 0.601 0.569 0.659 0.653 0.655 0.694 0.693 0.68 0.657 0.651 0.636 0.619 0.618 0.583 0.585 0.404 0.538 0.581 0.646 0.704 0.717 0.645 0.676 0.721 0.604 0.569 0.671 0.671 0.657 0.648 0.679 0.721 0.714 0.742
0.637 0.574 0.67 0.65 0.611 0.564 0.525 0.508 0.515 0.465 0.49 0.458 0.661 0.667 0.634 0.574 0.623 0.658 0.601 0.598 0.586 0.611 0.504 0.643 0.631 0.572 0.587 0.578 0.481 0.538 0.598 0.631 0.628 0.662 0.624 0.615 0.549 0.614 0.617 0.639 0.599 0.523 0.611 0.643 0.637 0.644 0.611 0.672 0.673 0.673 0.687 0.687 0.658 0.65 0.655 0.635 0.558 0.566 0.543 0.436 0.56 0.627 0.713 0.686 0.661 0.698 0.687 0.653 0.627 0.654 0.632 0.58 0.641 0.708 0.723 0.735 0.759
0.691 0.649 0.724 0.575 0.562 0.538 0.619 0.627 0.747 0.703 0.64 0.535 0.572 0.529 0.539 0.558 0.605 0.492 0.556 0.636 0.637 0.569 0.455 0.459 0.515 0.662 0.605 0.633 0.627 0.652 0.646 0.624 0.642 0.663 0.652 0.646 0.641 0.657 0.675 0.64 0.623 0.608 0.62 0.614 0.629 0.643 0.591 0.631 0.637 0.607 0.585 0.603 0.616 0.565 0.599 0.542 0.568 0.562 0.577 0.616 0.702 0.675 0.708 0.682 0.663 0.703 0.75 0.675 0.707 0.655 0.635 0.694 0.703 0.722 0.8 0.789 0.81
0.711 0.693 0.579 0.665 0.66 0.716 0.711 0.694 0.747 0.676 0.631 0.62 0.482 0.502 0.598 0.577 0.504 0.561 0.51 0.574 0.498 0.542 0.552 0.343 0.528 0.604 0.571 0.66 0.678 0.662 0.683 0.628 0.631 0.625 0.586 0.63 0.584 0.643 0.653 0.632 0.636 0.642 0.618 0.593 0.611 0.676 0.644 0.632 0.64 0.557 0.574 0.565 0.608 0.611 0.608 0.594 0.616 0.617 0.631 0.625 0.651 0.7 0.667 0.669 0.687 0.709 0.705 0.657 0.71 0.652 0.64 0.702 0.736 0.76 0.761 0.753 0.772
0.546 0.554 0.707 0.72 0.709 0.727 0.734 0.742 0.668 0.594 0.609 0.516 0.46 0.458 0.467 0.521 0.627 0.654 0.613 0.524 0.564 0.641 0.545 0.401 0.548 0.569 0.628 0.648 0.673 0.638 0.648 0.667 0.58 0.502 0.685 0.666 0.627 0.64 0.632 0.641 0.669 0.662 0.618 0.604 0.582 0.608 0.597 0.636 0.631 0.551 0.603 0.541 0.652 0.619 0.581 0.593 0.609 0.665 0.681 0.643 0.685 0.68 0.675 0.679 0.704 0.691 0.714 0.644 0.676 0.625 0.618 0.674 0.725 0.744 0.728 0.752 0.754
0.676 0.631 0.674 0.668 0.689 0.668 0.705 0.626 0.583 0.542 0.599 0.503 0.466 0.468 0.534 0.618 0.72 0.618 0.674 0.669 0.637 0.602 0.578 0.416 0.559 0.651 0.636 0.609 0.609 0.623 0.616 0.521 0.509 0.619 0.652 0.664 0.649 0.663 0.657 0.667 0.677 0.659 0.649 0.582 0.551 0.565 0.64 0.634 0.652 0.571 0.619 0.64 0.654 0.625 0.612 0.641 0.676 0.682 0.641 0.658 0.692 0.694 0.705 0.749 0.73 0.715 0.712 0.683 0.64 0.661 0.642 0.691 0.722 0.745 0.747 0.738 0.716
0.616 0.703 0.7 0.66 0.677 0.665 0.716 0.613 0.557 0.491 0.518 0.502 0.503 0.44 0.576 0.685 0.713 0.682 0.674 0.678 0.693 0.692 0.6 0.482 0.501 0.608 0.572 0.606 0.577 0.585 0.579 0.551 0.574 0.564 0.64 0.631 0.627 0.649 0.679 0.687 0.679 0.657 0.638 0.588 0.543 0.621 0.595 0.615 0.598 0.584 0.575 0.627 0.648 0.665 0.652 0.685 0.679 0.638 0.619 0.651 0.667 0.707 0.712 0.737 0.72 0.709 0.713 0.67 0.708 0.688 0.647 0.681 0.72 0.721 0.729 0.729 0.722
