data/china_ndvi_max_2005.asc
ncols         710
nrows         510
xllcorner     70
yllcorner     10
cellsize      0.1
NODATA_value  -9999
[rows 340 to 373 of 510, columns 308 to 384 of 710]
0.554 0.563 0.661 0.711 0.65 0.666 0.676 0.681 0.718 0.661 0.713 0.724 0.671 0.58 0.637 0.621 0.701 0.735 0.674 0.65 0.627 0.625 0.614 0.573 0.557 0.566 0.507 0.529 0.549 0.489 0.44 0.411 0.509 0.469 0.42 0.454 0.462 0.47 0.484 0.574 0.591 0.565 0.544 0.579 0.597 0.567 0.563 0.555 0.535 0.541 0.536 0.506 0.578 0.555 0.557 0.553 0.565 0.581 0.533 0.525 0.589 0.657 0.613 0.598 0.592 0.625 0.626 0.601 0.661 0.629 0.576 0.558 0.569 0.55 0.559 0.625 0.687
0.604 0.569 0.693 0.695 0.669 0.675 0.7 0.686 0.72 0.671 0.676 0.73 0.56 0.597 0.672 0.676 0.676 0.706 0.598 0.652 0.652 0.611 0.527 0.535 0.502 0.539 0.533 0.524 0.5 0.458 0.506 0.499 0.5 0.492 0.465 0.449 0.483 0.452 0.423 0.492 0.537 0.523 0.552 0.59 0.618 0.611 0.577 0.593 0.594 0.619 0.603 0.527 0.544 0.53 0.559 0.553 0.557 0.56 0.53 0.569 0.635 0.609 0.625 0.641 0.611 0.613 0.637 0.614 0.608 0.608 0.605 0.582 0.548 0.545 0.613 0.652 0.652
0.61 0.643 0.625 0.676 0.659 0.669 0.633 0.62 0.669 0.705 0.599 0.572 0.64 0.641 0.65 0.633 0.636 0.637 0.619 0.616 0.622 0.58 0.484 0.509 0.519 0.523 0.528 0.487 0.504 0.476 0.518 0.562 0.554 0.534 0.517 0.519 0.504 0.525 0.508 0.483 0.488 0.525 0.542 0.584 0.586 0.646 0.671 0.672 0.634 0.629 0.59 0.609 0.564 0.551 0.541 0.544 0.571 0.564 0.43 0.522 0.604 0.633 0.617 0.649 0.605 0.587 0.635 0.575 0.585 0.615 0.577 0.629 0.559 0.556 0.635 0.651 0.636
0.624 0.59 0.678 0.678 0.637 0.545 0.534 0.529 0.557 0.623 0.47 0.523 0.616 0.685 0.672 0.586 0.618 0.574 0.572 0.602 0.596 0.566 0.514 0.584 0.581 0.526 0.48 0.507 0.525 0.502 0.547 0.611 0.597 0.622 0.571 0.531 0.519 0.568 0.574 0.559 0.556 0.562 0.587 0.588 0.559 0.656 0.625 0.66 0.668 0.656 0.625 0.617 0.597 0.584 0.593 0.58 0.525 0.554 0.389 0.475 0.532 0.598 0.656 0.628 0.577 0.606 0.682 0.574 0.533 0.612 0.593 0.588 0.597 0.627 0.68 0.67 0.702
0.621 0.553 0.666 0.673 0.617 0.565 0.512 0.498 0.501 0.446 0.447 0.414 0.665 0.656 0.639 0.58 0.582 0.631 0.579 0.573 0.595 0.59 0.45 0.591 0.579 0.532 0.536 0.535 0.442 0.512 0.572 0.577 0.586 0.615 0.538 0.548 0.487 0.565 0.543 0.596 0.595 0.523 0.606 0.634 0.609 0.604 0.589 0.654 0.634 0.648 0.647 0.645 0.59 0.58 0.614 0.564 0.505 0.517 0.519 0.395 0.504 0.585 0.657 0.642 0.583 0.614 0.635 0.618 0.578 0.604 0.572 0.491 0.588 0.663 0.675 0.708 0.732
0.66 0.629 0.72 0.596 0.561 0.53 0.609 0.625 0.759 0.7 0.637 0.519 0.555 0.516 0.504 0.527 0.535 0.488 0.502 0.604 0.622 0.528 0.438 0.408 0.465 0.613 0.535 0.571 0.566 0.61 0.593 0.557 0.556 0.6 0.581 0.579 0.571 0.594 0.633 0.594 0.603 0.569 0.598 0.596 0.626 0.607 0.554 0.607 0.595 0.563 0.523 0.539 0.587 0.582 0.561 0.522 0.487 0.492 0.502 0.541 0.609 0.613 0.657 0.655 0.635 0.679 0.722 0.622 0.645 0.565 0.555 0.597 0.653 0.667 0.78 0.752 0.79
0.697 0.686 0.572 0.662 0.636 0.704 0.691 0.685 0.745 0.681 0.641 0.626 0.499 0.462 0.549 0.543 0.469 0.519 0.486 0.538 0.446 0.512 0.583 0.325 0.502 0.555 0.527 0.582 0.602 0.602 0.624 0.575 0.595 0.536 0.544 0.567 0.547 0.583 0.607 0.587 0.594 0.604 0.593 0.572 0.584 0.644 0.573 0.604 0.607 0.54 0.548 0.549 0.579 0.615 0.568 0.56 0.579 0.576 0.564 0.561 0.602 0.63 0.646 0.629 0.651 0.639 0.678 0.59 0.643 0.597 0.574 0.633 0.68 0.712 0.733 0.728 0.74
0.526 0.54 0.686 0.722 0.699 0.703 0.706 0.723 0.654 0.578 0.581 0.55 0.45 0.444 0.463 0.496 0.579 0.578 0.552 0.497 0.511 0.599 0.554 0.383 0.546 0.522 0.608 0.575 0.617 0.584 0.591 0.604 0.542 0.463 0.616 0.589 0.554 0.57 0.588 0.591 0.617 0.615 0.591 0.564 0.564 0.573 0.585 0.591 0.606 0.512 0.556 0.512 0.612 0.57 0.538 0.552 0.566 0.608 0.619 0.613 0.622 0.623 0.645 0.643 0.661 0.664 0.67 0.596 0.609 0.592 0.583 0.598 0.68 0.72 0.715 0.726 0.714
0.623 0.607 0.671 0.643 0.707 0.666 0.699 0.601 0.572 0.543 0.581 0.498 0.457 0.439 0.493 0.541 0.667 0.562 0.605 0.605 0.599 0.612 0.571 0.432 0.534 0.603 0.565 0.545 0.547 0.571 0.57 0.443 0.471 0.556 0.601 0.602 0.584 0.575 0.613 0.61 0.624 0.622 0.614 0.564 0.548 0.567 0.612 0.598 0.595 0.538 0.559 0.612 0.626 0.58 0.553 0.576 0.619 0.623 0.582 0.606 0.64 0.648 0.639 0.667 0.686 0.678 0.66 0.64 0.586 0.621 0.609 0.633 0.676 0.716 0.728 0.7 0.68
0.573 0.689 0.683 0.654 0.658 0.656 0.714 0.593 0.539 0.498 0.519 0.504 0.466 0.395 0.505 0.609 0.686 0.621 0.613 0.633 0.657 0.643 0.552 0.473 0.475 0.57 0.519 0.56 0.546 0.543 0.53 0.499 0.529 0.518 0.574 0.582 0.571 0.581 0.604 0.631 0.634 0.631 0.621 0.586 0.528 0.591 0.588 0.574 0.564 0.558 0.56 0.595 0.599 0.613 0.578 0.589 0.61 0.576 0.577 0.583 0.577 0.63 0.658 0.655 0.655 0.679 0.664 0.65 0.654 0.643 0.596 0.61 0.685 0.68 0.709 0.689 0.685
0.691 0.61 0.658 0.625 0.672 0.701 0.676 0.56 0.554 0.516 0.439 0.478 0.632 0.514 0.622 0.688 0.658 0.638 0.629 0.652 0.666 0.571 0.559 0.524 0.527 0.483 0.576 0.562 0.607 0.579 0.519 0.563 0.527 0.579 0.58 0.502 0.512 0.597 0.551 0.569 0.578 0.595 0.607 0.561 0.576 0.566 0.536 0.609 0.617 0.56 0.621 0.628 0.596 0.568 0.595 0.615 0.6 0.578 0.62 0.646 0.624 0.685 0.644 0.599 0.62 0.603 0.601 0.572 0.705 0.684 0.592 0.595 0.69 0.665 0.691 0.698 0.657
0.728 0.735 0.674 0.611 0.6 0.643 0.692 0.646 0.603 0.517 0.416 0.468 0.602 0.636 0.551 0.661 0.678 0.61 0.687 0.67 0.677 0.625 0.556 0.522 0.539 0.603 0.594 0.578 0.536 0.535 0.528 0.518 0.554 0.53 0.576 0.566 0.589 0.56 0.571 0.581 0.588 0.566 0.633 0.602 0.597 0.584 0.577 0.55 0.568 0.598 0.602 0.662 0.567 0.593 0.609 0.619 0.633 0.604 0.645 0.646 0.633 0.664 0.614 0.618 0.609 0.567 0.613 0.58 0.663 0.648 0.598 0.555 0.713 0.711 0.707 0.68 0.663
0.677 0.814 0.678 0.695 0.645 0.587 0.612 0.554 0.553 0.46 0.459 0.482 0.673 0.701 0.638 0.67 0.63 0.594 0.631 0.669 0.629 0.618 0.55 0.533 0.538 0.584 0.604 0.596 0.542 0.505 0.572 0.54 0.576 0.473 0.518 0.548 0.538 0.587 0.57 0.572 0.607 0.622 0.629 0.612 0.621 0.568 0.599 0.57 0.567 0.573 0.58 0.625 0.6 0.614 0.634 0.648 0.609 0.575 0.624 0.655 0.574 0.594 0.63 0.588 0.571 0.563 0.591 0.645 0.603 0.577 0.564 0.553 0.683 0.721 0.695 0.69 0.698
0.594 0.727 0.659 0.633 0.594 0.612 0.699 0.606 0.497 0.47 0.5 0.424 0.685 0.676 0.655 0.642 0.672 0.609 0.607 0.614 0.614 0.632 0.503 0.497 0.537 0.571 0.579 0.61 0.47 0.528 0.487 0.551 0.47 0.488 0.539 0.569 0.537 0.578 0.599 0.562 0.641 0.667 0.591 0.603 0.61 0.567 0.584 0.575 0.562 0.577 0.573 0.578 0.606 0.621 0.629 0.632 0.625 0.573 0.572 0.595 0.618 0.594 0.582 0.511 0.604 0.57 0.589 0.592 0.619 0.607 0.601 0.609 0.612 0.681 0.714 0.715 0.686
0.558 0.656 0.68 0.628 0.548 0.62 0.661 0.678 0.537 0.525 0.551 0.513 0.669 0.667 0.59 0.655 0.621 0.571 0.606 0.584 0.612 0.592 0.547 0.597 0.517 0.514 0.538 0.53 0.466 0.518 0.492 0.578 0.519 0.555 0.601 0.567 0.549 0.572 0.576 0.608 0.61 0.588 0.562 0.647 0.615 0.599 0.59 0.578 0.565 0.563 0.559 0.562 0.572 0.621 0.624 0.614 0.646 0.599 0.579 0.599 0.587 0.547 0.576 0.573 0.619 0.58 0.621 0.608 0.601 0.624 0.61 0.614 0.631 0.649 0.672 0.678 0.672
0.605 0.527 0.605 0.521 0.624 0.689 0.703 0.593 0.562 0.559 0.612 0.631 0.8 0.683 0.637 0.58 0.623 0.577 0.664 0.613 0.588 0.579 0.597 0.56 0.616 0.543 0.482 0.519 0.45 0.579 0.519 0.528 0.66 0.646 0.637 0.606 0.628 0.597 0.589 0.605 0.587 0.577 0.633 0.685 0.654 0.597 0.604 0.603 0.562 0.573 0.495 0.463 0.628 0.715 0.678 0.651 0.627 0.649 0.649 0.613 0.591 0.611 0.621 0.645 0.658 0.634 0.587 0.637 0.648 0.587 0.617 0.6 0.664 0.642 0.672 0.672 0.685
0.522 0.557 0.627 0.595 0.678 0.719 0.681 0.536 0.549 0.555 0.61 0.67 0.726 0.699 0.566 0.611 0.712 0.627 0.628 0.609 0.604 0.594 0.565 0.595 0.584 0.599 0.511 0.531 0.514 0.547 0.574 0.53 0.665 0.563 0.625 0.61 0.613 0.597 0.627 0.609 0.588 0.581 0.603 0.606 0.596 0.588 0.56 0.612 0.652 0.605 0.481 0.504 0.69 0.696 0.691 0.652 0.676 0.643 0.621 0.597 0.599 0.636 0.677 0.706 0.701 0.633 0.591 0.664 0.645 0.646 0.631 0.659 0.688 0.658 0.684 0.657 0.636
0.524 0.544 0.635 0.589 0.526 0.59 0.567 0.665 0.636 0.648 0.714 0.725 0.657 0.612 0.569 0.633 0.8 0.596 0.642 0.621 0.64 0.632 0.526 0.617 0.614 0.657 0.588 0.581 0.571 0.568 0.584 0.511 0.564 0.536 0.627 0.642 0.596 0.635 0.661 0.597 0.613 0.606 0.591 0.63 0.668 0.648 0.618 0.651 0.645 0.582 0.529 0.506 0.638 0.585 0.65 0.584 0.627 0.59 0.587 0.593 0.585 0.627 0.723 0.742 0.7 0.682 0.682 0.665 0.678 0.656 0.663 0.654 0.734 0.633 0.683 0.676 0.625
0.598 0.645 0.665 0.563 0.56 0.522 0.605 0.606 0.609 0.662 0.684 0.736 0.629 0.508 0.625 0.68 0.783 0.695 0.675 0.47 0.543 0.623 0.624 0.665 0.684 0.604 0.576 0.583 0.514 0.528 0.585 0.549 0.468 0.503 0.568 0.616 0.593 0.583 0.558 0.578 0.592 0.622 0.663 0.627 0.617 0.588 0.661 0.624 0.634 0.626 0.615 0.557 0.606 0.58 0.586 0.612 0.623 0.589 0.596 0.639 0.658 0.69 0.704 0.727 0.737 0.656 0.667 0.687 0.654 0.641 0.686 0.693 0.675 0.619 0.609 0.678 0.633
0.556 0.676 0.642 0.634 0.598 0.568 0.64 0.507 0.549 0.6 0.685 0.643 0.637 0.524 0.681 0.679 0.74 0.646 0.553 0.244 0.468 0.522 0.692 0.676 0.584 0.571 0.643 0.517 0.472 0.541 0.605 0.566 0.498 0.534 0.582 0.616 0.638 0.621 0.609 0.614 0.598 0.599 0.689 0.686 0.644 0.601 0.615 0.64 0.628 0.644 0.616 0.589 0.626 0.658 0.602 0.633 0.626 0.645 0.665 0.687 0.711 0.726 0.68 0.695 0.707 0.682 0.611 0.66 0.685 0.686 0.705 0.703 0.613 0.599 0.587 0.619 0.632
0.724 0.596 0.692 0.679 0.606 0.639 0.699 0.537 0.634 0.686 0.724 0.625 0.558 0.673 0.666 0.696 0.632 0.555 0.613 -0.3 0.357 0.477 0.537 0.546 0.515 0.467 0.442 0.447 0.398 0.518 0.538 0.595 0.526 0.531 0.58 0.572 0.621 0.641 0.587 0.597 0.634 0.582 0.546 0.542 0.613 0.632 0.595 0.626 0.666 0.655 0.695 0.686 0.641 0.646 0.561 0.674 0.669 0.693 0.722 0.719 0.718 0.72 0.661 0.696 0.674 0.656 0.664 0.659 0.674 0.644 0.675 0.662 0.728 0.591 0.583 0.629 0.757
0.707 0.738 0.69 0.683 0.689 0.672 0.68 0.654 0.699 0.687 0.639 0.546 0.614 0.665 0.627 0.731 0.64 0.551 0.543 -0.3 0.444 0.512 0.62 0.543 0.572 0.533 0.538 0.48 0.533 0.528 0.554 0.579 0.479 0.513 0.577 0.592 0.653 0.667 0.635 0.638 0.621 0.595 0.554 0.632 0.684 0.658 0.624 0.566 0.558 0.579 0.675 0.672 0.649 0.617 0.604 0.681 0.702 0.671 0.73 0.742 0.747 0.7 0.681 0.688 0.638 0.64 0.678 0.681 0.647 0.648 0.636 0.646 0.691 0.573 0.624 0.619 0.649
0.707 0.655 0.64 0.641 0.692 0.705 0.694 0.655 0.625 0.646 0.578 0.582 0.687 0.639 0.563 0.644 0.528 0.58 -0.3 0.405 0.571 0.634 0.59 0.6 0.578 0.549 0.524 0.599 0.6 0.559 0.535 0.521 0.622 0.606 0.661 0.671 0.677 0.699 0.683 0.647 0.609 0.611 0.62 0.603 0.658 0.636 0.651 0.658 0.624 0.672 0.648 0.692 0.636 0.628 0.622 0.708 0.695 0.682 0.696 0.679 0.693 0.678 0.695 0.665 0.635 0.621 0.663 0.655 0.654 0.672 0.689 0.651 0.578 0.618 0.649 0.618 0.581
0.759 0.662 0.745 0.641 0.703 0.696 0.689 0.65 0.671 0.657 0.656 0.614 0.627 0.65 0.602 0.637 0.536 0.594 0.528 0.543 0.607 0.545 0.613 0.641 0.595 0.578 0.585 0.649 0.606 0.548 0.528 0.583 0.636 0.723 0.7 0.68 0.679 0.691 0.7 0.693 0.711 0.782 0.661 0.647 0.612 0.631 0.612 0.706 0.7 0.688 0.709 0.731 0.68 0.675 0.624 0.65 0.741 0.697 0.696 0.704 0.628 0.626 0.677 0.652 0.671 0.614 0.627 0.66 0.665 0.655 0.67 0.622 0.654 0.645 0.655 0.626 0.587
0.681 0.778 0.828 0.712 0.678 0.667 0.69 0.651 0.717 0.682 0.629 0.63 0.601 0.611 0.589 0.67 0.676 0.621 0.668 0.55 0.652 -0.3 0.633 0.581 0.623 0.651 0.682 0.651 0.609 0.559 0.532 0.603 0.637 0.694 0.707 0.699 0.652 0.675 0.725 0.664 0.694 0.793 0.67 0.623 0.663 0.671 0.67 0.713 0.706 0.704 0.71 0.723 0.721 0.712 0.71 0.682 0.679 0.7 0.681 0.666 0.697 0.658 0.668 0.704 0.681 0.683 0.625 0.662 0.69 0.684 0.66 0.615 0.638 0.655 0.629 0.596 0.628
0.828 0.64 0.686 0.698 0.823 0.724 0.763 0.74 0.66 0.58 0.586 0.733 0.656 0.663 0.593 0.705 0.701 0.476 0.658 0.601 0.484 0.523 0.624 0.523 0.565 0.686 0.599 0.572 0.67 0.532 0.606 0.599 0.611 0.644 0.632 0.687 0.717 0.693 0.726 0.703 0.7 0.68 0.692 0.719 0.693 0.678 0.681 0.711 0.697 0.715 0.738 0.725 0.703 0.667 0.692 0.782 0.733 0.696 0.696 0.691 0.669 0.65 0.667 0.702 0.738 0.679 0.674 0.659 0.645 0.691 0.68 0.657 0.637 0.692 0.679 0.644 0.629
0.803 0.792 0.729 0.667 0.746 0.822 0.707 0.732 0.618 0.594 0.507 0.664 0.619 0.67 0.673 0.728 0.673 0.511 0.538 0.529 0.472 0.632 0.633 0.542 0.62 0.682 0.55 0.678 0.603 0.558 0.583 0.613 0.633 0.62 0.599 0.649 0.678 0.633 0.668 0.696 0.679 0.672 0.694 0.705 0.712 0.695 0.682 0.681 0.711 0.684 0.711 0.728 0.727 0.688 0.677 0.678 0.683 0.693 0.663 0.678 0.689 0.713 0.66 0.642 0.704 0.664 0.647 0.686 0.609 0.646 0.679 0.658 0.642 0.702 0.686 0.657 0.641
0.734 0.811 0.738 0.789 0.674 0.836 0.837 0.689 0.711 0.637 0.651 0.625 0.641 0.704 0.674 0.694 0.689 0.592 0.586 0.583 0.485 0.625 0.602 0.498 0.577 0.632 0.541 0.67 0.669 0.633 0.617 0.643 0.54 0.498 0.543 0.597 0.635 0.64 0.671 0.668 0.676 0.646 0.691 0.672 0.677 0.712 0.693 0.72 0.707 0.701 0.71 0.734 0.705 0.698 0.701 0.711 0.699 0.696 0.655 0.637 0.695 0.703 0.675 0.65 0.631 0.655 0.629 0.619 0.603 0.656 0.697 0.683 0.651 0.659 0.704 0.669 0.605
0.735 0.809 0.7 0.813 0.708 0.718 0.799 0.616 0.73 0.646 0.576 0.588 0.62 0.692 0.687 0.73 0.696 0.667 0.64 0.514 0.507 0.614 0.623 0.566 0.642 0.627 0.535 0.667 0.611 0.64 0.607 0.607 0.527 0.504 0.526 0.576 0.618 0.557 0.574 0.625 0.659 0.661 0.694 0.701 0.657 0.673 0.652 0.723 0.709 0.714 0.734 0.739 0.694 0.725 0.695 0.712 0.707 0.779 0.671 0.665 0.654 0.689 0.691 0.677 0.651 0.585 0.58 0.586 0.568 0.667 0.719 0.691 0.639 0.651 0.698 0.674 0.557
0.656 0.798 0.725 0.705 0.73 0.674 0.702 0.668 0.688 0.668 0.675 0.66 0.64 0.648 0.563 0.648 0.623 0.641 0.678 0.699 0.655 0.713 0.619 0.591 0.619 0.601 0.561 0.614 0.616 0.642 0.574 0.591 0.556 0.577 0.526 0.579 0.584 0.557 0.608 0.581 0.59 0.654 0.53 0.56 0.635 0.644 0.683 0.697 0.719 0.766 0.751 0.723 0.669 0.686 0.693 0.697 0.709 0.695 0.667 0.686 0.709 0.697 0.676 0.66 0.662 0.647 0.62 0.584 0.64 0.618 0.686 0.669 0.574 0.625 0.666 0.664 0.591
0.72 0.677 0.774 0.713 0.764 0.789 0.771 0.769 0.799 0.641 0.605 0.637 0.722 0.685 0.682 0.68 0.654 0.666 0.54 0.554 0.483 0.566 0.584 0.555 0.537 0.534 0.596 0.551 0.527 0.478 0.43 0.436 0.499 0.527 0.53 0.568 0.445 0.542 0.583 0.599 0.586 0.553 0.59 0.615 0.612 0.636 0.599 0.633 0.705 0.716 0.687 0.712 0.653 0.689 0.735 0.785 0.749 0.648 0.491 0.602 0.645 0.619 0.675 0.657 0.661 0.679 0.655 0.642 0.642 0.642 0.629 0.691 0.557 0.559 0.606 0.653 0.651
0.711 0.696 0.808 0.718 0.792 0.721 0.74 0.658 0.817 0.723 0.555 0.601 0.688 0.698 0.692 0.731 0.629 0.7 0.654 0.522 0.546 0.667 0.542 0.546 0.486 0.555 0.656 0.592 0.512 0.447 0.39 0.381 0.556 0.55 0.596 0.589 0.579 0.55 0.597 0.632 0.625 0.602 0.598 0.62 0.641 0.641 0.619 0.647 0.727 0.701 0.681 0.695 0.701 0.701 0.786 0.814 0.821 0.708 0.631 0.581 0.577 0.565 0.626 0.703 0.662 0.684 0.667 0.638 0.632 0.664 0.636 0.607 0.582 0.595 0.561 0.642 0.661
0.692 0.696 0.795 0.716 0.736 0.734 0.712 0.654 0.685 0.738 0.685 0.608 0.666 0.727 0.718 0.685 0.664 0.536 0.583 0.551 0.475 0.411 0.458 0.473 0.57 0.508 0.606 0.564 0.608 0.549 0.41 0.415 0.463 0.545 0.538 0.539 0.531 0.541 0.633 0.618 0.599 0.652 0.661 0.648 0.632 0.63 0.624 0.65 0.688 0.71 0.686 0.706 0.765 0.77 0.796 0.786 0.758 0.725 0.726 0.704 0.639 0.586 0.526 0.593 0.686 0.669 0.678 0.681 0.649 0.649 0.675 0.613 0.539 0.555 0.579 0.642 0.673
0.808 0.71 0.725 0.792 0.707 0.698 0.676 0.662 0.699 0.717 0.702 0.685 0.627 0.721 0.708 0.635 0.644 0.552 0.48 0.596 0.429 0.465 0.517 0.499 0.504 0.506 0.547 0.629 0.578 0.582 0.442 0.481 0.463 0.504 0.557 0.533 0.415 0.648 0.713 0.66 0.636 0.604 0.69 0.593 0.578 0.618 0.649 0.664 0.6 0.697 0.663 0.652 0.678 0.783 0.806 0.696 0.664 0.686 0.705 0.693 0.689 0.69 0.527 0.49 0.559 0.66 0.671 0.634 0.624 0.673 0.648 0.657 0.556 0.518 0.61 0.588 0.614
