data/china_ndvi_max_1996.asc
ncols         710
nrows         510
xllcorner     70
yllcorner     10
cellsize      0.1
NODATA_value  -9999
[rows 102 to 135 of 510, columns 462 to 538 of 710]
-9999 -9999 -9999 -9999 -9999 -9999 -9999 -9999 -9999 -9999 -9999 -9999 -9999 -9999 -9999 -9999 -9999 -9999 -9999 -9999 -9999 -9999 -9999 -9999 -9999 -9999 -9999 -9999 -9999 -9999 -9999 -9999 -9999 0.362 0.382 0.42 0.389 0.426 0.476 0.466 0.416 0.403 0.444 0.471 0.465 0.501 0.512 0.525 0.509 0.529 0.513 0.507 0.503 0.506 0.517 0.534 0.511 0.513 0.446 0.503 0.513 0.538 0.539 0.515 0.541 0.512 0.512 0.532 0.482 0.487 0.531 0.533 0.517 0.513 0.528 0.483 0.543
-9999 -9999 -9999 -9999 -9999 -9999 -9999 -9999 -9999 -9999 -9999 -9999 -9999 -9999 -9999 -9999 -9999 -9999 -9999 -9999 -9999 -9999 -9999 -9999 -9999 -9999 -9999 -9999 -9999 -9999 -9999 0.354 0.368 0.385 0.374 0.366 0.395 0.492 0.419 0.393 0.391 0.454 0.49 0.492 0.48 0.506 0.495 0.511 0.54 0.495 0.461 0.5 0.539 0.473 0.49 0.526 0.536 0.537 0.507 0.537 0.518 0.528 0.523 0.521 0.53 0.548 0.525 0.486 0.419 0.449 0.486 0.558 0.579 0.521 0.501 0.466 0.528
-9999 -9999 -9999 -9999 -9999 -9999 -9999 -9999 -9999 -9999 -9999 -9999 -9999 -9999 -9999 -9999 -9999 -9999 -9999 -9999 -9999 -9999 -9999 -9999 -9999 -9999 -9999 -9999 -9999 -9999 -9999 0.359 0.38 0.369 0.373 0.389 0.386 0.38 0.362 0.419 0.448 0.441 0.448 0.456 0.468 0.488 0.501 0.49 0.461 0.458 0.498 0.491 0.478 0.463 0.506 0.502 0.526 0.54 0.511 0.524 0.522 0.541 0.525 0.517 0.513 0.517 0.52 0.5 0.492 0.495 0.463 0.502 0.513 0.506 0.497 0.443 0.434
-9999 -9999 -9999 -9999 -9999 -9999 -9999 -9999 -9999 -9999 -9999 -9999 -9999 -9999 -9999 -9999 -9999 -9999 -9999 -9999 -9999 -9999 -9999 -9999 -9999 -9999 -9999 -9999 -9999 -9999 0.359 0.331 0.356 0.326 0.329 0.357 0.332 0.354 0.413 0.385 0.364 0.408 0.404 0.405 0.418 0.392 0.389 0.387 0.428 0.484 0.489 0.519 0.535 0.551 0.52 0.464 0.551 0.545 0.518 0.519 0.538 0.534 0.507 0.509 0.508 0.522 0.517 0.511 0.507 0.519 0.504 0.506 0.508 0.532 0.544 0.499 0.538
-9999 -9999 -9999 -9999 -9999 -9999 -9999 -9999 -9999 -9999 -9999 -9999 -9999 -9999 -9999 -9999 -9999 -9999 -9999 -9999 -9999 -9999 -9999 -9999 -9999 -9999 -9999 -9999 -9999 -9999 -9999 -9999 0.397 0.359 0.332 0.314 0.317 0.314 0.353 0.369 0.366 0.343 0.35 0.37 0.394 0.396 0.377 0.404 0.479 0.489 0.508 0.496 0.51 0.53 0.501 0.55 0.509 0.524 0.534 0.527 0.515 0.529 0.521 0.504 0.485 0.509 0.521 0.538 0.505 0.516 0.511 0.514 0.495 0.493 0.524 0.523 0.5
-9999 -9999 -9999 -9999 -9999 -9999 -9999 -9999 -9999 -9999 -9999 -9999 -9999 -9999 -9999 -9999 -9999 -9999 -9999 -9999 -9999 -9999 -9999 -9999 -9999 -9999 -9999 -9999 -9999 -9999 -9999 -9999 0.351 0.328 0.329 0.351 0.333 0.351 0.365 0.336 0.317 0.332 0.355 0.342 0.347 0.381 0.442 0.487 0.423 0.46 0.482 0.499 0.531 0.546 0.543 0.519 0.497 0.487 0.508 0.497 0.504 0.494 0.51 0.505 0.493 0.513 0.53 0.524 0.484 0.488 0.48 0.47 0.501 0.505 0.465 0.479 0.492
-9999 -9999 -9999 -9999 -9999 -9999 -9999 -9999 -9999 -9999 -9999 -9999 -9999 -9999 -9999 -9999 -9999 -9999 -9999 -9999 -9999 -9999 -9999 -9999 -9999 -9999 -9999 -9999 -9999 -9999 -9999 0.363 0.329 0.398 0.333 0.343 0.354 0.344 0.356 0.359 0.336 0.35 0.346 0.378 0.39 0.369 0.435 0.445 0.424 0.479 0.468 0.512 0.536 0.54 0.524 0.508 0.456 0.495 0.523 0.554 0.535 0.484 0.47 0.46 0.438 0.465 0.49 0.495 0.482 0.48 0.47 0.519 0.522 0.547 0.518 0.474 0.503
-9999 -9999 -9999 -9999 -9999 -9999 -9999 -9999 -9999 -9999 -9999 -9999 -9999 -9999 -9999 -9999 -9999 -9999 -9999 -9999 -9999 -9999 -9999 -9999 -9999 -9999 -9999 -9999 -9999 0.37 0.338 0.352 0.318 0.354 0.315 0.343 0.354 0.374 0.338 0.358 0.355 0.35 0.359 0.423 0.427 0.429 0.406 0.408 0.448 0.454 0.442 0.484 0.467 0.492 0.437 0.444 0.475 0.506 0.542 0.512 0.51 0.511 0.557 0.508 0.51 0.536 0.526 0.537 0.508 0.52 0.494 0.468 0.485 0.515 0.52 0.486 0.498
-9999 -9999 -9999 -9999 -9999 -9999 -9999 -9999 -9999 -9999 -9999 -9999 -9999 -9999 -9999 -9999 -9999 -9999 -9999 -9999 -9999 -9999 -9999 -9999 0.292 0.22 0.285 0.297 0.314 0.323 0.327 0.326 0.292 0.333 0.319 0.366 0.383 0.35 0.328 0.372 0.385 0.348 0.359 0.372 0.415 0.381 0.428 0.446 0.494 0.48 0.46 0.409 0.424 0.462 0.49 0.503 0.524 0.513 0.509 0.486 0.556 0.487 0.495 0.53 0.523 0.478 0.537 0.541 0.508 0.496 0.482 0.525 0.52 0.47 0.461 0.471 0.495
-9999 -9999 -9999 -9999 -9999 0.26 0.268 -9999 -9999 -9999 -9999 -9999 -9999 -9999 -9999 -9999 -9999 -9999 -9999 -9999 -9999 -9999 0.345 0.29 0.25 0.277 0.294 0.315 0.313 0.314 0.297 0.296 0.29 0.317 0.352 0.366 0.36 0.351 0.33 0.315 0.34 0.344 0.361 0.425 0.425 0.396 0.437 0.447 0.436 0.417 0.404 0.465 0.497 0.53 0.523 0.519 0.519 0.514 0.504 0.502 0.489 0.51 0.519 0.537 0.53 0.498 0.543 0.55 0.518 0.509 0.545 0.543 0.536 0.5 0.447 0.474 0.48
-9999 -9999 -9999 -9999 -9999 0.27 0.268 0.284 0.288 -9999 -9999 -9999 -9999 -9999 -9999 -9999 -9999 -9999 -9999 -9999 -9999 0.324 0.262 0.285 0.271 0.329 0.353 0.33 0.286 0.286 0.281 0.297 0.303 0.296 0.296 0.308 0.321 0.344 0.309 0.326 0.347 0.38 0.412 0.388 0.366 0.357 0.383 0.401 0.395 0.439 0.429 0.439 0.436 0.473 0.494 0.443 0.455 0.461 0.457 0.511 0.53 0.532 0.527 0.526 0.552 0.553 0.538 0.553 0.509 0.506 0.553 0.556 0.512 0.498 0.449 0.442 0.486
-9999 -9999 -9999 -9999 0.301 0.286 0.271 0.272 0.256 0.219 0.242 0.235 0.225 0.258 -9999 -9999 -9999 -9999 0.345 0.323 0.245 0.254 0.251 0.276 0.275 0.311 0.335 0.308 0.283 0.286 0.31 0.321 0.345 0.321 0.315 0.303 0.303 0.308 0.312 0.333 0.367 0.381 0.424 0.365 0.351 0.376 0.379 0.41 0.461 0.474 0.462 0.447 0.443 0.437 0.433 0.434 0.458 0.464 0.495 0.544 0.537 0.524 0.537 0.549 0.551 0.532 0.53 0.499 0.549 0.497 0.521 0.545 0.493 0.546 0.5 0.433 0.473
-9999 -9999 -9999 0.288 0.298 0.305 0.271 0.267 0.261 0.259 0.265 0.229 0.233 0.252 0.243 0.25 0.305 0.377 0.247 0.239 0.249 0.27 0.267 0.287 0.277 0.279 0.297 0.296 0.286 0.284 0.288 0.339 0.331 0.311 0.302 0.312 0.293 0.305 0.354 0.358 0.357 0.366 0.378 0.368 0.362 0.412 0.413 0.443 0.423 0.435 0.445 0.445 0.396 0.427 0.491 0.49 0.521 0.518 0.531 0.544 0.536 0.539 0.509 0.549 0.485 0.54 0.532 0.532 0.506 0.491 0.512 0.499 0.501 0.542 0.511 0.454 0.484
-9999 -9999 -9999 0.278 0.287 0.296 0.261 0.263 0.222 0.213 0.21 0.216 0.23 0.226 0.227 0.232 0.251 0.262 0.245 0.227 0.242 0.261 0.209 0.273 0.252 0.26 0.265 0.269 0.304 0.295 0.284 0.337 0.332 0.297 0.304 0.293 0.274 0.302 0.315 0.34 0.328 0.35 0.357 0.344 0.344 0.331 0.368 0.38 0.338 0.324 0.37 0.373 0.438 0.503 0.542 0.476 0.477 0.51 0.504 0.497 0.477 0.473 0.505 0.533 0.551 0.549 0.506 0.52 0.482 0.546 0.539 0.516 0.496 0.543 0.53 0.471 0.521
-9999 -9999 0.265 0.285 0.286 0.269 0.23 0.229 0.229 0.244 0.237 0.226 0.216 0.172 -0.3 0.157 0.223 0.227 0.227 0.223 0.236 0.22 0.222 0.25 0.304 0.26 0.236 0.231 0.271 0.265 0.255 0.34 0.315 0.308 0.301 0.301 0.279 0.286 0.32 0.303 0.326 0.341 0.362 0.327 0.344 0.323 0.349 0.364 0.385 0.422 0.437 0.48 0.476 0.486 0.48 0.479 0.458 0.467 0.518 0.545 0.541 0.53 0.534 0.505 0.516 0.495 0.483 0.534 0.514 0.575 0.576 0.531 0.522 0.514 0.483 0.493 0.495
-9999 0.297 0.292 0.269 0.278 0.243 0.254 0.254 0.22 0.221 0.218 0.218 0.218 -0.3 -0.3 0.141 0.217 0.227 0.214 0.203 0.21 0.212 0.209 0.225 0.243 0.263 0.282 0.271 0.289 0.295 0.303 0.306 0.279 0.294 0.277 0.257 0.274 0.31 0.318 0.34 0.33 0.335 0.328 0.314 0.355 0.364 0.377 0.391 0.377 0.431 0.441 0.438 0.447 0.436 0.469 0.47 0.452 0.487 0.525 0.494 0.479 0.495 0.515 0.482 0.473 0.488 0.537 0.538 0.542 0.557 0.557 0.539 0.519 0.484 0.474 0.399 0.438
0.267 0.274 0.254 0.233 0.213 0.24 0.23 0.21 0.22 0.218 0.211 0.22 0.144 -0.3 -0.3 -0.3 0.21 0.221 0.178 0.24 0.248 0.235 0.229 0.22 0.208 0.202 0.207 0.193 0.232 0.227 0.241 0.275 0.297 0.318 0.3 0.264 0.292 0.321 0.303 0.286 0.32 0.343 0.341 0.369 0.397 0.42 0.412 0.387 0.375 0.432 0.442 0.456 0.466 0.426 0.447 0.41 0.447 0.451 0.521 0.524 0.504 0.478 0.524 0.549 0.519 0.569 0.567 0.549 0.563 0.584 0.563 0.536 0.544 0.471 0.449 0.415 0.504
0.273 0.25 0.257 0.225 0.231 0.232 0.22 0.219 0.214 0.215 -0.033 0.173 -9999 -0.3 -0.3 -0.3 0.166 0.169 0.215 0.225 0.244 0.269 0.278 0.25 0.263 0.27 0.279 0.28 0.282 0.282 0.27 0.287 0.293 0.317 0.324 0.303 0.304 0.307 0.324 0.319 0.334 0.353 0.346 0.402 0.362 0.374 0.357 0.347 0.354 0.397 0.406 0.437 0.434 0.423 0.436 0.438 0.485 0.49 0.538 0.492 0.466 0.476 0.493 0.534 0.539 0.535 0.525 0.536 0.521 0.532 0.518 0.535 0.534 0.516 0.494 0.448 0.493
0.266 0.25 0.217 0.209 0.213 0.237 0.211 0.196 -0.3 -0.3 -9999 -0.3 -0.3 -0.3 0.188 0.222 0.228 0.208 0.221 0.209 0.214 0.247 0.252 0.258 0.236 0.241 0.271 0.266 0.269 0.28 0.286 0.247 0.306 0.256 0.237 0.252 0.288 0.342 0.321 0.346 0.379 0.389 0.382 0.34 0.381 0.448 0.449 0.412 0.463 0.465 0.436 0.43 0.452 0.46 0.484 0.503 0.515 0.484 0.549 0.502 0.47 0.516 0.533 0.506 0.508 0.546 0.549 0.549 0.584 0.594 0.525 0.553 0.567 0.483 0.541 0.515 0.413
0.243 0.231 0.211 0.186 0.208 0.214 0.193 0.18 -0.3 -0.3 -0.3 -0.3 -0.3 0.177 0.229 0.247 0.209 0.199 0.228 0.215 0.207 0.257 0.235 0.252 0.245 0.244 0.238 0.24 0.301 0.286 0.256 0.255 0.251 0.268 0.295 0.286 0.3 0.303 0.306 0.375 0.358 0.36 0.346 0.407 0.451 0.43 0.447 0.445 0.429 0.398 0.408 0.424 0.419 0.445 0.479 0.495 0.509 0.5 0.515 0.538 0.525 0.537 0.566 0.539 0.529 0.505 0.542 0.573 0.551 0.514 0.518 0.511 0.515 0.433 0.426 0.453 0.471
0.219 0.204 0.203 0.214 0.21 0.181 0.186 0.217 0.251 -0.3 -0.3 -0.3 0.188 0.239 0.241 0.251 0.212 0.173 0.224 0.203 0.238 0.235 0.239 0.266 0.265 0.26 0.271 0.376 0.239 0.249 0.262 0.306 0.315 0.319 0.324 0.317 0.309 0.314 0.383 0.376 0.375 0.381 0.398 0.394 0.405 0.426 0.433 0.451 0.399 0.426 0.448 0.45 0.483 0.478 0.485 0.512 0.494 0.487 0.487 0.522 0.531 0.518 0.528 0.494 0.51 0.504 0.515 0.545 0.563 0.516 0.51 0.447 0.415 0.392 0.394 0.414 0.438
0.203 0.186 0.186 0.203 0.205 0.228 0.22 0.228 0.215 0.218 -0.3 -0.3 0.211 0.242 0.211 0.242 0.205 0.182 0.226 0.213 0.24 0.207 0.202 0.255 0.273 0.264 0.267 0.408 0.274 0.312 0.332 0.329 0.345 0.31 0.276 0.283 0.303 0.299 0.373 0.384 0.375 0.385 0.363 0.399 0.404 0.399 0.425 0.439 0.476 0.482 0.489 0.492 0.5 0.522 0.538 0.497 0.48 0.521 0.473 0.513 0.556 0.561 0.526 0.531 0.539 0.54 0.493 0.476 0.502 0.49 0.463 0.417 0.404 0.388 0.408 0.391 0.399
0.179 0.184 0.184 0.208 0.237 0.219 0.206 0.183 0.224 0.226 0.189 0.202 0.239 0.228 0.216 0.238 0.239 0.191 0.204 0.228 0.263 0.271 0.259 0.264 0.248 0.252 0.264 0.315 0.272 0.283 0.3 0.297 0.307 0.313 0.323 0.261 0.3 0.324 0.344 0.342 0.356 0.37 0.386 0.455 0.463 0.44 0.436 0.467 0.499 0.513 0.513 0.502 0.503 0.452 0.525 0.52 0.528 0.536 0.51 0.473 0.523 0.52 0.517 0.53 0.519 0.548 0.54 0.534 0.426 0.415 0.452 0.418 0.403 0.395 0.406 0.395 0.378
0.201 0.219 0.236 0.259 0.225 0.21 0.214 0.22 0.254 0.235 0.248 0.237 0.227 0.263 0.251 0.248 0.243 0.234 0.23 0.217 0.193 0.226 0.213 0.222 0.239 0.212 0.245 0.254 0.317 0.299 0.263 0.263 0.283 0.302 0.295 0.288 0.318 0.36 0.42 0.351 0.393 0.357 0.381 0.451 0.418 0.394 0.446 0.423 0.464 0.5 0.51 0.516 0.461 0.534 0.529 0.536 0.541 0.547 0.484 0.493 0.476 0.491 0.542 0.475 0.503 0.512 0.48 0.512 0.482 0.406 0.389 0.38 0.421 0.419 0.413 0.392 0.386
0.23 0.246 0.248 0.245 0.238 0.233 0.219 0.227 0.259 0.247 0.241 0.239 0.209 0.231 0.25 0.24 0.242 0.231 0.228 0.222 0.214 0.218 0.226 0.206 0.246 0.228 0.235 0.284 0.315 0.324 0.317 0.277 0.296 0.321 0.31 0.326 0.336 0.335 0.425 0.419 0.385 0.379 0.401 0.423 0.45 0.44 0.429 0.426 0.501 0.502 0.496 0.461 0.468 0.527 0.545 0.536 0.514 0.542 0.544 0.54 0.543 0.481 0.53 0.525 0.503 0.481 0.5 0.501 0.468 0.45 0.41 0.375 0.412 0.399 0.382 0.389 0.404
0.233 0.22 0.244 0.204 0.182 0.175 0.193 0.212 0.223 0.228 0.222 0.216 0.207 0.212 0.236 0.212 0.22 0.244 0.229 0.228 0.213 0.212 0.217 0.208 0.217 0.255 0.276 0.285 0.274 0.29 0.329 0.331 0.324 0.384 0.471 0.549 0.539 0.54 0.549 0.548 0.467 0.388 0.423 0.449 0.478 0.438 0.457 0.457 0.505 0.51 0.504 0.475 0.496 0.54 0.536 0.519 0.494 0.495 0.527 0.507 0.518 0.497 0.467 0.483 0.459 0.439 0.453 0.495 0.436 0.427 0.392 0.384 0.399 0.391 0.398 0.399 0.415
0.223 0.211 0.192 0.173 0.142 0.176 0.21 0.204 0.228 0.218 0.233 0.236 0.267 0.229 0.253 0.241 0.216 0.224 0.233 0.226 0.207 0.231 0.233 0.268 0.277 0.272 0.293 0.309 0.294 0.322 0.315 0.295 0.324 0.358 0.631 0.605 0.62 0.586 0.548 0.454 0.421 0.477 0.437 0.445 0.46 0.458 0.485 0.512 0.516 0.522 0.489 0.514 0.521 0.541 0.563 0.551 0.553 0.483 0.523 0.511 0.542 0.552 0.446 0.39 0.373 0.385 0.408 0.493 0.428 0.425 0.415 0.422 0.442 0.396 0.379 0.374 0.371
0.204 0.196 0.198 0.163 0.18 0.2 0.197 0.215 0.218 0.217 0.222 0.232 0.245 0.224 0.238 0.239 -9999 -9999 -9999 -9999 -9999 -9999 -9999 0.261 0.27 0.255 0.273 0.316 0.284 0.375 0.32 0.312 0.306 0.436 0.477 0.472 0.455 0.496 0.403 0.416 0.416 0.41 0.441 0.47 0.49 0.465 0.485 0.517 0.498 0.521 0.506 0.539 0.527 0.529 0.534 0.536 0.505 0.519 0.524 0.503 0.524 0.549 0.486 0.512 0.458 0.389 0.463 0.477 0.412 0.441 0.423 0.378 0.39 0.369 0.375 0.369 0.372
0.178 0.182 0.175 0.226 0.221 0.208 0.214 0.216 0.22 0.248 0.236 0.24 0.243 0.212 -0.3 -9999 -9999 -9999 -9999 -9999 -9999 -9999 -9999 -9999 -9999 0.281 0.285 0.301 0.322 0.272 0.284 0.292 0.29 0.373 0.388 0.388 0.359 0.347 0.415 0.443 0.442 0.425 0.44 0.479 0.509 0.485 0.518 0.509 0.554 0.552 0.548 0.499 0.533 0.532 0.548 0.551 0.528 0.538 0.525 0.499 0.545 0.565 0.553 0.471 0.4 0.373 0.332 0.382 0.366 0.353 0.366 0.389 0.403 0.391 0.411 0.403 0.425
-9999 -9999 -9999 -9999 -9999 -9999 -9999 -9999 -9999 -9999 0.234 0.225 0.221 -0.3 -9999 -9999 -9999 -9999 -9999 -9999 -9999 -9999 -9999 -9999 -9999 -9999 0.305 0.275 0.279 0.269 0.294 0.301 0.3 0.391 0.39 0.382 0.402 0.413 0.445 0.421 0.467 0.45 0.448 0.501 0.486 0.47 0.524 0.524 0.525 0.517 0.536 0.489 0.516 0.557 0.581 0.556 0.535 0.532 0.505 0.537 0.568 0.526 0.526 0.433 0.459 0.42 0.369 0.351 0.36 0.365 0.371 0.403 0.38 0.389 0.413 0.407 0.409
-9999 -9999 -9999 -9999 -9999 -9999 -9999 -9999 -9999 -9999 -9999 0.222 0.209 -9999 -9999 -9999 -9999 -9999 -9999 -9999 -9999 -9999 -9999 -9999 -9999 -9999 -9999 -9999 -9999 0.324 0.37 0.306 0.333 0.394 0.381 0.387 0.399 0.415 0.473 0.425 0.454 0.463 0.443 0.477 0.485 0.546 0.501 0.512 0.523 0.537 0.5 0.495 0.513 0.534 0.513 0.516 0.527 0.543 0.448 0.461 0.509 0.477 0.446 0.403 0.364 0.363 0.358 0.359 0.385 0.365 0.373 0.365 0.402 0.394 0.4 0.411 0.394
-9999 -9999 -9999 -9999 -9999 -9999 -9999 -9999 -9999 -9999 -9999 -9999 -9999 -9999 -9999 -9999 -9999 -9999 -9999 -9999 -9999 -9999 -9999 -9999 -9999 -9999 -9999 -9999 -9999 -9999 0.384 0.371 0.404 0.391 0.405 0.446 0.461 0.541 0.454 0.481 0.452 0.497 0.484 0.476 0.514 0.517 0.516 0.516 0.553 0.548 0.516 0.512 0.547 0.503 0.503 0.532 0.555 0.559 0.465 0.472 0.472 0.488 0.464 0.413 0.38 0.37 0.348 0.378 0.384 0.374 0.406 0.406 0.317 0.362 0.38 0.418 0.402
-9999 -9999 -9999 -9999 -9999 -9999 -9999 -9999 -9999 -9999 -9999 -9999 -9999 -9999 -9999 -9999 -9999 -9999 -9999 -9999 -9999 -9999 -9999 -9999 -9999 -9999 -9999 -9999 -9999 -9999 -9999 0.365 0.423 0.38 0.397 0.425 0.433 0.444 0.453 0.469 0.441 0.48 0.505 0.506 0.504 0.505 0.512 0.502 0.548 0.55 0.532 0.442 0.49 0.469 0.515 0.54 0.499 0.546 0.468 0.451 0.44 0.435 0.465 0.396 0.438 0.386 0.378 0.329 0.383 0.395 0.414 0.353 0.363 0.364 0.388 0.403 0.411
-9999 -9999 -9999 -9999 -9999 -9999 -9999 -9999 -9999 -9999 -9999 -9999 -9999 -9999 -9999 -9999 -9999 -9999 -9999 -9999 -9999 -9999 -9999 -9999 -9999 -9999 -9999 -9999 -9999 -9999 -9999 -9999 0.365 0.4 0.388 0.432 0.447 0.445 0.429 0.433 0.43 0.471 0.497 0.381 0.395 0.458 0.526 0.54 0.55 0.503 0.462 0.425 0.432 0.546 0.505 0.491 0.556 0.516 0.48 0.447 0.499 0.421 0.366 0.4 0.397 0.396 0.409 0.38 0.413 0.407 0.386 0.347 0.321 0.331 0.38 0.343 0.358
